1687 1281
28 2487
1301 311
1039 1186
470 1838
118 786
1538 845
1393 1114
1001 48
2274 710
94 1672
1759 2182
2809 2367
2812 694
1975 1337
844 226
1415 1374
972 207
1267 676
2420 1965
1401 2577
1355 712
998 1806
1574 2334
2878 1335
2684 2811
722 1182
497 183
1470 1256
1557 2681
1781 135
2961 2486
2380 2351
533 2154
809 244
2136 2486
654 1672
2757 2202
2069 627
223 2890
41 1523
1929 396
1014 1379
1589 1770
287 831
2062 1339
250 461
2035 1252
1834 1999
1811 331
2553 2645
1152 2092
1864 2776
1146 76
1316 2457
1825 2323
2351 2136
69 279
848 1497
797 811
1615 2976
995 2470
1649 1029
2969 1088
2021 1291
1266 1135
145 1250
1775 2744
2892 508
612 298
168 2821
1246 108
1963 827
1612 1462
1635 1685
2439 68
1739 1840
1312 1207
855 332
2508 2070
2288 2486
1038 2499
236 103
2713 944
317 2521
2432 2575
1596 441
109 1577
1914 2815
1354 230
2275 499
1951 2467
359 747
2456 858
526 2823
1714 1915
2424 1677
1179 320
1454 1975
1859 2575
2384 882
1242 448
532 2650
736 2174
1487 770
1747 419
1068 2143
464 2627
271 1972
73 467
2860 2056
2103 1762
2392 1203
1084 2981
1651 1304
272 1049
2737 2716
159 2409
2068 429
475 2648
2600 917
2858 1880
930 2742
182 1777
2326 1183
2293 117
811 973
2590 1160
2885 2229
2375 141
775 2845
2949 979
2491 994
2328 454
1800 84
2434 1338
1911 2246
917 2059
1146 1002
878 527
1880 449
2242 1949
1081 840
595 591
2091 1302
1735 2803
2727 1266
141 2328
2267 177
2908 595
1029 749
106 1512
2360 1641
206 1886
2662 968
1907 1971
1003 1726
818 2991
1385 2111
819 2725
165 2891
735 2892
2078 755
1404 260
1797 2117
174 1875
1733 626
1351 927
2137 2753
1787 438
2924 517
1978 1273
1337 1281
2474 799
1431 1460
1361 2150
1328 439
1028 2868
2239 508
255 355
2676 568
522 811
238 409
1212 1546
2196 2459
454 782
1247 2827
1974 243
23 2879
198 1336
1536 1445
2513 828
552 1287
2930 1022
1736 808
2497 282
1733 1097
2899 2391
891 1388
2741 781
381 458
1748 2660
971 2120
420 1175
328 2787
2842 496
1238 468
1712 1989
337 1391
1910 56
277 2005
863 1484
1852 2290
2551 1627
2120 1089
1822 244
561 1995
793 1578
84 1550
2222 1824
817 2898
2618 2249
1615 2239
938 436
2374 2330
1522 628
984 2542
2732 2157
525 2887
1176 2186
1817 1595
780 2372
1324 2593
2369 1573
1047 2019
2947 1075
2750 615
1682 216
2830 424
1145 349
187 173
251 1063
318 2055
2941 1874
2027 1998
1643 1169
507 749
803 2856
26 1929
1744 1553
2030 2305
2604 274
1666 1207
1478 2752
2199 797
683 1101
1182 387
1148 1804
268 541
836 1973
986 2984
653 2668
1952 1349
206 1652
582 54
2162 1489
2399 2598
1847 1491
1794 741
890 2383
30 1633
2796 855
1849 904
675 2433
1173 1162
888 1197
1208 2147
2472 119
2550 2854
1881 2037
965 1941
1203 2139
213 2404
1216 386
1938 2614
2841 583
2623 2952
111 2055
145 2121
1395 80
2173 2075
202 307
1831 1019
2753 1382
48 1203
624 1406
146 2618
206 1297
788 1321
1674 1225
1005 2014
1129 1261
214 1549
512 473
1265 2866
2111 870
2936 1076
176 2493
227 803
1348 20
1994 2394
2777 2955
2931 1792
2697 2840
336 16
2185 238
608 1144
2516 1700
1912 1982
700 2442
2702 542
1621 2239
1010 545
1350 2294
2457 1728
1628 1310
2144 1102
333 216
2569 307
1094 1116
253 1420
2 628
1542 2976
1007 1978
1984 1694
1134 1981
940 1594
2143 2391
2103 342
2631 2938
2645 949
1919 2040
1966 587
1002 2418
1875 144
962 1232
2136 2603
2640 1927
1565 1891
2918 713
490 1633
1667 1479
2486 1905
2538 577
1804 352
1543 1389
2379 1719
784 150
2217 477
395 52
987 2491
2138 2529
2203 2032
383 2492
119 1181
757 2942
450 531
798 562
1489 1000
1979 1218
2652 681
83 2340
270 1881
2018 1403
1667 1832
629 914
342 2471
1320 2411
1396 1575
68 1910
472 273
1976 1805
1636 2504
139 100
2096 995
2220 902
1763 2862
1190 82
2131 2616
1907 1549
1034 1608
1931 353
479 832
1321 954
1118 244
690 1033
1326 4
2643 1634
1972 1964
335 2280
1049 348
2330 2705
1621 2356
1292 1676
238 1640
2125 1326
2393 177
2561 99
2219 1699
129 1874
877 1379
2054 1738
138 2649
2226 1632
319 2131
597 411
902 258
2257 2614
1142 2701
1170 532
930 1355
2965 499
2164 7
2428 2086
510 1692
388 2270
2405 463
1131 2900
2155 1964
2113 661
2975 2577
1698 2559
2003 551
260 2755
2130 2622
372 1704
2412 2168
2095 383
2695 2750
2312 1070
1756 590
1341 788
2971 2438
2222 691
2499 2211
2187 1779
1234 1666
577 1154
1638 2743
2185 2882
2190 540
412 939
1647 1393
1159 1456
2415 1194
2559 422
2520 1422
786 2845
985 1995
2122 1851
1503 1423
2678 2966
1507 1010
1646 592
1920 2967
243 864
1788 977
528 90
2289 1682
97 1864
1934 2807
1967 433
2838 1911
134 1936
1397 2722
1091 2985
1571 1023
1932 828
54 837
2230 2283
328 875
877 192
1130 971
1156 1880
2459 1936
1953 2852
722 2257
1612 2198
484 2886
2356 1048
1970 1175
478 127
1810 2076
1947 2007
1992 2839
1236 1473
2752 2822
2365 1776
67 1484
1019 1137
868 1599
1867 2903
910 1580
385 590
76 638
521 1336
1572 798
198 524
313 1085
989 996
939 1284
1909 2549
2765 2564
1029 2762
2283 770
1241 385
2182 2626
147 391
1302 860
74 1479
2091 820
1562 1797
1719 827
2815 249
1443 1180
1919 247
1205 1905
2332 604
1595 1235
1730 1347
1702 1791
2715 1437
1030 134
1468 1182
2590 910
1980 1388
716 2364
1281 1835
647 2339
2126 1636
237 2549
1085 28
72 456
845 360
2605 2348
840 1559
2633 537
604 2455
2503 886
1972 1385
826 1868
2 2497
2716 2401
2707 550
2697 928
2511 2728
51 1221
2251 399
442 2830
677 1887
2712 1813
2435 2673
1134 2691
1585 1374
991 999
1669 2420
215 2507
1801 1931
1143 1559
684 2609
1000 2887
1805 2353
2913 1311
1229 1003
2646 1471
2319 1789
671 1138
271 774
1363 896
2037 723
87 836
509 1931
2696 935
1427 2085
1128 2203
2936 377
1055 2772
2276 876
2938 856
135 797
489 2176
232 364
527 2750
32 1778
2139 1550
1676 2060
1798 1178
2638 2545
2904 1469
1383 3
1916 2457
2891 1106
1388 1947
656 2268
2746 644
2220 2649
757 491
2051 1306
172 1182
1546 193
2954 904
915 28
1334 1468
1493 715
2981 2255
1143 89
991 2060
976 368
1315 2281
2406 749
1887 574
1218 1466
552 22
1308 2530
2770 1349
1497 919
2092 106
1181 2903
2908 503
2030 1533
2586 715
2463 756
1908 1008
269 1439
1974 576
1074 691
1907 1371
2259 2438
2732 2403
1600 1264
236 232
1640 2375
2190 2720
2023 1962
715 1678
2613 2315
284 2323
747 1575
984 1194
2613 346
418 2637
2367 427
1251 342
2365 1967
1703 1407
1491 2793
935 1299
813 1503
1018 1069
2596 664
2264 2846
270 937
2429 269
248 607
2758 2422
1147 262
244 1885
1505 2984
986 1323
2690 1018
796 1663
695 752
1894 2385
2850 1201
1190 2599
1160 973
1895 618
1492 2938
555 1859
2442 2526
1244 551
308 2335
2943 1954
1916 1134
1061 855
2215 42
2991 390
2650 2729
1014 262
356 458
845 1985
200 2365
2995 279
461 1843
1241 1987
1308 2098
2484 650
125 809
1319 2625
637 834
1744 1934
80 1429
1813 1863
2880 2713
203 71
1216 2637
427 1391
2847 677
1705 609
404 784
2962 2103
658 518
1602 2106
1800 103
1624 959
224 455
1590 1011
1953 2533
464 896
228 2899
1024 1736
64 1679
2812 829
98 1064
2373 1443
788 2397
1428 2901
1664 1327
459 156
890 1070
1350 54
960 2225
948 979
1326 471
590 2395
242 2459
1346 780
2209 2349
1988 1887
700 1138
1034 961
1891 1021
299 503
2731 2487
1851 315
1951 210
2445 20
169 2404
582 2514
2451 1255
2346 70
1183 37
1613 1759
1343 2337
904 2577
1521 584
2221 1416
1307 174
633 2419
2567 1572
1262 172
1355 63
1890 2043
1288 2373
1239 586
2132 1337
392 2492
1478 430
1172 2518
2630 1343
234 2367
1662 1764
2922 1420
1841 1618
2428 2188
247 634
511 306
1114 1321
1639 657
1632 1639
1692 98
1157 2088
180 1896
1451 1993
2468 2005
305 1677
2192 1685
102 813
868 376
1817 469
2694 254
2351 2659
2363 2346
407 2243
1226 2529
2981 982
1609 1212
2473 1449
1066 1824
1091 2178
2641 599
822 1053
1309 2959
206 2356
1384 49
1695 789
1053 2236
1348 125
213 504
456 74
542 1502
156 2703
601 92
1062 1568
1998 15
2314 741
2694 1257
1207 212
1037 2778
945 2319
2322 290
1239 2964
2572 1852
737 2947
1851 2415
2463 1186
1872 982
704 4
1921 2063
2198 1385
1381 1201
2690 1839
1424 2094
802 2918
2140 64
2740 2121
2981 2312
2045 119
2695 1217
2442 657
998 1995
1962 1631
586 1932
2286 1948
165 225
2822 1320
2938 1930
1434 2851
1099 2675
2617 2702
2255 1358
2666 1710
286 788
130 491
983 1276
2628 413
1193 43
2533 2073
1499 2225
2016 272
1957 1834
2424 2681
2101 1251
1165 2474
1739 1834
474 776
2944 1279
2658 1001
2377 906
17 1394
1042 746
1743 930
1573 1471
1015 866
145 1293
422 55
2711 1550
1062 766
888 2347
2322 1690
2803 2215
220 789
1323 1104
482 2681
2692 1050
2368 274
1046 1009
246 2714
1202 2850
1490 1184
689 479
2857 2798
2564 846
1702 2749
2254 2702
1653 1207
1862 1493
2225 97
809 2088
97 1779
1020 199
714 1101
919 220
2798 1752
36 856
1426 1255
2623 2579
1501 2200
1480 1350
2812 1434
1675 30
2578 1436
1305 2544
1549 2760
1143 2131
1260 2427
2764 1622
940 1425
2593 2439
2706 1553
1592 2877
1010 1235
1583 2363
422 394
1150 2674
2291 530
2939 1602
453 2542
111 420
1499 2438
1450 1470
1845 1540
1217 1548
362 2858
88 823
2254 2089
354 1237
2816 312
141 2390
1361 1487
195 1694
176 2135
1666 1859
75 1049
2853 637
424 1071
2204 836
2706 379
1607 1203
1231 474
2760 2128
2726 940
2005 2956
2006 2594
109 973
889 405
1938 2221
415 1279
2092 1607
1735 2616
2503 1150
201 1480
2386 1530
14 187
649 1288
985 1414
301 36
2063 1333
2734 1390
2729 1758
698 1398
1434 29
896 2429
2324 1269
2333 1354
1525 864
1280 2237
575 1059
1161 1211
2646 993
483 1279
2266 1747
2203 729
2268 2201
1560 2334
2813 1311
418 2460
1033 518
2672 608
467 2405
2674 1270
1658 237
2844 1044
2137 1230
1627 2900
1941 2137
690 1628
2159 2235
974 2939
2393 2203
2424 2082
2349 561
952 1780
649 1394
847 1980
2103 380
2293 2314
273 1042
1048 657
2561 1036
1806 808
2151 1551
1394 922
2084 1428
466 1117
1626 1288
2889 1756
526 832
1537 1801
1518 1926
2808 243
285 388
2763 383
966 1180
1088 646
2893 1553
45 1619
80 1174
334 2647
252 2241
955 1147
660 868
1200 2897
2405 2992
1671 320
117 341
1112 2882
537 355
872 1035
749 1326
1231 2656
1807 282
1603 1954
189 2827
1027 310
1436 1511
2742 1298
1866 122
2657 1566
883 1749
1919 1532
2096 2453
306 1397
2463 2203
48 954
2139 2821
930 491
1147 1625
662 2336
1112 2105
948 2522
2760 1688
741 181
2289 2031
1991 213
207 1428
1749 2777
845 2991
2875 104
2474 370
2632 2679
675 2477
748 52
2263 1132
1968 1882
2128 1845
157 2041
2636 377
1653 2953
1147 15
2822 259
1587 1879
2869 2340
72 186
2647 103
1743 1715
1338 2262
457 2146
1506 1181
205 1877
447 11
2550 2795
2132 2405
1428 87
1418 521
2974 2525
595 788
381 1988
787 408
307 1920
1025 166
2442 2379
2571 2251
1930 1447
519 1954
1914 1610
2038 415
264 431
1314 891
1075 581
601 2233
1037 134
818 707
2903 2774
1276 274
1028 2670
2981 1848
391 980
1632 2179
1625 665
2592 2121
2194 742
2129 699
481 2052
2246 823
519 503
1764 2742
1917 2870
1670 1918
2205 217
522 2157
566 559
2520 1171
1994 876
715 1858
1746 2691
1640 2149
2913 1750
1179 682
853 1135
170 845
306 2601
1369 2179
904 808
1155 1296
1213 442
2906 1509
1062 2824
1550 57
1934 2349
2457 2291
2417 602
1940 721
2178 1012
1218 2729
945 723
90 681
2296 1759
10 2860
2964 1449
1790 1500
2393 2731
336 2351
2727 1525
394 1512
2272 1509
1791 2098
235 1522
303 27
259 2581
1769 1275
760 261
323 79
383 2390
2237 878
517 2869
1723 1968
1735 2978
1561 1382
1037 665
2489 906
244 2063
2063 388
371 1879
1358 661
1774 1462
2244 548
2094 2169
16 1539
881 448
2060 1885
669 1487
501 2358
2552 2185
1871 1071
940 1026
2534 1428
886 2375
695 252
2869 2836
2037 621
2871 2042
935 1729
719 914
110 2521
67 123
2525 876
1498 20
809 2779
603 2054
2600 2685
1344 937
2774 1274
2754 2474
2634 1766
2662 2173
703 1205
436 1981
654 1541
2208 829
25 2380
201 426
490 983
1199 2047
1554 2891
1379 2452
2950 2724
1918 829
2676 1128
2651 450
1403 2151
480 400
2320 2714
1631 139
1621 1565
700 1958
2972 1250
2639 401
2121 2450
1457 766
333 1827
763 1136
2623 169
2929 64
1909 146
2230 2461
656 2195
321 1143
245 0
957 2424
1168 1644
1975 2816
51 2181
2376 1236
2884 266
275 946
837 1765
704 652
421 775
2526 1790
1252 2524
583 414
499 1132
861 2999
1538 1515
2626 329
987 2590
102 128
731 994
2034 1232
553 1739
2321 1898
2639 677
1822 1438
1710 2371
631 1253
46 1626
1241 481
1202 440
2182 1547
1546 1623
2522 2272
1266 1632
2979 1066
296 389
791 1079
2363 2080
903 2168
326 2137
160 504
1204 2608
114 647
2854 2935
2874 2554
2912 843
1346 656
417 2535
833 1803
2705 525
2997 873
2141 2946
131 759
2694 61
585 1601
2607 2124
228 2264
741 234
979 32
793 1273
1572 509
2641 1712
1676 1994
1533 2737
1082 2845
1956 1266
805 1050
1927 669
1652 2875
2389 255
1196 601
2710 1529
2700 2297
2011 486
1180 1366
370 1594
1004 2414
1376 1611
833 1548
863 624
2074 2450
239 370
337 1049
1337 1138
2604 719
2302 993
2179 1171
1918 2030
837 903
404 2168
707 67
158 2888
1862 1322
1923 2657
1604 2651
2901 2575
237 950
439 1809
2052 1753
640 965
1001 1887
2476 687
2579 2684
995 821
434 2655
2867 1370
1691 115
513 1821
1301 2876
2941 2781
241 2643
867 891
2526 2966
262 796
778 2415
207 2026
2844 2399
963 1686
2478 127
986 316
321 27
284 2490
2784 275
2238 1318
791 2448
1178 2924
1756 2055
1133 2921
2435 1868
2457 1239
2967 911
1483 69
2572 428
2871 1953
1666 1265
663 2053
92 2329
2354 164
863 1199
1777 407
2062 2682
2254 1609
2706 2604
2925 1811
262 2934
812 860
1768 2268
2615 2153
2340 1104
1692 1061
2403 1278
1757 1981
1560 2115
507 1851
1995 1827
1280 1180
1951 678
2581 2152
1806 350
1954 414
2028 2767
676 641
288 2459
240 43
799 953
2974 1765
1819 2425
616 488
217 1199
1258 2467
2848 2738
1260 25
397 584
2595 1070
1516 1904
2958 2910
2817 1411
2723 1866
1140 1815
57 152
610 458
2457 1893
1312 896
2814 562
2171 440
1899 1073
1843 1617
1955 1082
446 957
308 950
2512 2271
1829 1007
648 1974
966 2602
582 1302
2487 1138
793 831
17 2466
2733 508
1232 1295
1801 2187
986 128
1207 76
2977 1619
2884 807
284 2229
1127 1086
1012 2509
2022 941
1178 1733
1372 874
1006 526
2167 2636
1610 2240
1462 2956
1292 2979
1480 850
2155 932
1368 662
2489 519
1348 1956
991 1246
1732 2915
2062 2739
2031 1810
2905 1368
1433 2583
1800 2272
1170 2374
192 1257
872 1418
302 2081
2772 75
2442 1930
2658 1452
1560 396
2770 1663
2001 1277
331 520
1656 1535
1343 1611
1201 2854
1066 1122
2980 588
1332 2383
2879 699
2838 1547
2817 1519
529 2336
2523 774
410 2529
1161 2276
121 2732
494 367
1097 1841
1646 484
2330 739
1532 1524
2202 2575
580 2126
2914 2133
915 274
2884 1178
1610 2159
691 599
2866 1026
2730 2826
809 453
2263 2784
2850 2727
1633 1131
155 2677
1475 133
928 989
973 2034
533 2714
2960 2643
2272 2665
1079 1820
1349 2567
1813 1347
2747 1981
361 2667
2907 2553
2846 997
1193 2698
255 314
244 487
2408 1320
2079 221
31 886
786 860
1561 2349
722 172
1153 405
2940 1145
2060 1505
1234 2984
1040 2672
2156 2829
507 2025
320 2163
1111 634
2444 431
2619 1189
2143 2481
1997 1136
31 751
1435 2935
302 352
488 1336
2182 2298
1516 67
2979 953
605 2364
944 77
1521 486
1281 1582
22 46
1271 239
2216 241
203 380
1137 1115
938 2617
2408 69
2006 848
1856 690
2533 2398
2960 1046
1626 1155
2355 2380
1690 2661
342 1114
1817 128
1159 787
2667 1780
1901 625
262 442
1698 1580
2228 1100
1924 1756
711 1985
139 2191
2677 1289
1430 1719
843 699
1390 2139
1358 2465
116 1296
2516 676
1742 444
945 538
380 1392
1830 2096
937 479
2379 125
2109 183
2197 494
2815 2842
2619 1911
2424 2521
450 2956
1867 1470
849 1765
1216 973
695 239
872 2743
2088 717
418 330
694 2034
228 232
1515 649
2198 2945
1525 1243
2648 480
2731 2444
2955 2264
228 1507
2741 2289
1743 564
2750 2651
1300 1156
375 1589
1241 888
395 1123
1273 1371
2918 514
104 674
1066 1360
1625 29
200 1853
704 756
1243 1408
931 1539
1616 2584
2923 2260
658 2056
1776 2599
2962 189
1803 2097
1187 2199
701 583
899 1593
612 1677
998 1855
2247 1679
2565 2492
326 722
2603 2469
2172 192
264 2454
961 1119
2511 2246
2064 2245
2570 2009
2119 2747
2981 90
2309 578
184 2003
2078 2590
2494 1155
1761 2501
2554 1018
162 1556
1577 2612
1564 1359
1938 159
270 979
66 1443
2150 2794
973 1518
2772 225
2414 2185
1533 2689
592 946
2760 2673
2445 2134
28 284
1163 571
592 1892
2063 1543
77 1947
129 225
1422 2514
2111 2546
760 2712
334 775
12 1032
458 342
2649 136
855 1563
2062 1985
984 1174
13 936
1501 914
1515 2408
1882 2132
372 81
1121 1846
2940 25
1418 247
2760 2421
2073 2145
1355 405
2517 1199
1573 1058
2313 1281
117 4
2532 829
215 84
467 1316
768 82
2989 382
2878 1228
47 1651
501 1500
1990 1303
1428 517
1282 1456
2110 2554
331 1095
1605 147
1491 505
704 116
1514 1409
501 852
1473 100
2794 231
2342 1833
2597 2504
2030 2171
1364 839
2473 1932
1543 2267
1038 2447
1521 1236
623 578
885 535
2264 2615
892 2559
1641 2701
517 2524
2859 1624
2438 59
839 2617
2023 314
890 2019
1102 6
1389 1028
2508 1371
728 92
2439 2695
430 2885
89 2835
1908 2134
773 2007
1308 478
1265 1049
1182 2978
1935 2514
325 2587
70 1405
1879 1663
614 1693
2654 2602
433 658
925 368
2612 287
1412 458
2485 123
628 2859
1862 946
1630 390
2087 2951
1773 2766
26 1312
2428 745
472 2022
1978 2370
2553 560
1274 2690
1585 2675
1511 2914
2317 1368
1733 1223
2637 2018
130 2786
892 170
2836 179
2218 1841
2708 1257
1026 1377
1992 1217
431 1528
278 1697
1810 1634
2139 440
2567 2515
820 1068
1326 2326
2740 2118
117 836
2573 902
2970 1012
2818 903
573 467
696 903
2204 41
1404 1350
1553 200
1927 680
934 1457
2591 1952
225 2604
559 2146
2850 2820
2567 2221
2753 1062
494 2356
1188 2164
1155 2208
1878 2770
371 348
2524 659
1517 1468
329 2713
1346 850
201 2751
856 470
42 1125
453 1410
2950 464
2064 535
1053 1483
1347 2248
2432 1518
893 1369
2664 1529
2276 1691
805 229
2871 1703
1786 151
1873 2732
2910 2066
1066 2807
1846 2408
1840 1662
325 1764
1012 1777
2053 591
1199 1517
2855 198
2026 2838
911 1668
2532 297
2379 49
638 2475
2106 1654
2875 514
801 1588
1099 1230
2360 777
1359 842
924 1862
478 2253
1341 1759
270 32
752 2071
1375 2644
1967 4989
209 515
2404 2389
165 2508
1716 1033
2719 1175
1170 285
2879 2430
1372 1155
196 2174
2416 1636
665 1970
2862 2756
1309 380
1695 1127
213 812
496 526
1704 1969
1699 586
207 236
1154 1457
2480 1300
936 357
1998 1427
1358 369
894 2200
751 1376
295 1374
497 950
1135 2354
384 2048
2887 1730
2881 1959
858 1912
776 1775
2959 925
2222 454
1512 2763
1394 1559
2991 2515
1411 2262
1476 141
39 255
2605 1886
2291 1719
1587 876
832 948
852 2140
1222 864
2195 156
528 2216
816 2069
2867 340
973 816
2836 2047
1646 338
1757 2253
1396 274
2204 1956
326 719
2641 44
1020 2478
737 2656
1994 248
139 646
2406 2219
2335 2923
2102 1567
2870 2807
2624 2017
130 1640
2536 1436
2035 443
2375 1771
2810 2309
1126 19
62 1431
792 429
1336 232
2772 2329
541 180
1095 2750
1257 1826
1789 1911
858 1676
1760 2391
2728 1976
1287 621
2990 675
1044 1074
797 708
2794 1511
1262 1110
1024 1876
1002 400
1351 2652
1800 511
1300 2332
1057 491
1946 1513
2140 1854
1895 425
1729 2713
921 137
2820 2505
2157 1806
2241 742
2860 560
126 1860
219 2016
385 1691
53 979
1638 2601
2087 278
53 2936
1239 2481
287 89
1474 1808
1683 1735
2409 316
1185 1417
2799 577
2793 743
1394 2056
2361 2734
315 1645
1282 2806
492 299
2205 1768
357 1051
2832 781
282 1667
1831 1818
1445 2011
1904 2168
2467 890
319 112
694 799
2275 203
1527 1845
1579 655
1317 1382
633 1277
1246 656
2209 1223
409 380
1221 448
1638 1867
2841 1916
2675 2611
2141 454
348 2744
421 2816
2973 1702
929 2805
503 2153
2817 2259
2413 2039
113 812
921 1982
885 427
1136 2816
537 2955
767 2405
2240 1731
1481 2103
799 2590
2326 392
2180 1080
2409 2631
2424 1098
1406 1378
303 1502
2374 2310
992 1718
2176 905
1621 1663
686 1704
81 203
761 2813
2136 2540
1458 865
1448 1660
1487 647
2890 2401
2453 2512
293 486
2168 1467
1607 2437
269 132
633 345
655 93
2878 2183
1158 1171
2151 2556
553 2487
2894 521
1723 2845
973 652
2849 1489
2347 1121
2855 2053
394 2269
1202 2007
400 2827
45 2143
375 1615
2595 2575
2355 703
1309 2475
184 2610
1601 2847
382 2104
752 176
2578 801
2610 2954
26 2907
1264 1993
708 947
1310 620
1579 692
2019 1507
247 693
1214 761
1161 1988
2159 788
1592 2376
71 2825
1442 237
2037 1085
2131 1513
741 1511
1707 2259
1479 921
95 923
578 1237
662 2452
515 2827
110 502
1382 760
2875 2969
2383 859
1667 2075
2950 1450
1305 1378
1637 1393
1851 750
2983 1282
2722 1797
1318 960
2847 714
2537 2557
901 184
2128 1332
2278 1560
1638 1137
2557 418
2722 940
1005 1863
2306 1164
564 717
2084 2120
1392 2949
2194 1521
1653 2566
2490 1027
1743 428
959 578
1946 235
551 1545
2396 2773
322 790
2412 99
1228 1770
641 112
2783 2892
2993 1816
157 21
1977 2228
2166 1941
641 1150
1125 2253
581 1928
2703 2955
2249 2724
639 860
146 710
2765 1691
1065 1416
2345 1893
570 697
430 1036
179 27
1757 2493
1632 1919
2414 2664
2587 1336
1451 1052
2480 2536
1576 2644
2903 2547
1754 2306
1211 366
1104 1606
2247 2963
2407 1372
1592 1556
1343 183
430 2818
955 1270
52 417
262 1217
2214 1145
1776 1815
818 1916
1793 1264
344 2919
1868 706
1547 1039
1580 370
81 2305
2637 57
975 1533
2185 2817
470 2760
2179 178
2674 1109
1464 1749
1952 1800
1457 2796
1663 1191
2093 1996
1808 1932
828 1064
144 643
414 411
2780 133
2769 489
1379 471
1178 1091
79 1050
1610 2422
1581 1239
882 2327
2757 2151
1666 2613
2659 652
1322 2962
11 2504
972 1831
1900 512
2160 2012
691 1148
215 2313
2408 1438
852 939
1829 1140
2484 334
1379 588
422 387
1039 1955
1542 2183
1090 1377
2219 497
2646 453
1976 165
1452 1601
1056 2961
250 2002
1786 2347
2113 1054
2260 1821
2813 2953
2572 1822
2830 966
778 1622
1436 2767
2921 2622
687 10
2092 842
2244 616
1133 2548
1955 2906
1361 1198
965 1146
2943 1660
2804 2531
1695 1420
1266 1230
1127 154
1779 2355
1353 556
1295 2432
336 2654
1303 873
561 1459
2681 1164
1711 2834
2135 839
1326 2953
1569 2521
2001 1464
1555 785
1727 1964
2761 695
56 2310
1246 982
1854 2335
1244 250
1999 2387
1086 771
182 2304
2626 1902
1345 961
2050 1757
813 2987
2865 2314
237 1067
1098 2797
410 377
196 2519
1636 1742
2099 803
1855 846
536 848
2889 2017
2520 1541
2439 2060
2994 2122
343 2318
609 2614
1657 2986
913 1690
2527 1593
1711 1858
91 2648
457 203
623 1925
197 982
71 1218
2582 1919
1883 900
2208 2514
2080 1571
629 195
1655 1133
1560 1200
2909 2937
22 997
2121 813
52 1364
741 309
2292 2343
420 2153
761 1899
2017 961
1042 1659
2744 15
1820 438
1358 185
2823 2854
2874 282
2394 1662
127 821
1611 2999
906 2045
2191 2735
1254 1147
2503 574
2847 1820
2323 382
35 486
2920 1535
1452 40
1350 1621
19 1228
2117 2671
1270 113
397 2316
2122 241
2124 2179
548 1803
1577 1047
249 494
2240 1109
413 476
1791 2764
1576 1366
269 352
989 2457
2266 2515
2556 2085
2290 2633
1959 406
1531 1526
1114 2897
2277 1070
2483 2637
1209 2328
89 2507
1722 2336
961 1379
153 2640
28 2932
1676 234
1156 1336
2142 1932
1389 850
226 1697
2928 2221
1473 144
403 1226
467 1707
332 493
1090 2862
2284 1797
177 362
121 398
1588 2381
2987 549
1234 1072
2272 2847
1812 1661
2178 798
2729 2362
1734 2417
554 151
33 1063
1233 815
555 1840
2879 30
2573 1984
458 1680
54 305
1573 1834
1825 1636
585 1079
1722 1931
1562 1993
552 14
2396 2706
2173 2008
2836 557
2735 1069
2755 894
947 1562
1901 987
1400 785
2624 1126
1974 2816
2800 1112
2058 2605
47 803
1913 1336
1354 1003
1833 1445
70 1787
1495 812
1273 1328
2755 2511
1350 2964
209 495
224 2177
1888 556
1855 1551
2589 271
2977 1108
490 1365
1159 1767
1727 2818
328 225
314 511
316 977
195 2259
310 1043
2360 1065
1644 1804
1872 315
1451 1796
91 707
1980 1792
1902 114
35 819
2845 919
1070 2056
1152 2941
698 2239
640 1609
1400 2793
1163 2711
1975 2930
1882 848
2460 2739
2188 842
2052 1440
2092 60
2274 52
134 2772
2203 839
1079 2296
2238 466
353 1277
850 895
1733 2831
1536 1575
699 477
2048 2105
2797 2520
1959 1732
2027 2400
581 1002
31 2251
2341 2993
864 1411
1501 150
516 219
2325 2528
438 1558
261 167
79 563
1927 447
1376 457
1084 773
1982 1451
1267 2212
78 1409
795 228
2688 2651
2857 2064
2241 362
2213 1195
1904 404
1159 1583
82 2283
1207 921
8 1844
1538 1772
510 2471
2048 928
951 2488
2 1023
540 216
2474 2164
1691 936
931 1960
948 1612
1839 306
2423 248
1126 370
1089 410
748 83
638 1883
1204 2171
2080 1299
728 672
2389 2952
1579 1752
1230 1867
261 1197
1820 111
2309 67
110 1326
206 2128
1709 2602
2944 431
1512 2477
1399 608
755 1462
873 751
1610 201
536 1544
2252 1601
711 2668
1651 1108
1274 1763
1047 2587
1926 574
2434 125
2343 2439
382 2831
312 1320
2819 2242
2373 1196
1005 2032
1429 958
1553 1756
1739 2540
216 878
804 1255
125 392
2187 474
968 665
695 2341
2701 1691
2766 813
1814 2602
1891 281
45 2451
2970 1579
2486 1854
1757 1097
1929 2650
1303 24
941 524
141 2300
2768 2356
1685 1718
675 772
1766 251
602 1141
919 2836
218 2071
107 2439
2570 1533
2778 1138
540 1267
388 23
2765 182
2638 1856
1384 1614
2302 1472
2473 1698
2923 756
2316 1344
2446 1260
54 1423
157 2410
2524 1339
990 742
2768 428
2729 739
2650 1572
2630 842
498 1851
2965 1177
1739 9
1036 2263
83 1191
171 2047
1688 1986
1211 462
2029 1477
1181 1610
33 2353
832 2426
1216 2572
314 1260
1827 2636
2279 839
579 1302
1695 1997
155 808
1002 1012
1755 975
815 1186
2681 2805
2874 1675
2042 962
1235 33
2982 494
1635 342
609 2081
1194 736
581 295
1628 2369
2525 1115
722 2154
2949 879
1140 1244
805 1909
2436 1907
2652 622
2126 1392
1625 2676
1179 2297
173 2549
2877 1231
460 2495
2189 379
1491 2058
240 1317
1339 1607
2968 2475
2883 1563
334 843
148 1287
1006 2501
1645 2520
1059 1024
807 2606
1737 1384
51 1907
1513 80
2160 2201
2495 2337
2833 432
1023 583
1618 996
550 2436
2602 1799
2053 1300
356 2416
40 1085
1241 271
653 2448
352 435
376 424
1261 1658
595 2782
175 885
1283 2375
162 1262
2534 1315
1789 415
16 1202
2775 2376
2620 1820
2883 2451
2344 2917
610 232
1889 1484
2639 2448
2253 1495
165 217
544 1245
2301 2117
1286 775
188 1039
464 2044
1977 691
1025 151
2740 2249
2664 2775
2730 1862
2704 2451
2141 1574
2530 2984
785 770
2844 936
1097 2785
1507 136
2719 639
708 1279
1066 871
2009 1694
1242 1678
815 1441
2223 1390
2179 2664
703 2547
2365 1858
1919 510
2124 1375
2049 2355
2289 543
1267 1697
896 676
2440 2653
825 1946
2816 1539
885 959
259 1835
2748 2938
1786 1004
2363 556
2806 1663
1858 2325
178 1107
1436 2573
651 1672
424 233
113 250
1308 1485
1101 628
153 2996
1626 630
1409 2249
2024 2637
1061 656
2579 566
1299 311
50 1974
2373 1315
2268 1081
2501 424
2357 2077
2876 1464
1837 826
2154 1463
1018 1424
63 929
1572 933
2688 1144
886 370
2341 1854
2541 2993
1528 708
2288 261
1720 877
935 2181
483 1378
577 2398
442 418
2853 2796
2902 2613
2178 2205
320 861
170 611
2062 2346
1009 1092
794 993
1419 1464
1412 1120
1987 2494
1840 48
1361 2618
2082 2295
891 639
2046 2890
1364 1949
100 787
329 1863
952 661
2808 2580
2768 1545
1628 1456
294 595
491 2951
2445 1550
2792 1717
2609 1841
516 2077
2391 2541
440 652
2699 1571
1197 2528
585 2839
1932 1338
747 539
250 1261
257 1321
2755 1883
2934 1130
496 2179
887 1996
2563 1400
2774 1474
1846 1489
1189 86
915 1336
271 292
2134 1674
2712 1339
1095 2394
1900 333
964 1938
1165 904
251 1639
598 2632
277 751
2916 579
1662 602
1661 2449
2993 1962
96 2318
1649 2401
1604 1174
370 238
2605 2004
1613 2883
1064 1406
1986 2493
456 1600
2048 2985
2729 1107
2120 2656
490 1770
2616 446
2888 2745
147 2365
2813 1619
893 1297
871 1686
1941 2944
2116 37
811 2280
1012 1538
1552 164
919 1981
2869 245
1966 2772
937 172
1315 2179
2762 1212
30 2823
2949 1511
415 324
2126 1444
1737 1986
1517 170
179 1724
1951 1641
2029 563
2147 1965
965 567
574 1116
1949 2293
1798 1542
851 1259
1784 2437
1053 872
2855 1426
822 1130
10 462
714 2399
2024 1170
2970 141
330 5358
1869 333
598 1938
2009 2442
507 2381
2831 2820
893 989
1253 1382
1390 112
692 1190
546 174
690 1978
2995 1220
2887 1317
72 1181
337 2950
2021 265
2987 2662
2446 1504
712 2484
342 256
1205 2606
964 79
1805 822
1972 1237
766 639
980 904
1136 1946
301 814
2718 97
1833 1945
1797 567
324 2058
1449 27
1034 1317
1895 2255
2608 2372
2141 545
1839 2682
2110 2877
1971 439
2354 701
107 2147
2433 334
1856 2433
2712 2480
40 457
316 2185
1740 2618
2412 15
2581 1002
931 1497
2502 2115
2362 464
1603 197
1885 879
1599 1970
108 516
2835 737
2225 26
258 2074
2545 1372
1569 2843
2459 704
1852 1037
1310 1150
860 1126
2344 1916
1364 2931
96 1416
563 1426
1453 1536
796 306
2535 2449
1288 1111
1387 890
1702 2214
2909 1172
1424 73
1806 1072
2647 863
2476 2213
2353 2411
129 2389
1638 1463
1739 2747
2699 1942
442 1276
2605 1779
265 1775
119 2673
108 2417
2583 1583
320 153
602 1103
1016 2045
2136 1772
1339 1816
2178 2830
2162 768
792 948
1871 24
2159 2868
1434 1183
2855 2049
