2083 1180
2443 2066
517 187
2675 5
2586 854
1450 1638
2489 746
1875 2391
419 1199
83 2047
1414 2506
940 1989
2468 1126
549 799
911 2171
1636 2250
2441 239
1205 2047
1831 2122
647 2165
1409 2581
770 2006
709 1282
1876 399
611 794
1368 851
697 2675
1245 400
2147 2311
1267 1390
1704 698
593 1542
2089 2084
1967 755
2510 2658
582 2164
1614 559
2586 252
2642 2533
377 284
1803 1694
63 1319
1367 2356
2450 584
547 2671
2131 414
1027 318
1438 344
374 2455
1076 2273
1864 2001
2463 569
1650 2484
2272 747
1377 1702
488 740
1683 1508
2136 1824
1679 821
207 1261
2647 764
1462 1499
813 2474
505 2524
2216 2006
1577 369
2342 601
990 1886
939 414
2258 2396
1604 934
711 1376
2693 826
454 2593
588 1561
2597 2411
2584 2374
156 234
1074 1447
533 1013
2116 2059
1229 992
204 247
267 1054
2508 607
2008 1702
1008 1425
1861 408
1043 1419
26 1743
1752 1017
2007 774
2633 535
1857 2251
2182 1173
1234 541
2177 2638
306 926
1558 2190
1543 897
979 238
1480 1487
1817 427
734 305
457 1243
2219 834
1125 797
1833 2318
2655 1873
296 2617
1197 1987
2488 1707
2024 905
1221 2110
72 420
840 627
1272 856
1219 1903
1575 671
786 981
106 1091
1159 244
1028 2445
2119 2115
1321 2003
2669 397
2415 2479
87 203
440 842
1101 641
1801 2295
1148 636
71 1504
604 507
666 1087
757 410
1350 2
1267 460
1561 1313
365 1469
359 153
374 2366
2528 1431
2523 753
2530 488
1860 166
2591 1976
1942 636
689 1730
2509 1763
1777 781
2164 1902
150 320
2094 2188
2128 868
812 708
366 2348
389 645
2500 908
2057 1925
1269 2611
191 1970
92 1343
1258 1591
2662 466
2619 518
2130 2525
1517 734
1297 594
1358 1364
1065 2187
378 688
2109 1863
2551 2277
1150 482
1928 2291
681 936
1850 864
1402 2539
1720 997
129 1244
1370 1440
1943 1349
1570 1435
2500 1042
1452 2429
288 694
2693 1785
1632 1934
139 2647
2112 164
1016 1067
2295 1910
112 2353
515 2490
1648 1215
2698 789
1689 1714
806 1792
2198 2452
2450 731
1228 1339
481 1821
2596 2271
1652 1702
1106 2274
640 1112
773 665
2674 1281
2210 1400
468 2238
1926 1575
1453 524
1057 2356
1265 2597
1049 148
499 1594
29 2357
1304 872
115 1430
552 798
100 851
691 1152
2315 1093
1983 1457
1503 1838
814 2216
1811 1466
336 2238
221 2313
233 1589
1680 1529
104 1092
668 2420
2248 1866
1518 1747
2537 2270
2300 717
2214 2277
794 2291
329 723
1336 1619
1863 687
2086 2076
920 1045
1683 434
1427 383
2601 1441
1176 354
1348 2495
415 276
837 2176
1366 1058
1287 1613
807 150
1551 2019
432 946
361 1501
800 569
15 370
267 2699
1536 1194
1737 657
534 1290
1223 2640
570 2247
427 2042
1085 62
2452 2583
1781 2327
331 1401
384 366
81 487
2 651
856 212
590 1470
1724 16
475 2541
716 493
2105 951
2134 1612
1246 1411
1522 232
208 25
798 975
1501 22
1554 1552
2031 810
1711 1200
698 2547
329 2137
2527 1677
2696 490
2210 1449
1195 1256
1848 1647
289 1124
2335 520
1638 1793
2616 1482
2076 2689
1164 1706
2275 1316
907 860
2202 643
385 17
126 708
402 0
1614 2235
194 2107
2472 1890
818 308
1839 351
2502 2089
2204 526
2156 1859
1331 798
2138 1136
2656 1957
1372 1848
2587 1763
1885 2295
1038 2417
496 1449
1086 1198
518 1646
290 819
1843 1441
944 2341
239 1895
2008 771
1152 582
1338 2560
2378 1800
576 1370
107 1203
50 5
2552 1226
871 119
316 721
773 1552
712 1696
1524 2010
1192 2058
692 1883
2150 2625
2094 1352
1901 1545
1558 2486
553 93
2530 788
1446 555
686 2091
1631 1960
1195 7
1890 2537
1722 975
5 269
2156 325
1227 1751
1216 711
2018 416
594 2233
1129 2326
1594 36
211 2236
1420 396
543 2349
2215 2475
1361 349
84 1149
2082 451
1506 397
2608 2078
1316 1350
586 7
2644 1504
279 1863
1439 749
2662 1315
82 2327
2007 912
2116 1172
1336 2538
2697 413
1643 1372
248 2461
320 1745
1128 2441
1147 750
2614 618
1636 248
2247 199
2067 1423
203 981
2186 1698
2307 1946
374 310
1895 892
187 2548
957 1859
1957 1710
2308 202
1556 673
1193 616
1719 398
1772 2240
857 1257
333 2162
272 1472
641 2369
1495 105
2180 2353
2499 1577
666 1066
79 2077
1255 2439
542 614
816 2641
1695 1345
1656 565
99 2678
1823 249
209 802
1874 32
287 473
332 1001
1768 1346
106 1720
1988 2202
1627 616
281 2271
2570 2136
2219 769
1980 611
339 764
497 1980
720 2117
2187 1746
1108 1779
1575 1789
1135 354
1089 1852
1182 695
1144 1216
1139 772
691 2511
2383 160
926 55
640 1882
1012 1509
2414 2597
2673 1689
846 311
264 788
111 2540
1248 1386
2013 2120
1269 1815
1259 2282
2086 2432
2412 84
1501 735
2442 2262
940 2002
420 242
699 2466
2051 2070
1455 537
1088 2550
1478 122
1992 1929
2596 281
1705 2395
2586 102
1037 638
2413 1788
604 2129
1787 1647
191 439
1603 355
1588 1444
1943 1952
558 954
1223 1427
1251 1059
708 2075
129 1779
687 2632
646 650
2005 2197
1754 2359
1148 1549
907 1120
916 1701
1065 1641
1935 373
1396 1821
1263 921
1099 2565
2606 1207
2611 84
492 542
1741 36
1970 911
2201 1654
50 1044
1972 1516
2332 610
885 1952
764 2087
2592 534
777 2061
1871 2565
78 1291
1351 1446
1156 25
543 273
1613 856
2072 721
1316 2053
1146 1602
1217 1766
826 43
2064 2591
341 290
94 2034
1600 81
1252 2638
638 2347
1749 430
2676 2351
899 2206
480 1597
1990 2625
890 702
1437 993
372 2183
1110 2180
276 1147
2372 2160
2328 1678
1619 1498
289 1377
961 2532
1981 2107
1109 1040
76 815
2245 277
1454 2001
828 124
2332 707
2198 2298
1232 1920
1000 950
523 2268
1097 154
2325 19
1996 554
2264 1732
2663 2595
2383 1770
2632 1987
1306 1286
902 1506
1272 2152
1420 2587
2440 408
2374 509
413 2642
789 2416
1665 1566
2662 1636
1341 2425
1059 311
644 1329
2123 2296
1245 872
1403 688
2314 932
801 1018
1303 2151
1224 768
172 382
1546 340
1269 792
176 2473
696 1785
0 246
2096 470
2409 1301
2416 2476
995 1630
1583 2452
438 47
1956 1361
1086 2592
715 1173
1133 696
1651 947
2633 602
1282 1499
680 291
1674 805
1974 1496
1970 1995
1058 2076
978 701
2590 2001
1964 2270
285 2484
1881 1685
1814 704
2127 875
1855 843
2213 2328
1532 1307
80 2446
142 248
485 478
1945 2343
1278 854
1698 840
1425 2527
2657 1026
565 32
1532 1426
1175 508
1612 55
940 85
582 996
126 1850
2230 1824
948 1662
1795 1532
136 2152
936 66
2377 1179
581 2684
1978 1004
1015 115
2421 795
654 1239
2648 1794
1089 2135
2498 506
618 1840
1286 551
971 1448
862 795
773 2417
2024 107
103 1786
486 2649
407 1701
531 1207
2637 118
534 821
157 1209
371 1499
1680 1506
792 6
2 2140
1590 437
1612 515
1338 1756
17 513
2055 103
2443 2257
442 1337
783 563
1478 640
245 99
1445 1870
1563 184
300 219
517 2420
1203 1314
2200 285
245 342
1564 1854
171 13
1983 234
539 1588
2007 1421
2565 1686
787 270
1285 1023
1902 2224
2453 1989
2594 1910
715 2470
2649 1259
382 2362
607 1238
1938 1336
1679 1663
2206 639
1671 2574
954 1002
947 2190
1266 1337
1705 522
2194 124
1613 2435
792 791
2496 509
24 1484
2279 1357
1607 2573
2102 137
1503 941
2542 641
1510 1618
1744 1789
130 557
2196 1774
1218 2281
975 2346
1280 319
177 1880
1515 2280
1766 74
959 1313
260 2661
235 1755
814 1164
948 443
2321 2365
1793 445
116 1661
2626 2009
341 1747
1053 1803
1495 63
1075 900
2291 425
333 302
1768 1593
1861 1777
2251 1088
1249 2285
568 953
571 164
394 1852
1352 2553
1094 848
214 194
755 2156
1026 959
1494 2505
1424 327
1270 140
1412 1676
1286 2002
865 2513
828 456
1023 503
1890 2328
1697 1270
1004 2563
1390 2573
377 1071
1651 673
1817 2569
1978 1787
2628 60
1469 2201
1650 1648
865 1764
540 452
1147 99
2524 395
334 1684
2225 1919
851 404
1140 1818
1989 205
715 2054
1459 1188
840 519
2641 2162
1865 1783
2092 1944
1720 2197
971 2438
1130 817
1135 2212
547 688
122 237
893 612
100 1337
2692 2123
14 2359
714 2469
2176 2168
1735 577
46 430
2609 1287
2588 817
2435 1420
1572 547
2488 811
1753 829
1691 2032
858 1525
1746 1084
119 420
16 1680
2568 1819
1455 753
98 482
235 1782
931 972
2276 877
1712 1104
392 2449
2251 2358
339 173
1032 942
2638 183
505 1135
163 254
2385 1122
1504 1092
847 1630
49 262
444 2198
453 849
2310 614
1330 2459
1349 2506
285 1249
2085 1191
1476 1604
2002 2544
350 2556
604 266
1825 889
631 52
1523 990
118 2151
19 575
2348 650
1580 1166
511 498
2333 810
1209 1749
2419 1601
925 1469
208 1541
1208 1568
1252 2410
2603 470
2109 854
1896 2174
106 2473
1421 1370
1381 532
2396 1559
331 1978
1949 1110
488 1315
1898 986
1659 1213
1489 2678
1821 1632
0 2470
697 225
2050 1110
2545 1011
58 199
1303 299
161 2311
1943 1690
797 1872
1686 1513
2545 2328
836 592
2065 28
2116 796
378 1483
1436 489
1936 2227
1908 2056
1503 3
1271 1858
188 1332
1073 2377
2565 798
2556 1799
176 709
2302 574
1610 1334
957 259
339 1076
582 232
22 1589
2696 284
2010 194
1225 2540
1997 638
867 1073
1754 143
2117 314
994 2562
1589 981
584 223
2494 710
1501 602
1927 539
426 689
1530 202
109 94
1059 1949
328 483
1665 329
910 1381
2451 1275
300 539
801 784
1012 2017
194 2179
2040 1953
1230 305
933 733
1357 996
1036 579
1691 1561
1346 751
2231 1433
1129 1791
214 2491
1550 905
1813 516
934 1677
2248 319
210 1638
2663 1929
1350 2272
1486 1290
2603 135
496 1334
2143 1475
493 1839
1998 8
1661 2630
1840 1029
903 1005
210 1106
1530 409
468 1815
2578 1413
2128 488
2119 2499
2000 2691
1087 2290
1126 2368
1044 1062
945 540
2144 512
1568 957
873 2678
1051 542
2449 635
902 624
814 2216
2654 2365
2032 496
291 2380
2491 373
2608 1898
224 1224
1327 108
2149 606
1456 1635
1757 1034
1969 69
1207 1484
52 653
2049 2163
5 2059
1333 527
2384 2558
268 728
195 2658
291 2200
677 962
1489 9
957 175
1311 2076
1302 1595
227 551
105 2374
2162 2520
1705 195
120 263
604 1151
2423 2464
1982 2050
1960 1907
1995 866
511 503
1210 1062
435 1513
753 1261
1713 1899
2170 1156
2150 1699
2307 90
1983 2286
1021 887
1046 476
438 1147
83 1817
544 1917
2016 2303
708 1456
115 2542
2685 43
1113 2048
2375 1697
168 2007
1247 1383
299 2444
263 995
146 891
1764 2181
381 57
820 2577
2590 2537
799 1789
2539 1992
1109 1420
1026 349
1529 1240
1635 573
2441 1653
1928 872
2155 1064
836 1116
38 2191
1707 1769
1630 806
151 1419
2597 2631
2452 637
1041 1927
1164 1692
1391 906
1737 1700
962 2073
697 737
2682 2275
2229 2150
2149 2281
2071 31
2631 268
2334 502
2594 1145
267 1102
1014 35
1552 2647
1199 1141
802 69
2473 66
672 411
2396 1475
2352 239
756 1428
482 410
292 2072
2388 1078
1683 704
502 2577
1870 843
2221 689
1022 2271
652 1005
2073 1962
2082 219
420 991
2627 94
2579 1430
2335 412
272 949
2109 2206
1338 1673
429 2201
374 1876
2180 1398
1401 51
2178 1513
2482 116
346 2129
807 1923
862 2660
807 1819
549 914
767 192
1406 2276
1321 2012
20 1484
1770 1763
2328 1208
1263 2144
372 2133
2519 2413
1805 929
1729 2614
791 1009
826 1831
453 1389
2159 2636
360 1154
1687 375
1562 2683
31 2070
2140 2439
2416 1422
2285 542
1359 1596
1461 2035
464 2430
1030 1859
2372 2405
2311 380
1108 523
743 1573
1559 1552
358 902
529 767
562 1616
415 495
2316 791
680 599
582 724
2565 31
801 2162
792 661
1285 981
950 1965
1845 1178
2095 521
2585 638
1508 2409
16 1178
2212 159
1262 476
2453 1239
1442 336
617 2117
825 2230
1274 1943
1394 2200
235 1762
159 839
880 122
770 860
2645 1180
1498 945
150 2176
2161 938
549 2115
138 182
2004 905
2200 91
1249 2692
785 1283
1437 2539
657 680
1097 2406
2403 1227
1418 456
1150 2420
1599 2413
570 66
1020 625
2195 1171
478 888
2487 2067
2213 1687
715 1830
2179 2009
738 1808
466 2362
1286 2130
1906 1997
2289 506
2099 2422
1177 112
658 2479
178 1296
2550 328
2248 463
2044 1989
2088 1715
2107 2616
1050 2415
171 2344
1709 1924
2075 950
1469 398
158 258
2226 2371
1791 2090
2339 2167
2132 943
1812 620
1917 561
1577 676
1607 1150
733 405
2159 2179
2535 2649
645 943
2145 1313
558 2501
2265 988
2246 413
21 984
1039 1526
111 1833
75 1947
1919 1157
2409 1964
1253 69
763 2492
474 558
1008 1389
452 2240
2545 1117
1706 2176
431 1816
803 1832
1204 1247
2298 2418
2567 2183
1351 1686
1689 1750
2380 2056
37 1249
2674 394
2040 1171
1484 1422
355 1635
1910 496
1052 411
2637 1912
1643 611
419 267
1677 2163
1473 1717
258 842
1445 2074
2468 2029
1688 1993
1049 1683
2470 1287
1034 301
1330 516
2400 1823
765 1710
236 671
1200 1287
545 1242
1057 2492
2057 361
1331 1808
169 789
661 797
403 363
444 2644
2419 2512
2614 836
110 2004
1872 1569
2106 954
1973 1284
50 116
689 466
1182 261
900 1843
388 10
447 1544
1699 413
2325 1192
1565 1609
2196 2308
1064 1450
1486 186
262 1708
1063 1365
1713 452
757 2392
1202 359
460 1752
1614 1732
1873 1900
1651 501
1229 1132
1849 354
1811 366
1436 370
606 2090
2383 2426
1762 815
2275 1556
934 1671
2022 657
1099 1345
1032 1847
2679 334
1580 2063
1380 1847
900 943
2490 997
446 1324
504 1503
487 554
612 1293
1745 137
2657 1929
858 456
177 2088
37 1629
1689 2023
716 277
2512 872
2248 1782
253 516
344 939
1053 2143
991 1675
1848 1991
1606 630
1917 286
1789 1397
736 383
2417 221
57 1776
2565 2283
2463 1874
1619 1912
2262 1266
2087 4234
2648 736
89 1730
638 287
1366 807
2382 1432
1617 657
1997 2360
1019 2387
605 2257
1466 468
1002 278
205 583
1882 1323
288 542
951 2629
1659 444
1482 1618
1654 1925
493 535
1287 92
124 643
1220 1625
505 2581
575 2198
436 767
2260 1700
2623 2245
2218 1207
983 413
298 622
1679 181
1069 586
50 972
2665 2279
2077 102
872 432
734 1742
206 2447
2519 242
1588 1317
2310 2633
254 1965
1423 910
1225 828
1574 1838
2653 2136
428 776
1675 1130
1012 1704
163 2271
2517 1669
1879 559
1778 2037
2023 982
311 83
1116 347
677 1209
1424 1477
2393 88
1455 1510
1854 112
1478 1628
2480 469
622 2132
1096 2032
391 577
1494 1595
658 1941
2558 900
2060 2507
1837 197
1942 833
2543 1129
363 390
2574 1036
1337 1321
2119 216
2528 596
108 1528
1832 191
674 2658
1834 981
504 365
1470 786
1481 583
1692 1848
44 963
1485 335
2658 1091
2658 2647
138 1305
1705 1168
1125 2031
1388 2646
815 1451
1602 1789
895 8
891 1128
882 503
1027 1837
11 186
1488 84
680 1374
1107 333
77 1002
1622 193
2668 584
116 2557
464 2347
812 2617
1966 1751
2520 680
2449 1033
938 1801
2397 104
2397 387
405 2237
2375 583
2099 1914
1374 782
1765 909
1434 2062
897 736
1230 1462
16 1850
615 1082
2257 1459
2449 1245
2698 240
1520 1277
1137 461
296 2280
289 844
781 1290
691 2546
1996 248
2624 474
950 2324
2040 1246
647 1132
98 1043
1478 23
1299 2437
39 2035
2685 2599
184 2258
1085 733
2456 104
1181 2295
1691 1275
780 2171
2287 1273
2167 1172
1099 1851
1971 597
323 98
2093 609
2447 118
949 1573
597 664
1398 2101
1138 1498
2078 776
2165 942
1260 610
369 2544
1704 2048
524 1045
1319 2014
2484 2341
2259 1382
2525 2661
584 986
2550 1267
2155 424
534 1554
1081 1805
759 1172
1448 659
2078 2684
2082 2433
741 1957
1373 1829
1931 646
2295 2330
426 1876
847 749
2279 1350
817 28
2342 1868
1852 2501
1032 830
1487 2353
2523 865
2214 1082
1321 1292
1871 1252
2453 1545
1951 788
2636 2130
579 2455
64 2371
1585 2093
855 1823
2508 469
2491 1195
265 1241
425 1224
2478 2636
2228 2360
401 2648
296 1863
739 2343
53 311
1156 1602
1631 1906
2267 217
2434 511
954 666
1087 784
883 2124
1590 1355
466 1672
1310 1107
128 1114
953 1669
1193 330
1189 328
1970 1283
1904 1570
1709 2610
1039 1802
1107 996
2129 1382
2601 1
585 2479
1827 2416
1874 2020
2294 137
2620 356
2656 2575
1947 1276
177 1931
1182 409
2405 306
1766 755
645 1937
294 1454
1124 436
1517 550
2116 934
1882 222
945 711
915 683
2262 1180
857 2476
1682 235
2556 2142
2534 2560
1652 988
2027 217
1652 1432
1378 678
62 1602
2017 2556
1288 166
1004 848
2582 1850
492 628
238 1719
2097 206
226 2468
498 1550
1943 2489
596 2381
2447 2382
1803 756
1765 1980
853 1815
2093 2361
1449 1034
1632 771
324 83
1117 2687
872 1195
2070 2440
513 2607
1751 2211
665 2592
2521 1816
306 432
2031 614
827 660
2309 2215
2006 868
2609 1136
1618 2441
2181 444
2606 44
1883 577
2533 644
1576 2615
2248 1950
439 2624
573 669
1505 1192
1813 1340
1460 1210
607 1627
765 754
1140 834
2063 323
619 1229
2318 2581
2227 527
880 1791
411 1539
851 1998
1858 2044
2096 894
1092 1633
2012 2075
1493 2015
30 776
1873 2343
409 192
1784 476
2348 2693
1821 1382
1579 474
2594 551
656 498
2499 856
1128 2055
2520 760
1273 294
417 2640
781 1564
2573 1825
1161 65
666 642
39 1489
446 287
1462 2224
1250 233
949 2380
2564 2117
1291 2414
1463 1991
1770 1938
2170 687
2633 1216
2408 2154
1152 2523
1982 1239
692 713
1703 1934
2429 1082
1861 2083
790 558
1088 268
319 1526
2269 1800
312 103
561 2304
2089 885
936 1824
826 1475
789 1291
1198 1097
1684 2489
1461 1368
315 1825
1279 1721
430 427
1731 2404
1173 464
773 1804
1088 937
205 2412
1772 671
1698 1222
2125 132
1690 908
820 319
1326 1425
1414 1566
1114 2489
2270 2697
1708 2057
404 783
595 1934
2115 1261
2032 519
374 2643
1552 1523
944 856
980 481
1726 2218
434 2272
789 1694
385 1283
85 982
1033 1589
1520 1780
2432 1947
2264 2653
1541 1647
605 1559
1952 353
1175 111
226 1070
2017 327
1259 1100
2 1051
2218 1237
2185 1000
2134 1443
344 363
136 1852
225 532
2304 1716
1538 2182
2637 796
663 1414
2051 1312
2158 2661
2456 1318
991 1824
224 1849
754 143
18 2391
1979 2478
2118 1622
204 702
624 930
1210 171
155 629
714 1112
122 229
958 995
215 660
2021 608
2588 1982
1783 2495
1551 1107
2282 2304
2306 192
1631 2394
2263 555
2173 1501
2377 1375
185 307
730 1418
191 251
2425 1786
1064 148
1760 835
1177 980
491 2292
819 1388
1195 1394
2 1201
2658 1806
1373 173
1868 1786
507 2080
2191 398
860 775
2116 1069
1789 666
287 127
315 1170
2633 691
221 2518
2089 490
133 2027
916 839
2521 196
562 2414
1261 2516
418 64
2321 6
1042 576
1430 2322
1293 632
938 990
1950 887
770 2546
1782 1487
2591 2406
2141 2693
528 321
2174 549
2668 593
414 1864
2391 1497
411 135
1364 2500
522 1109
2483 1942
1018 1122
208 1658
1391 1344
233 1822
540 448
443 147
301 2025
1800 2428
2578 2628
1474 2513
929 159
0 1445
475 2341
1691 2169
1746 2393
947 1170
794 239
1892 19
278 796
1888 2267
1250 2245
1530 2469
1732 2517
2402 337
2472 644
1772 776
925 677
1875 1277
1069 2174
1879 510
1000 1791
899 466
1990 2500
1329 1949
1615 995
1639 970
1237 2690
696 1765
1781 1331
980 161
1199 238
2286 1901
1760 848
2236 2311
1029 2220
668 1987
2042 2028
617 2166
1749 319
468 1106
418 2667
1711 2005
1680 2695
2269 1927
582 385
1916 2202
2503 2481
987 637
1159 2221
607 2253
2136 2285
94 23
6 2212
1747 2370
2431 1919
1425 1321
767 2402
1102 1254
2035 1001
2108 1362
1701 1928
2448 2261
1884 329
2652 1435
1902 356
2376 1841
977 197
508 1542
162 943
260 2045
1213 1169
1687 2440
1349 2317
2666 1527
1799 2510
1182 2343
915 2655
1854 2347
383 931
2121 772
1786 880
1711 1685
1488 2566
1030 2297
1251 1109
2224 1513
2466 2519
2255 1239
1134 1408
1814 2514
779 2005
1179 1989
2389 308
537 2658
2620 2318
1925 759
2693 1034
321 1187
1290 1810
458 364
2121 2689
2163 1113
2579 1516
1381 383
912 1295
2578 2514
2004 2359
2170 1105
2525 1985
1042 1664
1542 1510
2609 2189
1248 1078
848 777
2247 2080
1818 2310
1156 884
1885 1989
2575 192
2404 2428
2301 1178
2146 485
42 1680
1278 1228
2431 2371
2371 893
1207 1957
2493 1278
88 1638
138 1069
1572 2119
1191 652
1014 850
561 2122
808 2013
1009 2299
960 1494
416 770
2105 1048
933 1117
1682 90
385 538
678 1632
2212 2461
2560 74
813 2450
919 1320
2224 209
2571 699
2014 1125
2366 632
1347 2043
1390 1215
915 1764
968 1240
709 526
89 1865
1452 2008
742 123
1493 1672
609 524
2428 1594
512 202
761 1163
1426 1379
158 1223
1712 445
1633 167
1164 2370
1922 2143
10 231
446 2162
2046 202
1587 2523
886 549
62 229
2632 1046
1304 1843
877 2473
2422 845
322 1394
217 722
2294 1003
1209 1269
1280 719
1953 1651
966 1815
393 2175
1692 2562
2148 2158
1548 2484
2561 2230
151 1275
100 2485
1508 929
1249 618
736 922
746 23
2258 379
1135 1578
1797 45
1672 1023
381 1704
434 45
827 731
962 2341
2018 485
335 2408
775 966
923 2492
12 2464
806 1321
29 194
2099 2046
359 1606
487 2612
2647 2040
455 1700
1247 206
1930 1828
1204 1635
1890 1246
904 792
2381 85
982 2157
816 590
2453 2199
2039 1668
2009 1542
874 1926
2554 2174
361 2132
2664 160
1175 217
1000 2594
938 1187
29 1053
1847 2049
2425 1870
1476 2567
835 2167
2204 2627
454 877
1865 2185
269 1383
930 216
995 2695
1468 1809
797 588
148 1433
2159 2264
384 27
2620 1524
2653 1296
1998 407
1902 191
2422 832
1598 1065
680 2619
468 678
72 91
468 1302
2333 1201
1310 162
2131 614
1628 1003
808 871
785 1144
400 1998
1557 2129
2059 2430
2452 1393
667 236
2442 1002
1263 2352
1389 2113
714 815
2227 2543
1237 1470
137 2242
921 1065
2501 2076
537 1691
1409 1706
2232 1706
1047 2636
311 535
77 937
347 1987
145 1017
14 2221
2210 1702
2107 504
2188 655
447 581
1787 1798
2387 145
2207 718
2208 393
420 637
711 708
2425 1427
807 1439
1587 2394
2496 541
38 335
2426 1161
1263 843
2539 2268
1705 1019
878 2600
1010 2238
297 2586
2697 1072
1610 21
1454 1428
410 384
781 1180
1154 1590
2149 2477
668 2230
2126 91
1742 109
714 1266
374 216
157 2334
1159 2243
1623 817
1495 1408
1143 2023
2118 1478
207 1477
2010 1910
983 162
2022 2303
1607 2154
890 754
2180 1901
2108 817
510 500
1657 1129
441 92
1465 927
246 1677
353 2375
1994 489
2145 1645
1286 2374
632 978
2198 313
1940 1967
880 301
2405 1917
348 381
1894 864
2371 865
570 929
1868 2350
902 1036
323 1360
1708 2628
1029 1316
1307 2629
1265 2171
1131 248
586 2310
1375 1305
2081 2402
424 811
271 1127
2676 1022
2100 2505
55 1170
2191 831
875 341
370 1019
2131 205
2108 907
2663 2655
766 1282
170 1152
100 2608
2197 1062
1435 1608
1412 2376
1516 2480
2691 1408
570 3
2111 214
2077 611
1551 966
1011 362
786 2643
676 283
1435 1635
1343 369
295 2474
19 835
2459 2414
2200 1692
534 1749
108 1675
1279 502
330 1372
2622 515
1126 582
2220 1924
745 2084
1021 2666
805 2459
2500 335
994 2081
1890 2426
860 1532
229 1875
877 2250
2183 2496
738 1957
1620 539
2294 2024
1768 3
2275 720
1847 639
2094 2443
2584 390
2541 1983
301 422
316 534
517 560
2682 241
1670 52
2206 806
1958 1358
2662 341
693 2584
559 1487
1754 2276
1491 1014
1211 2342
380 409
1243 1192
350 2687
796 1638
1045 1792
1266 2328
1933 592
1703 639
1979 523
1099 1079
137 326
291 2416
1597 633
374 629
1367 1892
2302 658
1793 1914
7 374
612 1064
113 1179
2197 1774
1675 718
1534 1537
2535 40
2576 255
954 1236
586 1871
1013 2096
1608 145
598 1949
1745 1484
737 2006
631 1644
522 45
990 556
394 2394
2016 1877
1154 1887
128 918
379 264
553 1844
355 1111
298 1265
337 363
2224 28
789 318
56 2560
747 2451
1027 794
210 2462
752 2346
1309 835
1310 1233
1738 1333
2208 909
711 2479
2333 1394
722 1009
1928 746
440 2330
1573 734
95 2335
454 2567
2042 2656
866 839
2130 1015
719 1987
842 2621
167 2294
83 1753
1245 1077
934 1936
1378 563
1044 1735
556 1097
2057 2540
623 1471
2376 928
2055 977
211 2598
1118 2032
882 2693
2074 189
755 408
1770 552
2665 1651
1815 1111
1901 1667
815 273
1812 1727
1911 659
1206 510
1397 754
1045 197
2607 699
289 1984
363 577
1839 2285
2526 455
174 1349
2345 1998
349 1016
383 1281
2500 1086
403 266
149 2095
2205 1786
580 971
2577 232
1248 2461
151 99
2345 23
1851 2113
1523 2401
502 2209
2195 2460
1386 2429
2109 2054
1840 2613
875 1970
647 660
994 1893
1520 2272
1054 628
2165 489
2371 1762
2331 1080
623 1747
2037 165
1392 1603
554 380
131 708
2507 2365
435 2158
1647 2091
625 1009
2255 2411
2104 2687
1418 1000
441 185
1246 589
1365 815
134 2511
1222 1547
1305 2450
900 1185
959 435
910 114
1766 2314
2286 361
179 1917
1346 107
2688 213
2000 2283
1303 835
217 497
2692 88
2610 12
1588 86
31 1963
2414 701
2285 821
264 158
120 2493
1112 2343
678 1885
2424 1477
1784 2015
1864 56
1010 1679
1990 976
2061 1012
628 1549
1702 1933
1882 228
2490 112
2590 1553
2506 1214
2078 221
1456 390
585 2255
1472 595
1182 1133
2134 787
2241 2639
2025 2639
1207 2110
455 100
2409 1609
2094 2103
1453 1754
2202 1339
2245 452
1699 1316
85 1315
244 277
288 1666
2216 327
669 1309
423 1699
1328 1574
79 1115
856 860
266 1425
2160 1528
71 575
2602 700
512 1446
2616 2485
1626 2094
2253 2593
2696 2276
916 969
1915 97
1404 1658
223 2147
2297 1091
1364 117
700 1991
488 322
1582 2285
96 347
117 272
62 1864
203 2374
762 413
853 881
317 142
1881 530
2583 1884
477 2186
2126 1767
1659 898
1492 1165
582 1002
1805 1169
2478 2498
633 2306
552 2125
1273 1515
550 912
246 2188
1178 1100
1140 1079
1590 464
290 1204
132 781
866 2602
511 2347
2178 964
826 569
1723 1369
2629 942
582 793
363 1916
2525 244
2680 2302
2572 452
1099 1057
2425 2390
2256 1263
395 2366
2167 2505
1726 1918
745 199
504 2150
904 1434
1443 2273
40 2553
2408 2259
1837 969
1529 2351
791 948
1531 1312
1280 2277
1247 2485
535 159
761 1913
1264 2576
1768 1465
957 1792
2225 265
2365 2043
1963 2247
500 2259
2193 1060
398 107
558 291
2137 2022
1827 1449
1029 2104
1382 2646
1131 2640
1070 998
122 1722
2616 1680
1354 60
765 1948
604 416
1135 1237
1204 289
74 1749
1414 63
2071 2626
2367 100
2192 2185
2195 2586
87 1626
412 699
2169 132
385 1629
1035 2383
418 166
2172 1664
2341 1599
159 300
118 397
2151 1198
1821 2637
1953 2099
2264 615
601 315
397 1014
1634 1982
709 862
2362 1960
2574 498
1785 2531
2255 2082
1406 463
321 418
401 361
2007 2085
2121 2181
940 2544
2691 1377
1774 2297
416 2620
503 1573
1726 2600
1571 683
2636 269
700 808
493 445
1518 1916
574 2645
2167 1297
1928 1254
2083 1036
2294 2372
874 2465
1494 770
2567 2000
2360 798
2394 74
903 1121
98 349
1577 2327
2247 1285
1836 356
302 320
1730 820
1355 190
2462 1080
2630 2290
1375 63
1003 728
1118 1316
76 2167
281 1629
1172 1294
1479 669
1477 396
376 2047
484 74
101 1671
221 2427
2029 2471
1182 166
2231 1239
8 671
1497 601
1340 340
182 716
1361 406
2091 2192
555 2613
367 724
270 1609
229 1288
2373 1027
304 2658
1845 944
1875 751
126 1628
368 2602
164 31
2294 1134
444 610
1422 2402
2654 1394
2338 1123
2371 458
85 2169
