2222 1368
1268 1963
2131 2129
993 1224
1223 1584
2575 1151
1244 2563
696 2808
1593 2782
1691 2015
1388 977
90 127
1745 1971
40 2463
2896 1514
460 2040
2426 658
1508 1334
1371 1375
2633 1346
2338 2618
2475 2861
2282 1995
77 887
1640 695
484 1606
350 1013
1704 2558
491 202
2741 719
2022 322
787 2223
49 14
334 330
321 2597
510 1866
744 31
862 1131
1340 617
1892 405
2899 1266
2436 1239
545 2006
1074 941
1409 10
2839 1357
928 1517
1680 614
913 2255
2701 2465
174 843
581 2085
592 1930
1695 886
765 239
2766 1871
1250 1433
823 1021
2769 2574
2075 324
2733 274
804 1862
1169 819
2681 1506
1936 361
594 959
153 1417
982 986
2520 252
355 570
1737 318
1403 2691
93 1768
1678 113
2837 1175
1777 840
2654 2707
1578 865
670 2064
995 1172
2224 941
2467 1794
2143 2198
1980 1901
695 1012
2108 1958
2733 2177
1711 1187
1640 1126
435 2063
1337 94
562 1311
1975 1323
2653 1379
570 1016
1661 1362
2783 1970
418 116
1664 1760
2265 1470
1932 2351
1836 1483
2505 1842
2078 2769
2175 815
341 934
2778 683
2394 1767
2446 1017
2435 536
1415 1475
2633 974
719 104
2575 1509
330 1318
2443 2205
797 2540
2814 2617
804 2560
1607 1455
1751 348
125 2831
736 258
1111 467
1426 2678
1502 1808
121 972
1089 2719
1534 2596
312 2415
1724 2287
639 691
1201 1427
291 1067
1439 1990
611 1760
1642 2832
921 366
466 1195
867 323
2535 620
1961 346
1805 2409
238 2529
2711 1605
1887 2060
376 2284
585 2882
344 1893
2374 1482
1909 2622
2450 2701
1105 1499
960 558
2569 2450
647 2207
1780 2243
1573 1807
2295 1672
1879 1557
633 1820
1447 240
1678 714
724 1616
561 569
1171 1126
2259 1974
291 8
2232 2490
1362 952
2744 1571
691 2527
1783 290
1552 2178
2758 2350
50 905
1302 2288
1748 1109
1303 455
502 1636
994 1175
1582 1010
2852 311
20 2135
163 2712
347 1248
32 69
235 2560
367 1477
472 1012
970 628
1705 407
2729 2081
2879 1577
1899 2296
2161 950
834 2144
2688 883
2733 298
2599 116
1699 1058
1396 293
2076 614
2155 40
1488 1989
693 53
716 132
2521 1542
2586 1248
2459 348
937 113
2398 1154
945 344
160 2485
2085 2709
1649 1081
2054 2395
576 1220
61 1860
1930 617
410 1945
1445 1661
92 2847
302 2842
1368 729
1256 147
2450 1886
2844 1376
2127 1110
502 75
1701 1637
1973 2229
1537 968
2280 1465
2047 1949
2621 1154
1785 901
994 1291
405 2089
528 2339
2289 2166
1687 2210
2261 1011
2181 2041
1592 1394
62 1954
2536 1770
2293 688
1901 2376
2566 783
1217 1863
260 403
1453 2210
1615 72
176 806
398 1197
1560 886
1918 1521
6 579
723 2064
2372 1228
1933 2150
1719 1079
39 1247
1376 1247
2664 2771
1415 135
1690 1232
590 715
16 1623
596 1869
2757 444
2061 254
2524 2715
2607 2656
623 704
679 621
2826 934
1914 1862
956 1920
2480 2614
1637 256
158 1317
549 258
1056 2509
2466 2793
2446 1048
845 637
556 1176
2418 2525
61 2252
469 2743
2405 1409
477 1727
2716 534
948 81
2291 2556
1810 1152
1681 2409
867 335
2183 175
2836 618
1041 594
1194 2767
41 855
2662 2106
2259 1361
2380 2648
1326 2723
67 2284
717 654
2247 1845
1223 869
1542 952
2561 1835
2233 1121
931 434
1562 1261
1162 2430
2175 2806
2036 256
698 1680
2262 1745
754 1784
391 899
447 1723
2350 1092
80 2840
1254 2042
125 2851
1570 239
79 1527
2781 241
1981 2275
2124 1657
882 842
1961 1170
1237 1177
1249 1421
2569 557
510 281
957 634
1303 502
2588 1154
2398 147
2743 2887
655 628
400 545
1667 2020
2451 676
2276 136
1461 2659
2712 978
2392 1237
1634 1798
2730 289
1052 142
2509 1941
2403 2573
2011 215
2533 2410
2317 149
1117 2684
2529 1227
2038 512
2286 2623
1405 2509
1889 2857
57 135
817 1473
2737 586
2568 1551
413 6
2524 877
779 2625
577 431
1789 2581
737 2244
879 1061
1583 1514
2446 1204
606 1077
644 2713
2537 2249
693 2189
1727 1981
551 578
2489 1263
145 2500
1653 2314
454 2306
2838 2135
521 2744
2342 1753
782 425
751 2596
1436 568
1449 186
1953 476
1839 2661
2226 1021
2030 2200
491 1253
1823 2389
2133 2236
780 2824
1093 2228
2281 782
1200 2406
453 2536
329 906
2076 1311
1038 1893
853 2445
1603 1906
2741 1775
657 18
1595 1752
1838 2241
2423 2169
1855 1139
2302 2478
2647 2835
1171 488
2196 603
2784 1965
2617 2001
68 1258
29 1063
1553 2667
2470 1923
1056 802
426 481
329 1002
284 573
317 2763
801 1100
1681 525
201 731
828 2341
2412 672
1242 2115
2797 54
2005 1472
2194 2688
398 2560
503 714
808 2346
193 1105
2584 1269
1656 2176
1400 1624
981 519
2396 1576
254 1900
1936 2389
84 228
2643 1791
1334 761
577 1564
2747 2735
1163 931
1638 845
1620 2515
2759 382
1532 735
399 1620
2550 822
1872 1741
2084 548
2731 829
2622 316
1959 1732
1408 2452
955 314
1060 1243
1965 2089
1068 969
774 51
394 1062
1310 705
1018 2677
532 2747
1457 1231
831 2709
899 2425
2799 800
687 1031
1647 2499
1124 775
469 1229
288 1186
2217 2240
2261 1806
2124 1911
336 2834
1331 2077
577 934
2559 2363
1442 86
620 1268
1279 474
127 1347
2303 2033
2511 93
1771 916
1791 2098
947 634
2521 40
2167 2629
467 1274
2383 786
883 2259
573 2595
2626 2054
2045 2404
1269 2153
1047 332
2407 1903
142 825
1115 923
2801 654
1166 2877
330 2714
2139 2827
2364 255
403 269
1710 204
2528 302
1727 596
1754 465
881 1495
2492 1949
1676 2499
2746 2169
244 941
2423 1272
879 1294
2894 821
2253 2562
1646 296
1699 1592
1598 2086
839 563
2148 202
1638 2244
2430 360
2691 1224
935 1007
516 591
1700 147
2660 389
2499 21
2840 2448
2114 2120
524 2314
2589 848
2553 603
1241 2778
1648 2476
2445 1736
1354 588
1235 187
1396 1008
837 1475
1762 1207
2658 1374
2435 1791
1255 1717
2088 1427
1102 892
1154 2538
2330 2613
2588 2621
727 869
1354 721
481 71
195 1708
1412 2778
89 1578
369 1582
370 1515
1372 902
1209 2648
655 1481
284 2548
1059 1058
549 2502
2515 507
199 1517
2882 331
2713 2279
1526 2716
1218 1843
1130 1000
1745 266
737 1491
301 93
2233 2535
1458 2721
1027 2647
650 2519
713 530
1323 1871
1738 1084
2282 1960
662 2416
1449 299
154 142
326 742
536 1959
1818 656
756 2554
1090 2623
809 1008
869 749
311 474
1845 2583
567 753
1341 2535
1866 947
1070 926
464 1259
1337 356
1431 225
2827 1949
2460 2722
902 1268
253 1888
1989 2218
714 231
740 192
671 447
70 2589
618 613
1354 236
779 2445
1893 2019
1575 2546
2462 386
95 2894
954 567
638 2768
1963 2703
2378 89
495 441
1337 1418
2865 2598
563 1984
2123 2625
813 90
2703 1305
1760 2876
1590 170
1428 1887
204 1297
1657 376
2145 2617
971 502
217 2515
890 695
854 1801
772 79
749 1211
1280 1677
2071 562
2569 1586
1493 158
2899 1192
986 1412
2319 1360
979 373
1369 644
1971 1795
767 345
2362 2198
525 1464
200 202
427 404
2807 1735
1132 857
2470 2889
2501 2432
714 2252
1395 1476
407 832
1619 811
602 859
1706 381
1413 496
2737 431
140 2407
1011 2256
353 2703
1466 2559
1741 2143
1252 692
368 2490
602 1888
1446 1349
2228 212
936 332
776 2377
182 1354
462 1528
221 2745
2033 745
2192 482
1880 1830
67 1145
1355 422
2597 2458
1972 2235
2830 460
711 1109
407 587
538 1105
893 1285
2455 1370
2116 2025
552 2812
2045 2722
12 2307
1250 11
2276 850
244 2491
1309 974
1612 2107
333 1589
2519 1268
2073 1869
775 2865
1497 2130
1486 1654
2152 2014
665 2274
840 1249
888 850
1326 1289
606 2
1855 1305
2331 723
1634 1895
581 516
2561 994
284 1418
2415 1186
2119 979
2809 723
1876 2837
1558 1557
200 2340
1130 1684
1975 1542
758 1359
399 1384
1289 2282
2845 1647
510 657
2122 2109
1689 2239
2219 241
1410 2153
1891 2073
1354 2109
1150 2383
194 2051
1355 1092
1005 2648
708 2549
1497 2520
1982 1772
1598 306
1425 223
1454 2512
497 1312
334 1012
1762 1890
562 290
887 2451
200 1587
1869 1647
1755 1672
316 656
1715 1305
170 256
1618 2302
2771 1765
1854 2236
2703 2705
1125 1295
887 2166
2066 1755
1172 1676
1726 633
1766 2033
311 2418
775 1094
2862 2584
1309 1950
2579 2524
2833 2707
486 731
594 745
1553 976
1435 2518
244 2072
2244 2320
2147 454
1758 200
2018 502
573 396
2475 793
226 1808
574 90
1618 732
957 77
2654 58
1172 777
603 1175
1955 2639
1013 2041
55 1577
2312 1061
2543 1865
2267 714
783 1849
752 1191
1436 1717
1025 2192
2568 568
141 2368
1837 1970
1772 2552
1489 498
973 1892
1048 2532
2450 904
1677 1168
398 2009
132 543
2527 546
2869 250
2287 1049
178 1933
841 1479
2727 2052
1816 9
2023 61
2099 2750
2492 327
913 1686
232 488
561 1788
2527 727
2607 2700
456 1048
1866 3
395 2365
1777 176
126 2093
725 1881
1784 1939
2064 443
111 86
20 155
910 272
211 1647
1171 1522
2347 109
908 2555
2775 1990
537 1309
2821 1326
1798 2681
1128 920
2198 1030
2197 745
2630 1506
1181 695
2002 2328
1821 1661
314 1326
751 2738
978 138
2079 2234
2280 229
666 2536
1886 621
1518 726
2261 764
2382 779
71 2423
2461 2252
742 1587
1243 11
1706 875
2832 289
297 1958
2508 2174
2591 1053
1149 2132
2357 1751
1712 2012
714 1081
1308 1184
1504 2336
644 2395
2249 116
566 1078
2708 919
2141 1497
80 2080
1 590
1571 1167
1556 2442
2555 1515
953 2078
1508 1250
1732 2096
1359 2268
2612 972
1137 2710
2037 2874
2245 1334
503 1330
2723 1250
388 1620
1672 30
78 1350
2379 1768
2129 1027
903 1262
2199 1769
1168 537
791 1535
580 1518
2684 1226
657 2835
1495 2446
769 1889
1496 1613
539 1803
520 2336
2022 2570
2097 1246
1537 21
1267 1618
1861 860
2756 149
1426 1818
365 1141
1352 240
67 169
359 2521
1712 2262
1063 1591
2033 823
1137 1668
705 721
2299 2771
2185 625
2718 2717
788 2484
678 973
2599 362
333 1636
1718 1058
1669 2469
1369 1221
2241 629
237 710
2721 63
2091 1495
193 2540
287 67
2269 1469
999 1912
890 2750
2870 2219
719 976
2533 2035
1338 1138
2685 615
1826 362
211 848
2727 1591
166 2634
1832 2034
2337 1906
1126 242
761 115
1461 241
2825 1499
1424 774
1635 1353
386 2049
2540 1217
952 182
2063 2050
1179 590
948 656
1434 367
54 1519
2365 1302
255 1376
2889 1036
2428 207
2336 750
1613 1669
2729 887
681 1453
2813 2057
2054 327
273 1990
1252 2369
596 13
2296 1542
2253 2740
1638 1275
1286 235
1962 800
2529 520
952 17
1544 2425
2171 1895
584 315
2304 767
1810 667
2674 774
1341 1020
156 1819
2005 2812
227 713
2125 1524
1975 2296
193 2207
2417 575
314 675
1089 480
2746 625
1037 2577
1210 1231
1702 2424
1511 2695
2437 2726
1229 1162
747 1052
1998 1394
2410 274
1682 178
1122 1605
917 665
2780 1417
1758 582
2394 1188
1903 618
1973 350
2646 1999
481 14
1306 1498
1234 298
581 2613
1468 412
1043 552
2768 1885
2427 1633
1678 178
2813 854
891 1421
1262 247
1545 2521
1709 109
2678 1680
1193 255
810 2435
1129 1743
1157 107
2348 2833
1568 99
436 705
1 1937
800 518
1922 2315
2027 528
1971 2812
2081 2547
324 2012
218 325
2781 1836
882 807
2029 1866
435 2607
158 1073
582 2758
1515 157
1513 597
1810 2443
2506 1446
1629 729
2761 2723
2523 629
1169 1577
1779 651
1608 1391
1092 757
1650 1758
462 2499
1319 1637
2602 2155
620 924
1741 1299
1262 1469
577 2099
1189 1807
2096 678
2245 253
1967 1326
378 383
408 1048
1185 1746
745 613
1544 2338
472 2218
1247 358
2792 1018
2666 2218
2673 2096
1835 2832
2573 1868
1128 2382
2023 1380
2122 2701
1380 1808
1777 2424
589 2854
1820 1159
140 652
833 2813
2064 2015
2662 349
1720 1954
479 562
2541 1060
1960 835
1951 1867
1464 531
361 810
1044 2692
405 142
1457 440
567 1601
1084 753
2775 2319
2192 2317
1354 2562
1248 2734
1398 2062
352 2315
2263 1487
2769 913
1921 1048
1160 1226
1380 128
1058 2036
2170 978
2747 590
2418 1017
575 192
740 558
1710 396
2466 1268
1480 2874
1027 1747
48 1604
2275 2597
2598 1091
2162 2762
337 1411
2338 750
282 949
1239 405
223 2239
2618 386
464 1256
2546 2201
443 2276
547 2548
2644 24
2726 977
268 1586
1279 2179
1476 16
274 482
294 345
1972 444
3 1882
1061 2590
2748 2488
455 1149
550 2735
1053 1619
2614 2299
1079 1966
1811 453
1148 2499
347 974
2529 2331
1533 1784
1949 1856
1096 1830
2593 111
1009 1951
587 867
2366 1675
2772 1932
2711 554
798 1933
2508 1830
1680 910
2045 167
487 1378
1614 354
2351 575
2130 2476
2704 2807
1818 661
1099 2553
2668 1753
1569 2725
1450 1733
2382 2337
2606 643
1616 1627
2696 2437
1471 1612
386 1701
2189 2382
224 2263
2479 2094
635 851
1654 2276
185 2717
1956 1676
2316 1547
204 1259
1272 2530
441 2659
1771 2865
515 64
1770 1632
2527 724
2034 613
2013 1642
286 857
453 2844
749 569
676 1166
72 1991
2377 1967
1409 1157
6 1595
127 438
148 2038
350 2333
892 909
1851 2190
2898 383
1481 1443
1256 815
2680 692
1659 2457
382 23
808 2567
2708 1736
2330 518
2171 2256
297 134
2224 1657
317 1762
955 10
1141 718
59 233
306 2215
331 2787
1908 2873
1928 792
1187 205
2140 984
2160 2572
2841 98
2347 525
1114 1571
197 1299
130 1215
902 560
2898 621
1581 2806
2701 788
168 762
1324 818
2503 2775
521 832
2446 1057
2797 2481
2007 260
542 1246
1899 1229
902 1099
1944 1155
1634 1711
1412 2674
163 25
97 2862
1934 554
648 2267
156 184
2369 294
2877 1018
2772 1851
1846 817
2354 645
1731 912
1739 224
1091 459
1288 314
567 3
2579 2834
417 2326
2655 2773
1833 2761
2365 1646
23 1044
2476 210
68 953
1761 401
2468 2033
1744 880
53 2628
1047 620
2049 1012
2821 2855
1934 2665
1502 211
1327 905
957 2040
543 371
2017 1116
5 1550
1314 2798
332 1380
1592 2030
778 464
1061 701
348 1389
1403 372
2172 2009
253 1675
2602 2407
1659 873
774 1893
2786 1035
1575 1317
874 859
2243 2642
738 2467
2182 908
1670 374
1111 2238
693 123
195 357
402 2712
773 2150
1942 2562
1868 63
92 1716
815 54
1603 1710
890 1663
653 93
1651 1554
1645 4
532 1442
1463 829
2225 2756
601 1767
938 227
202 136
2446 128
1131 536
1907 2082
2341 2853
2678 525
1698 368
148 2065
874 877
2454 2683
2629 1442
2746 412
1711 2608
870 2669
963 388
2247 702
1573 2564
336 2838
620 1828
2664 2652
1088 2074
139 2850
1822 1642
2256 2275
472 2578
2280 1055
2332 937
2255 2167
1718 838
412 966
2358 239
2395 1932
2560 1441
1519 164
786 1622
1683 1105
2316 413
1010 127
635 775
1110 605
308 319
94 2729
1434 241
1564 1103
2479 2370
2654 614
2419 2792
1833 87
1118 1206
2284 1339
1980 1080
2359 2177
2440 2489
1835 763
1330 500
587 595
630 2429
1922 2778
1857 2813
360 1392
1287 1846
1251 2273
656 282
1978 268
1841 1722
325 771
2738 2724
996 2840
165 1258
2259 1563
1430 1941
2303 2737
1142 1997
1637 1409
2091 1026
520 2533
870 505
1201 2344
1060 2267
393 2655
2271 2315
299 242
2596 1574
1431 882
539 1724
1004 801
403 2857
457 1178
200 2308
172 1370
2031 139
611 1880
1308 947
503 98
2447 104
843 2608
2413 261
1827 2851
2343 1123
2064 2770
861 2275
263 921
2301 1342
109 2628
2847 2084
1533 42
2709 1721
2602 1280
88 505
1953 1560
2250 1004
675 403
2015 438
515 2491
1370 2371
2354 1066
772 1039
356 157
221 893
1820 857
2556 2175
778 2256
2198 520
4 1612
483 1757
1611 2277
908 1185
2887 1240
704 2555
2781 1892
1798 2054
1470 2204
1145 625
1012 504
2190 2517
1618 1890
2555 1636
1101 2221
2645 1244
786 2637
2521 765
445 529
2789 1868
1423 2283
1594 1401
335 1250
2705 519
111 630
2761 1172
1737 1127
620 1652
2102 1296
2080 1907
204 156
138 1796
1012 2376
570 1780
198 989
945 2120
548 2347
295 539
1375 1503
2845 1911
882 2622
795 2872
33 2812
2336 4665
2269 802
985 2833
1978 1434
1504 241
1759 1774
2086 944
2456 109
326 1549
1046 8
737 2327
1418 2757
1398 874
645 1634
297 294
2027 973
1849 2678
362 1275
1404 934
818 192
914 629
671 2356
1571 1410
2703 920
282 927
198 1096
1323 2317
1156 2654
739 1828
807 785
2403 854
2367 699
2019 434
1455 1661
238 830
1380 1608
388 873
2240 1661
2211 1072
145 2174
1639 1754
2329 2157
2333 20
2007 1374
2079 983
2628 2837
326 2715
1088 2010
2357 2280
571 2137
1482 612
1821 1946
687 1701
334 1273
1459 2042
1618 1884
1890 1121
2649 521
2783 1295
2155 447
2309 700
2880 1222
2487 1115
2310 1743
2570 2045
296 1062
644 2370
1580 139
1878 964
2561 1272
2833 2868
287 1300
2403 1765
1923 1353
2634 512
794 2785
499 2702
2187 1943
801 1040
1854 2117
351 2308
2229 1246
2768 1871
2729 1470
1202 239
561 161
199 2619
1447 2629
1089 413
1855 677
836 494
7 314
527 1506
2089 2382
663 2268
1052 388
1268 450
381 2603
2170 970
2433 1087
2699 1701
2457 37
2324 1485
2215 1476
2473 230
977 1207
957 1067
1456 1441
687 813
2421 2303
1366 1447
841 1552
215 886
222 2602
893 2760
834 2548
1374 407
888 416
2375 478
2591 447
23 2697
1372 2146
1176 2608
2802 2050
2790 1521
1481 2485
1549 107
2778 296
902 1374
87 837
1987 2864
72 674
2768 2093
214 2719
2073 1352
821 1030
1788 1203
2483 577
2489 90
760 782
107 2411
1733 2043
2323 1737
1562 751
2343 722
281 866
2428 423
2376 2601
1456 1889
1999 2074
827 26
1526 2207
2487 1575
934 633
1227 2296
715 565
513 2880
123 1318
1063 652
2150 399
99 1479
261 1929
936 2729
2146 1688
2769 2097
2638 207
2062 2748
1010 2125
1889 2696
213 1716
634 398
6 2498
824 161
1625 227
524 2240
1676 1542
570 983
1668 2658
2611 2261
2031 1516
1716 558
2468 904
2628 1040
2394 1518
2725 948
1987 1244
1062 405
325 574
1049 2564
2800 769
2672 2050
1327 1296
1459 1747
139 1097
336 339
1082 2481
2384 408
2869 1348
1666 2496
1873 2584
1429 1469
2145 1592
963 1224
925 2292
364 1430
1192 1980
2154 1462
1679 398
2483 2463
533 1542
1613 2164
2683 1206
2503 2527
605 2795
600 1608
1760 2055
1345 2613
691 2244
593 1947
2689 2097
892 1311
2869 816
1414 2478
2512 104
21 1914
2245 1050
1997 1299
1274 2276
125 399
2580 1385
2475 699
1497 508
1398 1790
1841 200
1972 2263
485 2877
1910 1947
1306 1689
2292 808
1687 2298
2201 282
506 163
988 1133
2872 2302
1315 564
645 150
1433 2241
242 571
2643 1921
2351 2756
1108 743
2153 95
781 817
772 592
2416 2120
1959 1067
1193 638
1725 779
639 1469
1660 694
2465 2538
2777 2195
1612 2567
1334 1716
2449 902
2500 1628
869 840
2602 1712
2790 799
2395 595
1134 2421
648 1920
1918 801
334 1653
1796 1119
1462 794
1518 1504
32 1951
2378 1020
2750 154
120 2569
781 1837
1023 177
827 1640
1116 1848
2791 708
426 1427
595 13
2739 1757
468 2417
1700 468
239 1770
1654 888
1349 1065
829 97
2793 2718
119 1982
158 1962
1974 2687
2828 2174
1264 1879
108 1566
180 355
1623 437
2401 1660
824 76
1967 371
1426 1731
1098 2408
722 875
675 89
1659 1191
1115 2653
1487 238
1278 2401
1821 2756
2721 1977
2697 2557
764 2588
1652 2805
1347 51
1187 1556
2233 1505
19 885
850 2045
689 2824
94 2752
164 1227
1811 2334
1000 1327
1632 535
1831 2427
2468 2207
1703 2353
2742 2187
2235 600
759 2278
2282 815
1962 2433
1738 236
1997 552
495 1557
2172 1931
861 1859
147 776
1048 693
514 666
1693 2670
2792 639
1418 806
2326 2007
2126 523
141 2025
60 2268
1699 1024
212 959
2439 763
1244 496
2015 2313
2740 2318
548 525
2268 522
85 2873
1664 1447
234 2650
2550 1909
2008 472
1719 350
2414 760
2252 2338
2710 2132
2892 1023
2302 867
147 2779
1134 2538
672 2414
2422 1235
2688 875
1597 1004
1662 2682
2118 2724
2022 1232
1752 2199
1390 92
1921 3
2293 1644
2024 2496
2754 2299
2399 1168
1614 1948
1952 1235
470 2300
84 295
1375 881
315 2664
2417 2373
1567 1473
191 1805
758 2475
97 675
2603 2070
2188 2067
873 1593
1711 1693
353 450
1259 1437
2823 1612
2156 495
2351 998
927 147
2173 1829
32 1846
1561 965
2665 2787
1319 1948
2562 1188
1004 1077
237 1300
1022 845
1178 2530
649 2300
1299 2425
1718 1276
593 1768
1978 1982
74 2077
784 326
816 1073
2125 1579
2764 374
2865 455
1108 2694
1867 2123
535 204
1193 2600
2683 1273
2054 72
1169 1973
393 2659
713 1755
126 2416
665 1195
1209 2799
2279 2844
603 2161
336 1507
969 1828
248 787
237 30
1720 1789
2836 1465
2802 2668
674 1913
2047 2475
2051 1121
825 2288
535 1200
792 777
614 1424
199 2309
1426 1142
696 504
1644 822
1552 1000
277 76
2358 381
2557 2248
2864 2040
1757 2574
2327 2313
1498 611
1468 86
2867 225
582 2256
2873 1286
1296 1256
755 2629
2333 2751
2136 133
1590 1396
2263 1910
1794 1331
970 566
2492 1864
1860 1689
1842 1357
609 2397
470 1469
93 1185
377 2406
492 229
1032 2514
1465 2611
1839 2010
2758 238
1794 1616
1349 2141
1948 1275
469 1062
926 1237
598 44
372 1021
44 1610
2387 1655
2879 39
2431 1121
2165 71
209 1867
2373 2213
2146 143
903 2516
86 488
2168 179
595 1846
316 1276
2563 563
848 2404
2668 2280
1263 1514
280 1790
2397 2202
317 2424
2622 1223
2166 1855
2830 2177
1401 753
357 2003
840 899
2198 165
1732 766
909 1485
633 2809
1306 1785
1528 1218
394 1381
2104 2134
268 1272
2558 51
453 1482
2500 1593
1737 1204
841 1181
1142 460
1903 1650
2555 2159
2403 1309
162 1600
1058 2217
735 2731
426 1655
2257 345
1431 485
72 2819
504 2078
1169 1998
2334 374
1597 2806
850 1329
2856 842
1108 2841
931 1052
1260 2630
2562 922
1278 1512
415 1734
855 2056
1332 2107
2242 2097
968 1197
2889 586
2089 1167
635 526
555 2775
2628 2695
2453 1830
229 1139
372 2002
2139 917
2336 6
2303 1365
799 2522
1375 752
1435 1469
1271 1843
1153 936
1926 2497
2523 888
1470 772
1630 863
1027 1069
1547 2799
1136 1485
1313 1828
2779 378
1954 697
2367 2214
1651 1283
2561 2658
1742 1782
2425 1066
2190 413
2507 849
370 209
332 1685
2467 1177
2618 1345
1680 1817
2209 1911
1376 2029
1246 2665
2895 806
1185 1539
2194 2188
1066 212
1221 1507
2725 127
1687 2628
2160 2465
1270 1922
439 1040
1645 839
1362 1006
455 1861
1526 1152
997 483
2545 1966
19 225
994 2874
2361 1583
2882 1681
757 2443
2625 697
2026 2869
472 233
270 1264
550 2378
5 2151
2111 1004
2323 1830
1521 749
1213 1404
603 1478
2589 615
85 2253
1783 1358
769 2354
480 2634
2552 2894
2700 1108
384 597
988 1551
2338 1351
579 1991
521 1492
614 1625
1169 2846
864 2365
2779 2572
1491 1347
1746 1032
2229 1443
2827 717
555 65
494 600
1212 2244
1328 2561
295 318
2081 2635
38 697
987 68
2131 1953
690 1166
2173 1207
1296 724
1436 2414
645 1229
154 2328
879 2248
110 2359
1923 1739
2515 1795
2152 1838
1243 2317
677 2473
242 894
2551 1542
314 1235
2529 2530
172 2048
1203 618
1112 1327
1343 606
2483 654
2118 2085
2482 1509
644 341
1068 1615
1135 2122
2520 1389
2622 1190
261 2058
815 1721
2530 1858
1641 1622
1834 2385
2152 2018
2847 318
1615 479
1199 2301
2308 1638
1285 2754
980 1991
392 2450
1182 2811
2794 2457
1486 1037
2052 1261
144 236
1997 738
2730 1829
723 1890
2467 2472
445 1852
1985 398
2431 2517
1473 62
2276 2243
2148 2240
2382 1010
2213 796
2525 1953
1287 443
797 1819
2465 1822
254 1944
2481 2128
2806 2146
1723 461
1782 2836
449 1048
1039 1510
1625 1713
1728 1999
1918 1582
2776 308
2744 641
881 302
548 1324
1560 2612
1108 1924
1521 951
525 522
2544 1991
709 755
1646 2015
60 2028
398 1536
1767 1892
1823 366
1996 606
2218 885
943 502
2318 639
2405 123
932 1664
1695 2647
246 1331
274 1148
840 1188
2161 1712
1057 1452
1621 368
2080 2387
2828 793
2710 1249
1261 1016
1405 2307
1933 2676
2056 145
239 1213
1370 1927
2311 756
1989 1921
1344 2022
2867 264
219 2215
467 339
664 769
2434 978
1684 1554
2694 2203
2366 2503
1441 1815
1335 2869
1479 663
1461 1706
2625 496
1239 2546
950 1364
516 1548
2692 65
771 960
112 2601
1954 371
2520 2647
1546 1066
625 252
2742 1964
2745 336
1233 2235
1279 2122
2439 1686
2234 333
521 2120
685 2733
2200 1241
2244 2029
1556 852
2648 2877
530 1041
77 36
360 2029
1669 909
1265 2506
1581 1596
1107 1701
768 1853
1062 2020
1424 2632
1171 956
206 1835
1415 1790
2022 1793
2603 573
852 1996
1256 1328
1165 1395
248 2759
2740 1934
2639 2158
314 638
1609 2219
1590 508
1036 896
2640 686
1130 246
29 2295
1922 2242
1199 2149
2444 1721
2442 2573
1928 1427
529 1514
811 604
1024 81
373 2300
148 758
1178 1217
798 1720
399 2332
2158 1432
566 1396
1454 1012
1003 2423
2518 1289
947 727
483 412
427 2396
2529 1482
5 2156
1908 997
933 2668
642 187
299 1363
2826 2068
1435 1910
1488 1167
1956 1441
2658 653
886 2868
2753 1275
434 731
2474 228
2048 308
1271 997
2420 1211
2195 398
1065 2569
2538 424
2146 1051
2084 1862
2530 1165
1375 2380
844 2210
2886 2888
2502 1881
661 2734
1305 835
2346 2219
1354 1371
1689 2893
2635 2787
2433 1721
2808 2528
1608 1677
985 414
2321 406
1550 2863
281 343
2506 1262
2239 137
1905 932
553 2670
589 1533
877 161
2348 2693
24 171
37 2427
335 1308
2380 716
1579 589
2543 245
1943 2302
936 818
1117 1154
2561 2595
974 1339
852 2769
457 2015
135 578
2822 664
1447 603
2600 1472
1654 31
2639 2298
446 1008
544 2229
2258 765
1489 891
1648 1367
1453 2597
1257 802
2614 934
2678 865
1724 1851
792 1135
57 2207
1494 688
1468 2631
862 766
260 1759
1654 481
2471 2169
1862 571
615 820
100 2778
492 1254
2594 2528
43 362
1168 860
436 188
1266 2302
2831 2115
695 1573
1066 950
2329 2738
911 1144
1435 1954
36 1437
233 945
2309 569
1930 226
2893 2259
93 2883
2314 380
1074 2609
1619 636
2815 785
1247 290
239 1366
2012 2683
940 2606
2858 1096
1746 876
1515 605
636 2317
524 974
162 2192
2134 1105
2616 2688
2794 1115
2891 1613
650 2688
390 2370
1406 747
501 2841
712 2763
1041 2254
881 2679
2495 2819
2520 124
1944 1141
424 1436
234 1803
2537 28
2865 412
1340 1979
100 2095
2009 487
391 539
1191 42
743 2489
1712 566
162 358
2438 505
2722 1330
1158 2483
2788 2807
2779 2381
1851 716
1063 2712
2171 1137
1495 2409
1045 1316
1681 860
1283 2026
35 771
746 932
2405 1295
178 1210
2884 279
1222 2089
2135 2018
1895 1753
1916 1256
1668 2522
736 1352
1082 1344
2483 632
1782 35
1228 2278
1844 2633
1085 311
269 630
935 1852
2177 854
1656 2696
1799 2813
2777 1453
1424 2085
2384 602
2679 2402
793 1706
1678 94
2301 892
2078 1569
1047 2358
96 1366
473 1813
865 1244
1354 1087
928 1642
1880 1908
1039 274
2846 1675
752 750
365 2045
1413 2555
432 2836
1140 2190
1876 2413
1421 1125
1537 1112
2022 1855
172 2705
2670 2534
2578 1537
65 1082
2836 836
2832 1215
2028 1357
228 1875
87 1360
2266 1830
1257 2650
1098 2539
1817 1428
481 200
376 248
2890 571
2269 800
1875 871
1951 185
2694 406
739 1554
1442 80
2068 1711
541 666
1325 1423
845 1874
202 2194
774 751
1379 1720
1164 2553
2791 1121
1532 2841
2400 1741
1057 240
1797 2565
2842 2606
1465 2085
1775 86
2462 829
1629 202
511 1263
1455 832
2630 410
1167 1016
1027 453
2754 485
2473 1636
2396 807
1150 2268
2268 2388
2136 1575
1112 2818
1739 1386
1265 469
1818 1859
1874 1294
581 2350
2475 1219
1452 2084
1773 1592
1451 2220
1933 691
1636 457
1814 1728
147 2034
1979 2132
995 2204
2047 1306
696 1419
2540 1652
2756 832
915 816
188 2639
666 1848
262 1234
2596 1506
2094 943
1703 2680
470 2592
259 2584
2737 2317
1763 1299
672 4
2584 54
768 567
2802 2612
1576 565
324 2611
1028 367
36 1667
2554 2040
352 2065
173 333
1400 2268
2592 2016
1198 567
1747 1991
1200 2838
93 779
2320 2295
768 1050
2409 1064
2242 1946
1634 847
212 36
1337 915
2462 88
2166 2355
1418 479
1569 2218
2682 1703
2291 2025
690 48
1833 2748
1831 2728
180 1959
259 1184
1 2773
197 875
2771 1536
836 2605
96 1525
292 24
2192 655
41 2151
326 1482
1033 2503
994 597
1892 578
2055 1546
2278 1888
126 419
1374 1154
1583 550
867 927
2817 802
45 1990
1350 1856
985 1129
604 1329
997 2140
2207 2670
371 517
1839 1953
808 47
1330 1991
1198 2335
1544 1672
2768 2291
2315 632
994 2712
1751 681
454 1739
2230 1124
233 31
41 1616
1206 2290
587 2719
1188 828
2686 952
1635 1326
509 2036
1355 305
1597 1000
1470 124
2489 791
2404 1916
2124 2089
2647 225
2893 2894
1068 2606
1519 2406
2569 801
395 59
718 834
1800 1238
948 688
525 2876
1377 2197
770 908
770 11
860 2554
795 1231
2231 442
57 1895
955 2042
1906 825
371 102
149 194
2239 66
900 1061
739 91
2520 2832
1782 824
1976 2513
681 2577
507 2078
1905 585
1676 1931
2237 1944
2507 2882
323 2167
3 501
1383 1320
446 1004
130 455
1486 2862
825 55
642 646
771 2308
120 1471
1627 1861
1527 152
1544 1525
2631 22
31 2523
726 1356
1275 826
1086 2418
2113 1836
2045 1651
929 1119
2651 2333
1773 882
2254 482
737 603
2400 600
461 902
2318 2082
2480 366
1652 394
1266 1379
2345 915
792 1714
941 2420
1751 2266
1782 2672
19 209
2596 145
2007 257
1849 1677
415 681
1962 1379
2774 1114
648 2087
1058 2455
727 141
2224 1492
2513 1606
1485 1624
458 622
1883 194
1463 834
673 166
46 2324
1740 2126
1614 2437
279 627
168 446
2290 2415
1230 2335
1945 2480
2440 847
2583 686
1125 154
1684 259
1899 2846
1572 520
1935 2157
691 1821
475 2132
1410 2510
1198 1808
