519 436
185 406
9 598
62 120
589 227
6 530
235 201
165 163
405 444
362 171
114 42
316 302
172 313
338 112
163 472
551 503
532 354
289 393
113 327
372 418
430 444
240 583
77 75
380 105
95 30
349 417
216 293
311 450
134 167
350 389
469 293
513 133
513 41
108 282
122 341
337 275
413 49
43 196
141 124
238 168
325 579
278 455
120 0
378 64
199 346
588 283
375 346
377 117
68 237
352 502
6 189
304 271
103 379
74 444
485 279
104 90
354 184
40 138
334 399
378 83
198 581
458 430
475 308
233 83
145 323
159 593
202 588
189 146
103 231
554 508
554 161
300 108
507 128
185 254
125 165
377 495
68 284
361 11
246 7
527 458
259 422
477 446
546 219
380 264
289 362
343 88
56 198
544 10
379 567
131 101
483 527
461 144
383 435
248 126
92 375
486 424
22 202
383 329
282 273
138 189
530 263
324 506
187 146
183 193
463 593
106 326
90 417
369 410
323 223
9 66
273 536
186 592
279 524
161 471
574 337
41 525
277 531
406 417
575 129
77 323
386 339
483 3
279 319
177 153
107 179
73 284
329 549
304 390
497 191
391 316
105 582
591 548
71 257
328 247
496 358
199 502
320 264
410 576
230 501
145 49
155 84
43 111
143 579
266 174
153 535
492 443
593 565
487 486
443 237
440 360
322 438
567 68
102 516
483 306
91 534
14 550
464 140
100 112
489 278
382 132
241 512
517 457
104 506
373 127
189 131
320 345
40 61
99 378
567 395
513 469
242 151
282 484
61 521
344 530
18 346
566 484
112 543
205 489
476 592
365 507
114 424
44 126
304 7
262 365
471 186
385 308
223 188
163 535
238 206
578 250
277 251
112 210
488 582
298 432
423 116
291 454
341 590
121 546
52 463
60 160
547 484
102 203
366 521
476 516
144 72
567 27
144 420
239 426
13 76
589 362
182 115
252 412
251 268
283 25
410 538
9 6
103 5
302 479
339 282
177 293
63 514
107 170
509 306
591 496
427 306
269 17
125 463
354 234
215 123
446 1
316 180
169 245
77 426
314 420
537 322
270 495
301 504
586 225
113 173
32 71
502 268
404 537
268 419
90 37
433 173
515 271
273 425
327 211
206 177
109 206
550 543
102 465
454 463
392 592
405 171
190 573
331 367
205 59
312 306
401 522
209 517
461 215
108 179
498 333
413 581
343 324
426 257
559 396
17 262
384 414
161 31
239 455
141 569
32 418
445 171
395 129
31 241
531 432
339 277
417 374
356 211
277 560
121 303
236 36
100 309
61 119
226 148
293 236
313 248
554 65
72 18
277 119
487 302
384 230
120 122
343 282
373 438
204 263
289 44
466 516
75 70
475 543
508 422
461 189
338 589
391 572
461 508
225 271
54 40
561 245
128 38
218 214
542 243
15 427
548 454
558 113
170 93
79 370
211 137
299 112
12 159
530 526
15 555
5 53
295 323
594 120
14 445
141 293
187 294
475 457
575 168
58 86
46 439
389 51
219 297
244 233
107 544
503 269
340 77
555 318
55 330
413 165
576 483
508 276
254 458
451 141
430 199
180 224
34 176
264 120
423 131
394 186
420 589
483 563
566 581
88 78
8 458
113 390
32 341
155 398
45 165
556 539
252 341
78 386
90 156
85 539
588 105
218 98
26 545
498 238
506 207
281 535
408 374
0 113
563 278
381 575
51 448
114 6
71 312
198 336
563 358
7 282
174 313
121 194
377 417
63 440
348 63
96 119
251 115
206 48
37 561
408 476
61 410
232 204
489 586
54 239
280 475
66 471
185 318
473 256
550 33
335 310
543 1
331 42
371 93
136 104
265 148
551 512
165 237
426 144
191 329
316 330
197 87
52 31
520 476
8 144
588 236
469 388
104 146
277 507
518 279
530 45
349 123
182 392
281 253
45 549
228 264
538 262
518 405
374 302
328 599
384 92
39 327
310 22
59 324
593 182
559 182
151 379
91 336
409 391
133 224
53 168
342 28
558 126
376 2
479 320
293 363
207 459
451 470
245 152
76 429
333 328
506 254
203 262
504 144
132 394
83 392
469 62
119 439
211 30
478 441
377 257
163 728
318 597
36 63
77 479
584 292
396 188
243 59
58 192
208 443
451 593
25 217
417 548
487 76
179 580
64 216
37 534
528 142
275 560
526 400
323 79
113 121
374 464
424 283
227 366
131 19
393 514
385 158
398 249
262 511
392 503
321 65
335 513
416 270
462 168
80 186
188 82
244 282
211 122
25 398
301 239
373 182
125 178
2 112
393 354
58 423
234 442
592 287
437 97
73 77
58 306
549 228
510 18
318 194
127 294
580 209
515 55
434 401
229 54
592 98
6 506
574 456
420 65
386 543
209 18
343 518
507 0
474 128
155 107
377 173
53 497
283 271
35 498
526 392
389 345
169 161
129 430
238 189
347 504
403 501
33 304
254 92
278 227
458 313
491 187
374 25
374 458
205 399
388 261
87 472
135 487
376 405
42 319
388 393
188 348
7 574
19 221
502 230
483 223
530 36
55 483
591 386
447 462
388 288
332 83
90 493
246 84
504 354
467 360
453 208
425 80
296 434
496 524
191 317
431 203
499 523
585 583
324 399
540 343
126 579
6 158
168 86
371 160
53 457
8 285
520 488
278 390
385 398
171 485
430 153
418 209
128 556
61 190
340 147
149 107
345 577
199 285
381 406
154 497
