2302 3653
3099 3373
38 1127
2885 446
1276 3542
771 650
197 772
3527 1160
2451 2235
2344 2815
3673 2678
1260 1107
3303 3088
1703 2326
585 1703
3386 1279
2594 860
2295 2290
2734 3522
809 868
3044 1361
160 2145
1883 1910
1234 3451
1444 3449
3013 3201
1372 1258
1608 3778
2349 2656
2082 340
1955 3544
786 1014
3649 958
1229 2630
1222 3731
358 3447
3042 900
1472 2947
1018 786
3255 561
2067 2523
3317 499
227 1837
40 1135
2067 3362
3328 2000
2120 1524
335 2312
2897 1815
577 1252
395 661
2554 1780
2056 522
1807 2086
2943 3397
3604 285
3380 2279
1077 291
1288 1267
1224 1392
3419 210
3583 518
2302 1129
444 747
765 1458
1662 1466
1361 1500
2720 1214
1140 272
1047 2532
3429 97
2204 3252
620 847
3208 219
432 3448
3476 25
3299 795
1323 2938
2759 3275
1655 2563
1841 3404
2208 2202
812 3613
1611 3066
3761 1209
3255 3514
202 3324
3059 1425
406 375
3779 1289
2278 929
1969 357
1054 562
767 3415
2552 644
3131 3459
1594 552
1036 890
2119 2690
1537 1803
2251 2563
1369 3756
376 3185
2965 961
1430 1741
1505 1903
2696 1728
1001 2792
417 1042
2528 3691
1604 2721
540 3743
1563 1659
1678 1044
2840 1673
2861 1686
903 424
2026 2214
1476 3212
181 1735
1617 1179
3687 3010
488 1995
3305 1015
2711 1313
3418 3641
33 1399
2814 2668
1072 81
2793 933
3249 3733
3451 1950
560 3260
2501 1356
1522 2945
3081 1615
114 2405
3416 3326
203 741
3438 2661
2404 3081
2463 3508
697 3673
893 2925
1294 3701
3361 1241
982 2882
2967 2495
1906 3372
1870 2698
646 3285
52 2222
2173 1440
1009 1607
2196 506
3274 3758
1716 1958
2326 65
3249 67
2261 1270
3392 1365
571 3500
2909 572
2228 2102
2354 3164
3474 1868
2035 2962
1450 1951
3134 1592
805 3409
2289 438
802 2311
716 3245
3425 221
2061 1849
1346 1236
2770 3466
2483 3546
961 791
2840 2206
227 768
365 430
999 1534
87 2415
1114 753
697 568
300 461
235 1300
1879 834
412 2738
545 871
3528 3578
1248 3323
1940 3518
1493 2847
3334 3075
537 3619
3162 2035
2052 1748
1279 2145
2556 862
2233 2208
3370 876
3143 631
3505 937
708 157
264 3706
603 341
1847 514
1947 2246
654 2785
2122 3058
672 2698
182 1489
2246 3232
519 41
1320 1476
2440 2172
551 1773
476 2622
1310 2773
1485 2682
3423 1900
3655 2608
530 2004
2163 373
2927 3760
1816 2151
2309 1713
332 2298
947 1846
3713 1548
35 2007
722 3490
847 1030
500 2893
3243 1675
1818 1813
1546 283
2488 3208
1181 2028
2009 1166
3246 2023
964 1564
91 2755
3561 1716
3757 3418
1210 373
2104 3002
1236 2452
1509 898
3773 2127
3211 1174
1719 497
3613 2482
3562 1408
284 1871
1312 127
221 2837
2746 1847
598 3789
352 1777
1009 3440
2862 545
2603 3522
3082 640
654 3341
1585 1544
2363 2036
961 980
1899 901
2353 1612
2172 2641
797 3426
2689 1635
3486 2508
1306 3322
1110 2246
283 3293
2505 3787
152 698
127 536
406 2179
2678 3253
21 3286
108 1121
730 2664
2634 1065
1488 2557
508 2780
3038 1414
1532 2550
1412 663
3519 1735
2695 1340
1903 807
1516 1112
2192 1969
1689 3289
358 1649
1255 1027
2651 1347
364 1439
711 34
21 1568
2264 1825
1632 2187
3641 1201
1079 3488
3686 2088
1768 633
277 1938
2234 2645
2576 1927
2779 2298
3655 3153
1172 2253
1011 3048
1862 3319
1781 2707
445 3534
2453 2069
378 1884
3639 210
2807 2168
3175 237
1028 1712
837 1191
2174 2832
492 1094
247 1737
2588 696
1 2257
2815 1346
1547 2506
1369 81
1942 3202
912 2084
2450 655
787 172
177 2253
3087 882
1365 1397
3348 1683
1573 1523
631 922
3498 892
1537 786
664 2722
3572 1286
2649 54
453 296
3515 1281
2501 1746
1322 95
2865 396
1208 1296
1626 786
3328 2884
463 1201
546 1619
2254 1919
2160 2566
3105 3228
1631 1525
1061 1936
290 2286
2326 866
145 2471
2791 3595
2046 1416
3573 789
1752 1312
859 3595
2248 778
2664 1142
3329 3203
1444 72
3285 931
594 921
954 558
1455 492
955 286
3433 2078
795 183
1962 506
2228 2222
2444 3219
1493 1207
2030 3511
3531 618
557 3765
1358 2160
2150 739
2012 1496
1423 2422
35 3473
3477 2430
104 1147
792 1053
333 1614
2683 2285
1822 2046
2208 619
1036 3746
2200 812
771 3128
2536 842
3398 670
2391 3018
2122 1711
460 3558
1296 1833
1284 3442
3564 2671
1009 781
827 1376
158 3094
161 2954
1902 808
2552 404
3285 3124
1949 2120
3127 1730
1796 3449
1436 2251
2811 1998
285 3037
452 2946
3776 1788
2621 448
2358 2706
249 1112
3334 395
3193 576
1755 847
1605 1930
544 356
3252 3334
3244 3696
460 2284
1017 736
3123 2304
230 3144
604 1162
1348 256
1133 2712
2309 1030
2252 2571
584 2150
1826 1379
273 3315
96 1072
1550 480
3766 3342
3317 1408
323 2132
648 1982
2870 385
251 1226
1938 3027
2404 1977
1201 533
2232 3312
951 932
3319 628
1375 231
1414 2384
684 2497
1802 700
1597 2229
900 1183
1315 1180
1144 1385
3783 125
3711 1128
3676 2074
669 2141
108 562
2037 1657
935 2825
800 2745
494 2952
1236 155
2677 1522
3145 2572
862 2933
2031 96
2850 25
523 3021
1651 608
2112 2309
502 914
467 2390
60 916
247 1663
1535 44
478 2889
2593 2859
2465 775
1543 159
3110 1164
2469 476
1433 3400
2204 2159
2182 2734
2926 3359
138 2357
1978 2616
185 937
1155 1453
641 3662
1907 329
2070 1152
1124 1250
1063 2593
239 2499
2166 1656
2350 2397
965 3002
3587 457
3404 872
2180 2164
1023 1301
3342 3528
1867 3530
998 2130
3513 296
3135 3229
1475 1514
2333 2331
1372 2684
2280 115
2596 2251
484 2516
1121 411
757 452
1761 2287
672 109
1060 48
3389 1245
1790 2533
2049 632
3218 1628
351 1572
1674 3154
2078 2017
771 3213
2606 3363
1045 467
3356 1373
360 830
182 2348
338 2215
968 1069
1421 2723
996 2324
3758 2806
55 354
1399 1347
2672 1930
2759 2382
525 1104
3687 3566
3038 3342
3613 3074
3258 1477
1301 223
56 3700
3323 2531
2566 240
422 2257
3613 2024
542 1545
1982 2204
958 923
2133 1242
3269 0
1299 396
942 222
3251 1513
3695 3078
298 3630
2350 1187
2937 1073
1775 1833
3590 3642
91 799
510 3767
1891 3786
1168 594
226 1720
2027 777
1232 822
823 801
1235 2390
1665 1416
2815 2409
2568 86
630 2525
204 3183
2571 691
2966 3152
1432 2632
2498 1971
2376 3005
330 1904
1175 2237
1308 1410
877 2370
1156 2948
713 3245
2516 3446
1146 2440
87 3760
2497 2697
1149 2529
218 2094
1184 1604
3514 2080
1326 2376
658 526
2143 363
1449 1718
14 2170
2800 3505
1613 496
3246 1124
3097 1440
1276 903
2084 368
2515 820
353 2020
2593 1246
3394 1948
3171 1708
1981 2084
1044 904
2725 110
428 1544
61 1725
588 2768
1847 3504
1965 561
411 2362
2760 1706
875 3194
16 530
3179 1916
204 3311
766 339
2600 343
2307 2617
1867 1040
3142 2148
1436 3686
2283 1431
2965 1569
3614 3210
1818 2095
2110 1543
1539 1149
1704 3523
108 2750
2007 3636
3133 117
3456 3693
270 525
2420 2227
2451 2571
759 531
725 1836
1614 3459
544 513
1725 2369
3785 867
1550 3436
704 2364
1982 637
379 3684
1673 1929
1987 1796
2838 606
2167 3467
749 3015
694 3707
580 3574
1691 1967
513 397
289 2531
2914 3130
3765 2040
3120 668
1107 1571
2810 2046
49 2152
3774 1239
3592 0
1570 98
2608 3516
1265 1217
2307 2037
1577 3114
3418 50
1928 2123
1835 1805
71 847
1876 2939
679 2805
3322 69
824 1593
714 2847
2961 1961
136 2037
3737 2238
2942 1061
396 2397
2044 2325
1441 633
830 2314
592 1863
2475 994
2049 30
209 1191
2999 608
3326 2328
924 250
842 501
3294 3692
3368 1430
3247 949
467 2881
2426 1334
53 679
3449 1745
835 1218
3380 1150
1260 3637
492 3601
1960 2472
389 3468
598 758
1466 2181
2693 2557
2298 2731
2140 3681
824 330
2277 2677
424 705
2675 2023
341 3724
2645 383
3584 43
451 796
1659 2014
3213 2107
2820 1971
187 2805
989 1334
2775 3403
2016 428
1391 1152
2359 3675
2894 3556
1513 745
3442 2273
801 3424
2344 2580
3249 379
1235 737
3020 1984
2604 1515
1160 3642
3748 1607
2962 1089
3500 2875
2188 2104
3741 545
3537 2499
2164 1698
3522 1371
1341 3161
721 3216
2512 2909
33 890
2169 714
1545 307
2329 3628
1086 2476
443 769
1309 2947
121 954
1946 3110
2684 1590
890 3655
3186 972
1821 1883
3473 3298
2304 2064
370 3215
3271 1811
2497 1913
1943 1356
2137 2795
408 2639
2756 919
1954 3111
2888 436
3551 1488
13 2516
3278 113
2675 2485
2448 2117
2729 1706
1147 2453
3512 3125
2364 1883
1774 2011
2345 229
518 3444
2788 460
3436 3421
2348 1881
1078 2308
1454 3795
3414 1551
2321 799
3429 586
158 1836
2106 3131
326 1521
3071 2763
3037 1174
3716 2860
373 284
1069 609
1854 946
2494 2215
2168 3773
2336 1238
1179 2243
3603 2787
3134 2515
1659 838
108 2229
935 2554
60 3298
20 3574
1247 3367
3376 360
1421 2212
370 1801
3144 2539
1335 672
3442 703
2744 367
2699 283
2247 132
1570 483
3504 2517
1196 267
1021 3716
2459 1515
2393 2738
1230 1995
1086 1131
150 2601
2521 637
2840 932
1683 1382
1094 147
1163 266
3665 2839
1759 1134
1977 330
2658 2164
1412 1555
375 1891
1013 2912
3459 241
1084 1118
641 2104
364 2439
2751 1915
3001 2544
1645 2732
3280 3478
2342 915
553 1909
1311 980
2295 3173
404 3062
1528 1273
306 428
1031 1205
3663 3082
3103 1603
317 3077
490 466
1478 2511
1280 2796
1034 1445
467 3459
2835 1167
2191 55
1633 2924
2375 2766
2226 2272
2234 904
2729 1883
445 3470
2111 2942
546 3511
887 524
2646 399
3699 3003
3256 2356
1461 3751
2836 973
3312 745
1760 1106
972 3033
2702 2003
359 2197
3296 3022
3401 1732
770 1423
521 139
2785 3166
43 2587
2106 1560
1787 38
597 755
3634 700
1655 1867
1831 1438
1535 3753
82 270
2616 1246
2361 2457
2957 52
1845 314
588 621
687 1437
2177 2403
2252 812
1803 243
1392 753
3291 862
3103 737
1728 3662
2366 1913
32 3633
2183 2352
3089 645
1195 569
3166 2297
2746 2811
437 2419
391 3198
2885 2019
2439 3556
940 1467
3383 1706
1142 1465
2325 2698
227 2099
2727 2079
2023 1846
3352 715
2981 1931
3265 3072
1293 2927
2588 2201
3466 1525
123 1741
473 2682
2919 464
771 716
2021 605
307 1232
755 2475
427 3142
1144 3427
3529 860
3681 1540
367 2572
2815 3531
2088 450
254 1754
3254 1831
2225 683
1569 131
753 394
2706 1234
3372 836
2325 1926
2946 1304
1709 2260
1107 3457
729 3710
2453 3213
452 2780
2345 2693
2755 2840
1524 56
935 3285
1972 3702
194 27
1800 1479
2230 1690
2578 726
3553 1375
3369 3165
85 3376
1854 3646
2684 3464
2560 3251
776 24
2331 1290
888 1331
1539 1161
1887 2195
423 1922
3199 1405
3753 3571
43 1446
2578 2700
641 241
249 2014
1286 3390
2052 3237
1140 1016
3519 273
1871 195
2889 1711
957 3591
2303 1031
1899 2014
1624 2657
3724 174
3247 2481
3372 2412
863 772
1611 3254
1321 318
2718 1826
1960 3434
2855 552
2942 2373
1244 1864
1343 2887
2365 658
163 151
727 601
3130 3666
1278 922
783 3159
1143 847
791 506
779 842
1211 2883
3031 1992
1376 3314
920 76
2200 2890
101 3357
954 1567
2309 1886
2564 693
926 1991
2072 2974
3767 3557
2205 896
3478 379
348 1
1467 131
3403 1223
2318 973
1679 3385
1132 2066
2330 3331
1772 2173
3228 818
1047 2623
2589 1541
150 318
1888 2179
1862 3762
1084 343
814 44
900 485
3233 2123
1926 2024
3463 3627
1305 473
1126 1348
3607 950
2317 3205
3010 3428
89 3651
3483 2507
2649 2650
3661 3525
1564 2094
2088 986
843 2094
594 2291
968 2974
400 3560
3709 528
3450 352
1754 590
996 925
1662 567
1744 618
1870 1340
1745 1034
788 2229
1667 1887
287 2780
2974 1291
2096 3606
1321 3710
1325 3033
900 348
2726 959
2781 202
1628 1702
1220 3029
1657 1377
1762 1200
1171 230
3564 1632
1187 2820
878 1861
1226 3209
2626 2207
1338 2222
2703 1482
2010 2360
46 1144
2324 1676
368 602
1496 990
3212 1763
1884 77
2501 1280
955 2222
215 2327
2001 532
3026 2236
2153 3393
2839 2738
3245 2340
2287 3204
2949 3495
3651 744
268 2219
3254 2564
1355 3346
2671 937
3472 1529
2507 1360
162 888
3663 3421
1339 624
3619 719
3776 744
1161 3776
3221 2931
1509 880
1281 1489
1943 2872
1945 8
1667 157
3721 224
2722 1892
1628 3688
489 3412
1860 1408
2471 3612
2021 444
1677 1170
772 2337
2902 1389
1070 615
3717 680
1715 3723
693 2108
3329 1592
979 1144
596 3586
2816 136
2155 2054
3732 2415
558 2513
2548 209
2923 3156
1812 2562
2208 1393
607 3045
3003 2804
3 3762
366 1609
2834 528
54 2542
3522 3386
1066 2772
286 2528
344 2848
1614 2165
2587 912
1834 169
161 3492
724 1714
3329 331
2978 268
649 2111
2923 1882
462 3262
1161 1071
413 142
76 2398
1958 3411
1592 210
2216 2264
613 1299
615 2009
3300 3374
146 1152
3257 3703
3497 404
1379 3541
244 1970
2897 1115
2319 2471
3295 1815
2098 1979
2677 1320
1492 3267
1929 2433
3271 3420
819 1228
3510 3575
942 3037
3571 3525
855 180
1710 952
3469 3246
1832 2875
3553 889
1990 1031
111 1826
2992 372
3498 2909
3305 1128
3621 1504
3041 943
3414 805
1069 263
2645 2498
1520 494
1330 838
531 482
2733 178
2049 1037
3471 857
742 1315
1286 2685
1661 3754
205 264
3047 805
3265 3613
1001 1029
3680 1233
3751 244
2581 528
3181 2735
3342 2120
2533 3575
847 2724
1946 3740
2487 2390
3291 3335
1471 2325
1747 3242
2819 686
2581 1927
1937 3474
2340 498
3575 1116
2081 3467
2537 509
998 3748
3583 3182
2711 915
2365 457
1976 388
525 3453
3281 2959
2967 3140
959 617
3664 1490
2020 3394
920 2060
2334 2490
405 1363
1837 2392
3222 292
1486 1
2266 901
1053 3233
670 2133
3455 3050
285 2513
1805 390
2177 3119
2964 3186
2328 2880
3130 441
2419 3399
1675 337
2792 3105
3289 1471
207 1480
1226 594
1481 680
995 2654
1876 3460
1771 3512
491 2118
3082 2201
2426 2290
3784 1449
3544 3573
794 2233
2077 599
2110 1612
3611 3290
2752 1323
1736 3726
2046 1476
945 1851
1166 1574
1347 2634
751 3116
1515 1465
2428 1259
1694 2145
437 1306
2594 853
3648 1389
1291 2008
1589 2006
3409 3339
431 2705
3479 3371
3750 409
3783 2675
3025 3012
3288 2379
3048 1552
3657 3045
912 1185
3568 727
3176 673
2083 762
1520 3354
3728 734
1554 2923
240 664
1760 1772
605 3041
3013 2311
3181 2996
1440 2589
3023 1051
2946 1962
1290 3302
1689 2191
364 1138
3541 2426
1032 2330
815 100
3729 813
3658 527
2843 3212
1313 681
841 2013
3240 345
2544 2384
1903 2773
2003 1174
2489 1470
3464 649
787 1441
2263 765
2343 1106
1443 1233
1856 919
3337 625
2768 3038
22 2763
1350 1884
805 3035
1499 1371
2365 2230
2995 1759
3720 1400
1073 3254
2296 986
3338 2098
1269 2187
2516 1756
2138 2738
3032 2046
637 461
2546 1268
940 865
2057 728
3029 1087
1482 3698
1982 1743
3783 560
1331 2236
757 175
46 612
3467 2958
2673 3234
1350 1779
1407 3641
2849 3677
432 759
2810 302
2651 3611
1016 2634
2950 3677
928 1368
1089 1185
1759 3596
696 832
2602 3518
2975 3467
2201 307
3400 3076
802 1261
2791 1435
2977 1722
31 2201
829 2310
3382 653
254 2670
2683 2017
3763 2467
3144 2416
776 670
2370 2670
1820 1750
3005 3443
2016 3507
2213 1238
1724 1070
1375 1555
2908 343
2878 1208
2007 2298
585 2162
384 1631
2641 726
3285 2021
193 2118
3621 1419
2766 2147
1335 1747
70 3386
3237 3067
2141 3468
2663 3216
1506 3773
1764 2121
2832 1449
2428 3381
1064 934
3376 2995
3156 778
691 636
3750 2402
2274 1479
3271 3379
3590 1473
3084 1913
1571 1446
2307 738
3560 1752
883 822
3263 2235
2193 2126
3207 3715
1191 3181
1372 2475
2551 215
1985 1307
93 2013
763 1781
930 66
3334 2148
3077 3174
1262 3281
460 2412
644 2787
960 3201
3576 490
2734 1636
3253 1001
2522 60
1512 2886
3782 267
3570 470
1144 2181
717 2682
186 172
1371 352
2651 3332
1466 1000
627 478
764 700
1531 3627
955 722
3219 15
378 1913
2221 1207
1030 2070
1278 3416
395 738
1293 2638
1691 897
1076 3765
1337 3370
2532 376
2044 2670
3429 660
1255 3663
3426 2255
2149 2758
2427 1946
170 3249
2244 97
3748 2991
3075 2587
72 2665
3599 994
2849 584
3507 777
2676 229
810 2413
2887 2560
1517 2937
3767 160
2328 898
129 2987
1330 611
720 276
1843 1414
1237 3063
1968 1336
2941 1697
3162 520
684 2064
2924 20
3767 924
2867 583
3399 354
1832 2299
3722 227
1969 1935
2075 1893
2518 93
2409 2829
1366 3435
1934 120
1618 2091
558 3717
2801 3705
1319 120
1795 3169
3087 1989
754 2571
2721 1079
569 2844
3650 2629
2336 2026
3248 151
1952 1331
1145 915
2217 3243
161 2534
2148 1160
1846 41
1098 1787
1862 3162
3707 3062
824 1244
3738 2820
104 3676
1213 1938
1491 2944
1355 2712
2074 2742
3799 35
764 159
2913 3738
1884 2774
475 139
362 201
1080 114
1541 1563
1536 1909
3766 2443
705 1559
1928 3692
3104 3695
691 2018
1589 348
2799 1662
3340 23
3774 2974
1776 2989
2682 308
706 1680
2110 1105
1887 3561
497 638
2599 1412
2868 319
1498 1015
1221 3357
2405 3568
1796 2910
1722 3
2211 3210
1742 2109
426 213
1763 575
576 1844
1926 1218
238 622
467 2940
837 1473
1100 1653
480 853
3040 3401
3524 3545
3441 3185
1051 1128
2230 440
96 335
1614 935
1125 774
1614 1213
1825 1073
2866 3551
2029 3626
3504 1520
3213 797
1058 2949
3036 840
201 1551
1144 2204
3255 3622
3644 972
1469 1879
988 1737
1931 594
1251 431
3022 2746
1169 2448
3091 777
25 1451
1946 1520
2518 169
2125 360
781 1644
3200 3696
573 3636
3443 2723
707 2358
187 1485
2810 2883
79 994
592 1835
2293 547
252 2709
2332 2350
2644 140
181 976
3730 3799
635 3170
2846 2557
305 566
3535 3434
1234 1516
411 3403
2348 2069
799 290
3486 2211
528 999
1960 787
2975 3603
1186 1720
2514 617
2837 2997
1248 1572
2541 775
3669 2263
56 2277
443 3421
112 524
409 2054
1188 1835
2037 1570
165 560
918 2549
2564 2030
1989 1487
2449 1908
1689 2767
3686 658
3521 1779
1545 1890
2796 3238
1745 3137
1348 7
1128 1377
1793 242
2727 3108
3642 1822
1327 2655
3311 1722
355 2729
1218 3796
2284 862
1947 864
436 108
3355 1737
1995 2217
1240 3551
2576 2991
3431 1629
263 798
2135 3029
3721 3148
562 611
337 123
2583 1027
1083 1151
826 1824
111 1146
1670 826
2723 2014
2689 3274
3694 2623
2085 373
3313 386
1750 2979
3424 1558
1087 1395
1958 150
1703 3237
719 3327
3769 2683
3006 1164
3010 1028
687 1956
388 2207
207 3005
2167 1081
2927 335
2574 1732
424 3231
3231 2844
1240 3366
3276 1910
962 334
1647 871
1908 2073
859 94
578 3245
2773 55
1752 528
2825 3069
2884 268
1953 611
3082 1303
544 440
3705 657
309 2205
1586 2851
611 491
2617 249
781 118
205 3787
1743 392
2561 1342
1496 2515
1517 1817
219 2087
750 1991
1796 2284
2441 1369
3607 1469
3056 1645
3501 337
3171 735
1672 2111
2720 3058
22 2869
669 130
2026 1069
321 3617
637 2509
3778 621
1836 1649
1970 2699
3555 2263
1147 146
1183 631
1881 3142
3497 917
255 3567
1463 181
393 2045
452 2433
2680 3218
272 1218
997 1005
1458 1992
2509 3022
929 728
2322 2691
2106 433
3402 478
1652 1371
3440 2144
3191 3685
3505 1583
2707 2161
2833 2823
349 2814
2076 2544
2996 1321
232 3267
2698 1618
3383 626
3070 2886
2619 3123
854 2662
850 1945
385 3563
3681 3576
451 1261
2101 3627
962 3047
3556 2667
1581 3424
754 1597
468 1360
1320 3353
2178 100
3431 1019
1631 2929
3529 1952
418 2225
3616 1839
2284 1213
1625 977
991 176
1336 1950
38 363
3543 1742
1990 130
3513 1792
1962 1090
3376 1131
3428 1653
14 1718
447 3620
2505 1550
266 2823
96 404
3495 2468
3514 1344
3097 2242
806 1670
1731 2633
3524 1851
3446 89
1250 436
2123 211
2779 2323
2270 623
2099 1344
2627 299
1925 544
3795 708
3725 3588
3790 1140
1281 3120
3788 2145
1578 3166
2799 2182
3265 1438
1288 1416
500 605
2586 55
3223 2536
3316 2767
743 139
3431 2778
739 1786
2543 3291
1635 1362
271 818
3090 1701
1341 3679
80 2617
1876 2341
3696 260
1233 2500
281 1526
3757 2802
3639 1115
1216 928
3073 2604
1055 3117
69 480
940 3721
248 1996
2684 304
1762 1028
1431 457
1005 2748
2512 3089
582 304
1819 2097
77 1645
2182 2785
2599 3514
1928 455
1627 1870
3103 728
2937 1807
3022 2290
661 3500
2162 1908
1699 1456
766 2642
2781 300
981 2712
3056 135
1828 1811
1133 2508
1850 1391
2611 289
727 2296
897 3671
378 3240
161 491
1543 713
352 2688
1933 2024
1650 3150
1070 375
1403 1267
223 3222
304 2124
3639 1061
740 2145
29 1087
3759 2338
3258 1766
1392 858
2933 560
2011 2310
485 787
3293 890
2889 898
3212 3313
3699 1924
2348 1206
308 1269
1620 532
3297 3347
2119 3542
522 3127
255 1684
51 1734
2619 1146
196 3148
2569 879
3651 1204
3175 639
290 2277
2155 1997
1986 3412
3539 3265
3222 1298
1271 2650
1021 587
2354 1872
1471 1275
2895 800
1904 2556
1471 2397
387 1208
201 3695
494 3071
347 1371
971 670
1573 831
334 3140
3693 1280
1530 562
876 2
3143 191
1032 1891
1526 965
1395 1428
2909 3419
2712 2773
173 272
133 2460
3600 225
2860 3778
2289 1471
1684 890
2220 2120
325 2695
620 960
1689 3009
1771 1396
2661 3595
3764 290
463 1532
3556 352
625 1287
3607 1816
939 2234
3607 2093
3183 736
1656 3798
1894 3187
1222 851
2520 1346
2408 2440
3401 1858
518 2797
2318 2332
1413 2967
335 3491
2379 751
3559 72
1965 1957
2182 1796
3159 1257
216 2697
3323 3349
3101 701
2418 1578
81 1468
3633 2654
3519 2897
1187 1463
711 3161
1940 2559
2303 3453
1933 635
3685 3194
507 434
2514 2846
2098 2518
769 776
2168 1874
2863 1068
2516 2721
2085 2579
1476 3326
3665 3419
2454 1894
1819 8
1246 1574
899 958
1007 3057
3151 2786
3781 26
2298 3556
126 1259
969 2835
3505 1808
1295 325
1134 2195
3512 1113
789 3357
1234 3572
259 2797
2607 2740
1847 3776
2383 2564
907 3693
259 1028
2774 3155
3756 1179
606 1546
3194 2140
1955 3715
3360 2508
838 1557
1885 2604
2968 997
1742 1214
2943 1185
2262 1256
3443 2193
3679 1712
863 2386
2410 2539
1979 1665
3715 887
1311 2008
2200 2121
2105 1616
848 3147
3455 2131
2792 3702
1288 2284
1728 2808
397 2718
757 1881
3670 1533
760 432
814 2973
1451 3581
2184 1790
2227 2219
859 2328
1544 956
3465 1553
3146 1592
2358 3664
854 596
1123 1853
1382 1387
505 3375
3175 500
2419 2097
2948 3743
133 274
543 3157
2601 2607
2216 283
2448 1616
3374 3562
2709 52
2234 1591
2477 1521
2379 1082
3379 676
699 317
1256 1617
1833 2443
3503 2896
3288 594
591 2796
1597 1230
785 625
2326 988
2217 361
3365 3112
3722 2715
3251 1787
2474 946
2370 3404
3517 765
1643 3737
133 2840
1902 1139
1542 1126
1224 2940
2896 2512
2303 894
1150 2495
2289 841
1507 298
2794 32
2476 1012
1859 1208
2152 118
2568 2078
44 3644
3538 244
3388 2559
3467 1152
3148 3639
2305 74
2628 1050
241 3151
690 2021
3717 2926
217 901
1248 111
2375 3355
3589 563
2820 1682
3232 2020
1422 1910
2236 401
2490 2379
2452 1422
2012 567
621 182
3592 3005
568 2638
2442 2895
358 1904
2783 607
315 2776
1158 514
2437 3199
3545 401
2022 953
1565 630
333 3541
897 2463
3276 3113
3756 2706
1170 1311
823 22
2463 2039
121 1009
1248 730
1329 2011
3769 321
1590 3286
3279 3744
971 865
1480 2531
798 3007
2689 1755
2775 2417
3079 460
486 1085
3586 1854
3421 1792
3059 311
1765 1623
2575 3345
2620 2126
1075 717
2747 76
255 1835
2454 2139
271 3629
1565 71
3732 703
664 3435
122 813
1407 1170
1170 602
958 168
1480 1959
440 694
3055 296
3491 2348
1656 2407
1593 3502
417 2212
2927 294
2610 3314
973 3378
1866 3582
2006 2617
2057 3430
34 223
2215 2764
639 898
1625 1838
207 1449
908 1876
1042 2688
2017 2653
315 2906
2425 2949
2337 3468
1346 271
1604 2594
3176 507
2223 472
2031 533
3621 3519
2939 1402
2531 1578
2883 1735
3565 892
2506 3784
3589 2751
2589 305
623 2339
3083 2821
1096 2042
3214 3512
1068 3444
208 3347
2798 1372
1048 2756
1938 358
2124 1135
3487 3419
1113 2086
2784 3691
2661 960
2345 2829
1062 1473
1183 3502
1771 3733
1512 1283
360 3242
3106 493
1383 929
1463 2825
1569 1288
366 1088
2989 1000
1901 3698
2327 2422
2426 1802
2138 3393
1905 2302
1760 223
2200 3405
2445 2291
3742 1621
668 3359
98 672
2065 1890
3679 2594
982 2638
3477 2074
1737 2296
499 3146
1826 2757
3696 2181
3355 3654
3602 2093
3352 832
293 405
957 154
3661 249
2279 2060
1615 257
2459 3008
185 1060
1386 3616
3042 1718
1742 1132
1308 3592
142 333
854 3065
3221 3147
230 1022
1537 1704
1260 2379
80 3647
457 1822
3700 924
3726 3548
2023 2074
1489 3210
1562 563
1843 2746
2335 847
2069 3640
686 2388
1032 256
1500 437
3179 3159
88 3147
3743 3042
2904 629
2999 3558
1360 3117
2507 629
3106 3585
820 1065
1713 3779
618 673
1447 3237
32 2942
47 1516
561 424
1461 3696
740 2818
1353 1589
2491 3262
1450 2617
2026 1758
999 762
3338 592
2761 1899
173 549
220 3251
3004 3743
3260 923
2827 317
1004 986
38 196
3258 2479
3070 3363
919 2401
1044 1299
1434 2710
606 513
908 174
767 1042
1110 844
2168 1538
286 1441
1036 1712
3793 1452
3738 2562
1682 1874
2363 1488
3753 3718
1428 2911
790 3709
2997 1701
3461 2568
719 1332
2116 3383
3165 1662
3798 687
2105 603
3092 3256
1704 1081
2602 2493
2831 2600
3621 48
772 1016
852 441
178 3218
3532 1947
3524 729
2421 2892
2770 2171
242 1951
2529 3463
3518 3624
733 2493
2977 1147
522 788
3035 3481
2464 1084
47 664
1869 1233
1800 909
804 544
1202 2081
3363 1569
2807 973
2498 2009
634 2436
1391 2435
32 1164
703 187
3202 471
2839 2647
2423 1244
3424 3234
103 710
777 558
1138 830
1686 1140
2526 3449
2503 1107
2048 2720
2395 1996
762 3344
1123 1502
202 1390
1595 3002
3075 9
2123 893
1892 3475
1396 813
767 3477
2693 2938
3749 1054
2309 1547
2964 360
2435 58
3250 1264
866 1389
2563 1240
48 3250
550 514
3134 1430
3559 1211
737 3330
1909 3249
3590 762
1555 2259
2061 3299
1596 3468
2916 201
1135 2867
3437 2218
3699 2410
3226 819
2547 2992
3396 532
674 861
3170 1514
498 522
3687 930
2646 1923
620 3717
2296 34
3565 1356
3277 337
1392 313
2572 1524
3215 3535
445 936
1407 1776
1622 2956
601 3001
505 1443
2549 155
2217 3090
207 1129
2531 3036
2698 1665
1746 744
1264 2201
2978 1611
1708 3184
766 2656
14 3182
2182 3353
2365 1632
2368 3520
2676 580
2206 1814
3299 1517
1456 1727
2974 540
1216 1000
3426 707
1164 3527
3611 1879
553 1950
3084 386
2282 1443
1414 1961
2648 1766
1865 3113
3507 1631
3160 1009
3791 1060
2566 1356
1554 981
599 1701
473 676
2026 55
2443 3668
234 3624
1877 1165
1764 2762
2044 744
763 1358
3041 2197
2382 3165
3574 1127
579 2356
2735 1937
1892 3147
2084 1344
2864 1090
730 1596
2941 1768
3202 1091
3553 3378
353 2660
1808 2917
1110 2085
3072 1976
3555 2698
1544 480
1507 2051
3447 945
2849 2016
1225 1086
3745 3675
2771 2038
512 626
1680 1499
1765 2328
196 1632
1339 2511
3253 1118
2935 45
2034 1963
164 3376
2412 896
1598 2014
3489 2525
2195 2701
3287 3
3629 364
3693 1133
2525 428
3597 3156
1466 2127
2798 406
3598 1755
3086 330
2313 3323
997 987
191 2131
3077 815
3188 1413
1637 3722
2328 3149
2300 172
3070 853
682 3203
1166 1494
2050 2390
3338 724
988 224
3110 404
584 1109
2216 1557
1181 3540
3415 2376
1679 3369
1385 1685
1190 70
556 395
1267 1749
1005 2108
3286 1917
1695 2995
2202 3046
3388 2987
2666 3050
687 389
917 747
913 2309
2141 2635
1978 834
398 811
1496 2696
433 1396
1043 2956
1032 3724
721 779
1524 2725
260 2807
794 1384
3529 3031
3556 3433
2589 978
3075 2759
3168 1368
2363 1746
2419 3573
1671 1825
589 651
1283 536
2889 971
3496 1907
2364 239
361 1465
2666 3327
821 2215
3520 2734
1718 1463
316 496
206 1926
1992 154
3321 1295
2046 758
629 2535
3205 2818
1405 126
1426 1972
614 318
1626 3492
3497 2156
2547 1398
2223 456
3418 2874
475 930
2231 1002
960 1035
1118 463
307 1357
414 3440
1996 1384
2100 2673
3422 3458
2002 2100
1670 3658
416 3702
3152 1466
3012 800
1276 3110
270 0
744 2949
1780 3156
3119 819
2909 979
183 232
1825 1072
2680 2393
1397 3316
1025 257
1509 2502
340 3251
2329 1225
1721 2151
1746 1906
3209 1207
2918 2837
3401 1036
678 635
3678 890
961 1658
335 2429
1170 57
1574 310
2413 2614
2225 3134
3759 751
1517 293
2426 1217
1426 3383
2415 3416
409 3261
158 2915
2225 1403
1978 2995
393 2435
3400 3720
1777 3374
1421 1760
1121 522
2143 2245
3579 3356
1948 2026
2076 427
1247 930
2373 2495
3433 2484
2904 348
3763 1703
3790 2503
2946 1086
2405 1995
2283 1392
743 968
2806 232
3470 3570
2120 3227
1931 489
2832 859
2317 418
2123 823
327 2961
306 644
1546 3713
2385 3093
1890 186
3283 1018
1261 1414
2281 2552
13 2080
1609 1421
3239 2929
843 2822
3388 1665
431 71
1485 790
2466 3006
2979 651
1512 516
1812 1928
2651 1193
3554 2562
3721 2107
3173 2712
3051 226
2409 3729
1938 2348
162 68
2213 1632
3123 3262
485 1841
2599 3226
57 209
2031 2912
2789 2023
3145 1725
2365 1487
3698 234
3712 788
2282 3276
2632 1172
2253 1055
3309 2640
2442 2511
3345 2902
141 3413
2566 726
2159 395
780 965
1381 2076
1431 665
1486 699
1372 2834
613 222
2732 3121
2175 1398
1706 856
3302 2998
1326 405
1900 3790
748 3413
3179 2291
966 1089
817 2156
3230 1295
1914 804
3320 631
1677 2279
1916 0
2688 3210
2641 1535
696 2260
3453 51
440 3083
609 2776
2858 524
2609 807
1484 1899
1290 3590
2986 2963
1668 2681
1906 1538
1174 3756
1172 1612
3160 611
2583 843
1212 3537
3353 2808
2886 1249
2255 1680
195 741
2250 694
221 385
1659 1641
1052 2594
725 1105
3193 1064
672 108
2796 2709
3398 3631
2765 3161
3174 1387
991 2652
2239 150
3736 2134
3622 2771
486 3199
1840 1815
1596 62
35 1521
1705 3472
3302 2525
889 1416
2641 44
2357 2045
2688 1812
2054 3324
3745 2856
295 3418
3732 2428
848 326
2706 599
3647 450
622 540
1417 2708
2129 199
526 2085
3338 3481
2994 3333
2914 776
911 1160
2668 1431
816 369
1915 1173
457 938
2455 2004
2050 3173
1647 704
1474 402
346 329
2704 3502
801 1335
429 3156
2772 2994
997 1466
3644 1955
3733 139
1496 763
3422 2404
106 3718
1615 1110
593 538
3209 71
1345 3202
1915 2076
1295 1018
3246 2439
3078 3782
1747 2921
2016 2139
3601 1261
518 2362
2427 3793
2432 1972
37 2489
744 871
487 3018
344 2932
1330 896
1028 1313
2975 420
3074 2706
591 1693
3758 1375
3549 3729
578 1401
1216 1
2795 3279
1476 2735
2390 2352
2648 2204
897 1108
3667 3274
2415 3788
3288 2891
827 706
3560 1013
3118 1629
2822 3610
1771 1165
2245 1952
967 3752
2870 585
646 159
3350 1648
2824 1489
1940 969
811 777
328 2603
2802 2110
3287 3622
491 759
2859 2403
3223 1665
3384 1956
2250 1462
2497 2216
2578 3732
1960 1235
2364 2999
3460 2056
2905 3204
2181 2684
3216 651
3779 3065
3230 919
380 299
2544 1102
629 2610
3057 3008
736 653
1735 2198
771 231
2399 336
1297 3113
3265 1762
1722 3068
622 1044
2502 3713
2437 925
527 2543
3742 1291
2131 1103
2278 3082
288 1175
1688 1639
3419 2314
93 263
2689 2937
3258 233
1206 2792
3104 2708
3660 775
1729 3758
1947 2379
3582 3291
2407 2673
2542 3726
2175 2046
16 2447
90 214
377 817
3292 1471
3577 270
3718 3361
2288 1674
1971 276
1447 2825
3126 3142
320 38
2017 424
79 1545
2809 1715
258 3283
397 460
1780 545
1245 2330
2903 211
2584 3544
3095 3728
1557 3675
3572 1232
2483 3657
3544 309
2260 3580
2887 711
1924 810
1475 2987
975 3226
711 303
3552 2989
292 2932
1767 2687
911 3345
1514 817
619 800
1884 2132
1971 2983
3282 3603
2464 1197
3106 3165
3168 1078
2743 902
1112 2189
3391 3386
1168 438
3389 3509
2436 861
2682 1258
420 1894
3431 1141
1897 3114
877 1991
1871 722
2654 2262
690 67
2532 2158
625 1303
478 2824
3752 2068
1652 3166
3737 1571
1776 2592
1154 2151
2844 2422
465 839
3714 2250
2924 274
1990 3328
830 366
1960 598
108 1709
2046 2946
2061 1717
78 61
2519 1867
2105 1642
2359 3203
1796 306
72 526
1527 1719
2557 2384
1696 2155
1553 2756
2426 2028
1715 1495
3646 3454
1712 2838
3620 246
569 1149
411 3383
859 3749
2108 3666
3773 3113
1957 158
2499 750
2073 50
2265 460
2508 2195
108 2613
757 2711
1011 1784
260 2836
3715 1674
2458 1989
1959 1483
1632 954
46 848
2320 3572
2599 2994
0 1314
1655 1755
1957 3194
1019 2008
1979 575
3001 511
979 3203
1825 3558
2005 274
465 1901
3381 644
2837 954
26 876
934 168
1521 2889
1137 3066
1784 1824
3528 2809
2511 1868
686 400
1817 2660
2996 1032
231 1335
1089 3005
3166 2566
462 460
1391 3789
1350 103
2484 960
2820 215
739 959
2016 1861
3218 1270
3410 3053
1274 3795
1719 1319
1945 2492
2176 3
1391 3276
23 1296
2650 3786
1293 905
2109 975
1775 3406
2251 3338
183 1914
114 2777
1143 582
1114 262
688 625
196 2027
2824 3410
2815 2828
202 1284
22 2056
3600 2436
1014 2131
3059 1562
1147 1227
3691 410
514 589
1426 3598
3505 260
2378 186
3291 669
3615 1667
2360 3273
1711 2156
3481 104
2990 695
2624 2175
1862 1301
1549 2381
1780 330
598 1736
2286 2568
2366 679
672 846
2470 2587
2501 548
3010 3487
3539 870
1762 1777
3647 1995
992 52
2216 1096
3121 1939
392 1254
1612 1300
3076 2197
1760 1895
900 339
3051 1394
150 476
3010 3541
1785 2442
360 1615
1126 926
757 301
2912 762
1660 2235
3260 3749
3690 3535
468 1903
1244 2334
2655 782
3430 1546
761 2172
2939 160
3354 111
246 1813
1373 3224
2052 2625
2495 2695
1939 948
914 339
771 404
638 80
1272 529
2315 2841
1465 2712
2909 2341
1368 723
1403 69
3446 2681
550 1699
2323 1570
3771 3199
558 1515
2886 1435
2151 152
579 3798
2391 1839
2073 2454
1024 433
2454 942
2423 1060
201 3735
794 1211
768 3283
535 3271
838 1733
1675 3790
32 2699
1716 3618
1861 3309
1124 2269
1000 1824
3226 3432
627 3203
758 2211
1698 3347
2337 3038
3777 3578
2703 198
2722 522
3178 788
3271 2055
1884 2151
2632 2866
617 2866
3186 2593
1686 1816
1541 2316
2722 1827
2968 1115
3047 524
3434 940
461 1308
15 680
3452 1249
3390 661
83 917
1604 254
66 393
3375 2886
3416 3510
976 1091
3074 1924
2989 2711
449 3275
682 2747
3655 2662
2756 1420
3725 1905
1249 2207
2484 247
2224 3504
1278 3582
3393 766
1512 1486
672 1987
2559 1020
2715 879
2491 1109
229 2476
628 2813
3734 781
392 2448
1553 3279
1063 1640
2347 2761
2163 1733
1683 1000
439 1578
1266 2731
2170 1164
2047 614
624 582
2991 1497
3414 3055
3456 3312
911 1221
3649 390
184 1171
1824 2866
461 3598
3287 2092
1342 1221
436 2809
3609 3070
3091 2665
1933 1734
362 2682
824 2649
3792 1918
174 3231
2955 2487
2182 3095
3166 2722
2131 309
43 401
1588 2390
1354 3035
3568 2893
2030 1126
1986 703
2264 1533
964 1688
475 1428
3275 1320
2819 1720
1911 2976
26 3620
1837 2910
3273 1405
3155 657
1943 3047
1144 174
1361 2865
3438 1304
2278 2972
740 214
3094 1081
2724 1535
758 1583
3429 481
3067 2588
966 2910
3489 3699
1528 1600
2590 2484
3631 1803
752 3481
741 3560
599 2108
1739 2131
368 158
2788 3274
847 1826
2656 1806
2513 1952
210 1366
1955 2462
950 2454
2443 3049
1923 111
3009 761
1648 2127
3353 2290
1255 449
2567 2031
443 2744
2575 3449
2471 3430
1177 3669
3748 2217
1878 3307
286 1988
2913 3114
2884 1339
2757 442
3546 23
1214 2769
2468 578
646 1159
1802 2405
3336 861
19 3045
569 1032
1527 221
2063 2780
69 2700
3097 3283
3477 1799
1521 29
2531 681
2986 937
2624 2382
3362 1561
1807 23
1685 2403
257 3400
3267 836
1358 3638
1015 3592
2097 2036
1509 2132
278 348
3536 2053
546 3794
269 2609
2143 12
3359 2186
1667 2046
1400 3363
2908 3339
3752 3403
2722 301
1733 2567
3736 1637
952 3340
265 614
911 218
2995 284
1877 236
747 3514
3650 1179
3005 2921
2024 3554
3253 3325
2683 821
1951 1112
276 3547
2295 1930
1211 3298
966 3568
2142 3793
3667 3481
1418 3232
617 3576
2452 1956
986 644
845 1528
2688 2923
3784 2613
2699 2036
1185 1633
1741 2140
1340 3446
2046 1713
3135 1873
2276 642
2381 3475
2602 2511
2512 3660
1684 3053
2787 963
3093 2090
3425 1786
2197 1526
2212 2790
3642 778
2918 637
2641 243
1349 1336
81 3246
303 1696
2117 2272
243 2140
460 2005
1847 3024
583 2542
67 66
222 2328
34 294
3543 1423
848 402
780 3202
2772 339
2135 2607
835 2582
2829 2775
2046 1403
117 516
3362 1947
1836 1367
442 3794
270 511
99 1327
1530 172
1724 2017
434 289
567 788
1662 479
2736 841
1772 3366
2538 3435
550 854
1568 1478
1017 364
1815 1786
1525 1257
2973 2997
2109 1852
365 1518
3325 1840
3611 381
2115 2560
1142 73
1868 70
1183 2306
1508 1403
1485 2180
1328 3697
3186 21
1068 1652
2957 2157
1316 1302
764 2684
249 1794
1782 3539
315 3329
235 2224
2621 2336
3433 1796
18 1995
468 3681
1561 474
448 3533
431 2201
1422 924
1586 166
425 722
2886 2020
1620 229
1558 972
2818 88
72 1667
1105 2604
2317 902
1395 3098
1563 2210
2771 3356
2289 2328
793 2601
551 1861
1794 847
848 1976
407 2578
1501 1701
695 835
431 3766
676 1860
3168 665
3239 239
6 1269
537 1886
2781 2710
1184 1566
2656 88
3762 3765
172 3752
3016 1834
3569 2957
946 1179
1694 2358
1747 713
2488 1413
2633 1689
1070 617
979 3684
2340 1697
3391 2517
1546 2228
1495 2906
2225 670
1703 3788
714 2853
198 2601
738 546
1783 2665
3077 2642
3267 1909
126 3372
1716 915
1296 437
3376 694
132 1223
2432 131
3120 2824
1221 414
1360 3175
3318 155
2244 1009
295 2360
2670 1481
3002 3535
918 1263
403 3682
100 2759
1978 399
2184 3146
922 107
2713 1282
1209 2027
1609 1134
1820 3781
1274 413
1017 1765
1328 2096
1160 3099
3633 2024
14 1002
1285 2575
3655 3268
3230 1306
1039 1464
1484 2347
926 2950
2120 1782
2822 1489
3355 2721
2538 1571
1762 358
3492 2223
240 3357
2507 2519
88 722
3776 1621
1677 1879
3779 2807
2329 2322
1647 588
1598 2054
1214 2970
2396 3359
2370 178
1616 2607
954 1380
621 622
701 2788
3121 1838
1310 3110
3127 2652
3227 3245
2084 2634
1028 2327
648 3690
2133 2004
3699 997
1040 125
2050 3562
1786 2762
653 2138
3464 1636
3590 1463
606 801
2791 517
2731 101
2720 3793
133 3165
3541 7022
2695 3608
798 158
1918 3352
2293 1679
3122 1005
786 2298
228 414
2519 3424
1511 3353
1575 1875
1433 102
719 1464
2184 3081
293 952
938 3435
1629 793
261 3788
123 117
198 1207
42 2295
1557 2769
1707 2373
2356 2831
1265 1326
1304 3003
2649 474
809 458
3656 624
2412 1838
668 2888
1975 2691
1460 1558
372 3144
548 1999
1095 141
3728 2932
218 1395
169 3040
168 1267
1094 1943
1893 3055
1570 2957
2412 415
3091 2095
2187 490
3531 1826
1929 1442
3439 1223
3584 1761
1325 3072
1358 1741
114 2506
3461 3750
2545 998
2817 3104
3784 2526
3170 434
3181 944
799 1113
2213 1674
755 2705
1709 1522
1852 810
986 3008
397 1155
3322 2252
1438 1421
373 3269
3442 1598
2934 3653
1198 3105
356 958
1017 3159
238 1304
1742 3268
3 867
46 3672
1294 1180
3227 1312
3024 2974
1183 712
616 1838
812 2664
469 2546
3461 2968
1557 2974
608 17
1390 1645
2543 2754
3289 1129
