786 819
266 45
962 1090
56 1010
998 926
758 787
879 989
785 1096
47 599
828 248
688 1035
253 335
983 913
103 658
87 701
321 930
108 555
378 895
724 39
117 620
1076 701
381 473
898 963
293 829
364 826
597 1022
765 689
1048 334
1032 844
931 1051
421 107
860 938
792 129
996 361
433 708
563 445
806 298
146 589
372 1017
1055 777
804 244
993 45
11 866
323 976
798 628
350 54
1044 1043
519 747
706 956
799 1031
828 10
235 835
130 26
113 129
254 936
308 752
425 213
260 18
873 1085
997 1083
441 949
2 196
481 367
879 317
422 57
212 209
766 1039
85 836
225 940
374 285
551 1081
584 770
206 166
675 633
288 649
559 239
41 921
130 952
55 405
980 65
952 735
1026 334
918 764
781 431
367 660
26 534
459 166
879 1060
986 274
897 734
247 204
902 538
19 1027
22 303
855 614
134 781
20 358
349 943
413 549
70 1095
345 531
128 80
644 588
964 552
951 922
874 592
363 468
299 97
141 260
1055 1021
1077 894
200 235
38 263
1069 243
523 866
721 599
145 564
676 859
1059 655
337 992
884 649
978 952
987 959
5 853
720 14
352 445
844 25
435 1058
811 1021
563 955
39 374
399 896
72 1024
275 6
587 811
444 1031
736 307
226 481
392 439
306 993
877 468
669 8
92 907
1023 1094
373 1061
85 1031
693 807
493 867
831 630
60 1030
549 523
182 341
749 645
221 768
949 657
656 277
662 375
727 562
58 375
48 151
289 602
530 211
474 748
158 861
620 1062
539 262
1092 705
1046 770
518 942
751 201
571 357
945 989
137 238
932 498
522 615
214 633
116 64
11 562
322 412
680 1064
660 45
708 1003
2 856
90 407
719 482
957 551
545 731
857 269
900 202
894 877
431 102
356 985
76 232
1074 284
884 252
372 954
636 819
404 137
775 487
1028 86
88 811
342 887
984 655
674 78
444 762
1021 450
614 151
3 381
1098 1057
418 923
705 1081
1054 950
214 290
986 659
296 164
677 117
1084 242
654 549
379 593
150 158
946 314
271 879
274 479
979 1019
927 932
191 821
248 521
874 900
916 328
74 167
92 33
1009 343
1029 465
25 945
255 496
746 211
485 455
82 518
924 431
1040 938
185 860
974 851
682 1069
548 397
1088 389
856 58
168 515
900 968
78 271
420 214
424 382
582 276
904 76
461 671
3 217
221 978
762 977
201 140
986 825
943 239
712 120
1033 791
404 482
261 728
359 89
438 860
365 893
1086 425
945 666
773 379
1040 618
319 795
1060 192
963 541
25 653
8 500
563 221
616 360
879 858
285 1019
744 854
139 845
1030 891
529 1054
174 136
284 978
30 154
314 738
905 800
245 230
278 497
503 75
16 761
142 985
133 399
108 773
649 482
60 719
484 374
205 704
329 134
328 976
82 9
898 445
923 1090
533 142
458 1089
235 840
437 403
173 856
123 989
50 1047
454 458
908 438
475 395
180 317
765 857
573 20
1063 130
279 618
432 1077
514 526
820 688
194 703
193 111
171 939
545 72
898 848
255 693
1055 540
770 490
755 175
117 660
473 463
862 731
304 972
494 93
444 394
17 444
682 552
675 326
55 307
1026 603
817 476
549 864
93 199
902 155
437 1065
115 1076
70 40
366 615
902 3
439 799
967 629
549 723
292 439
345 952
222 115
843 136
1079 163
66 938
643 523
710 42
75 747
958 504
275 429
444 753
781 79
990 531
772 704
443 147
104 977
466 808
123 4
779 721
852 609
631 595
1092 866
291 411
970 989
138 329
153 163
140 291
521 568
666 751
750 455
439 426
553 1025
870 118
834 498
571 944
1036 187
744 344
12 249
604 322
716 183
999 317
478 65
33 451
13 167
849 129
698 849
666 929
381 207
1045 154
43 632
318 579
1062 675
433 1073
1068 807
678 914
897 522
913 71
160 341
707 266
531 310
542 289
318 827
604 304
954 1063
239 337
926 483
477 279
343 71
907 252
658 402
784 361
411 216
804 1020
530 716
919 852
953 983
981 990
280 832
32 347
457 397
80 495
888 59
775 76
195 186
940 763
937 159
843 757
672 243
851 26
637 733
361 977
636 605
773 400
744 1014
502 473
517 488
694 297
703 1045
82 886
748 397
138 630
910 362
848 973
38 16
517 184
125 184
569 267
568 276
116 172
462 203
69 272
344 1019
165 831
968 183
689 224
1013 67
920 1071
58 358
116 866
545 674
1040 939
80 385
936 528
312 373
409 910
683 427
603 944
220 777
501 120
685 136
109 128
773 1080
685 538
124 739
246 546
392 645
635 962
702 715
870 785
690 324
903 473
83 761
206 734
179 646
1060 455
268 204
142 23
569 614
942 966
443 1000
762 451
708 198
95 46
318 423
499 183
560 677
163 533
815 690
1013 374
792 1094
230 176
203 1036
367 717
651 899
278 336
889 61
648 827
899 351
1075 326
48 348
146 134
352 544
601 555
1023 1033
723 823
471 401
1 692
518 412
602 565
405 181
702 370
164 175
524 555
651 33
147 50
814 1075
233 1045
177 1041
607 206
538 71
633 207
973 595
1060 377
1014 887
201 569
310 586
160 91
656 566
214 39
315 660
468 118
1050 103
46 793
967 436
279 954
1053 472
851 144
280 576
864 1002
247 389
622 535
874 332
875 1075
622 757
133 958
731 500
366 291
709 1085
478 746
738 281
849 923
315 242
374 431
714 740
879 876
933 399
767 348
845 149
93 291
322 913
387 78
227 977
455 504
430 948
473 672
1039 784
868 1070
565 256
728 995
546 748
65 685
1055 989
1057 344
548 191
1094 118
40 981
758 133
911 900
234 314
738 165
1080 439
1092 906
856 602
299 384
902 314
499 1090
321 556
346 854
624 38
213 309
438 952
563 793
576 512
348 123
372 639
961 960
941 578
43 25
490 832
309 294
275 306
968 495
511 285
965 859
384 820
854 978
50 597
779 563
267 462
297 1003
71 489
830 624
716 1067
319 918
649 398
1054 431
573 1020
302 584
427 364
453 355
641 1036
210 160
402 290
50 552
588 453
425 621
946 839
1046 13
651 524
851 989
474 214
126 903
159 428
966 671
275 322
542 619
847 1003
73 934
172 706
538 119
547 507
814 403
18 838
1021 740
469 77
30 478
1024 1031
275 929
812 698
77 809
612 746
120 838
269 748
191 1076
531 657
20 557
736 333
1076 110
10 369
254 777
574 216
793 634
227 186
527 525
62 841
241 1083
512 385
226 225
701 245
249 233
712 716
999 301
583 943
681 1027
971 932
870 379
873 479
313 991
12 41
987 736
663 998
48 643
610 533
633 459
173 112
1017 7
537 386
552 709
896 552
306 112
976 291
281 163
148 1091
179 766
58 1050
1006 450
209 681
1097 1043
51 628
568 905
475 902
957 729
334 87
387 649
363 165
664 607
341 838
642 396
553 1064
250 876
890 933
449 1018
502 498
824 961
750 1054
924 35
817 923
556 555
474 1051
967 682
536 219
874 206
771 422
202 751
229 1042
462 51
831 320
476 897
855 608
886 427
203 337
897 60
600 494
946 1041
785 1079
605 852
174 835
11 923
769 646
760 967
864 800
531 689
709 1097
666 370
456 497
117 643
987 359
170 1040
428 873
243 87
371 646
581 346
355 84
94 881
136 819
662 573
482 996
1077 448
565 883
216 310
397 671
211 1095
74 107
880 820
541 922
475 925
609 284
814 1076
681 817
1048 399
763 196
409 276
391 132
1056 1018
1074 355
822 136
742 598
519 414
454 897
27 180
415 554
19 355
699 310
125 803
341 1057
610 139
738 701
908 705
843 445
521 357
9 491
739 17
286 844
681 327
381 482
706 919
1054 209
985 993
792 15
890 839
704 557
473 868
34 762
365 315
614 930
27 131
809 633
924 561
463 456
609 20
211 821
1047 814
446 770
715 415
976 727
836 523
424 157
587 65
298 355
1045 19
732 497
629 678
719 1068
757 298
408 565
255 20
63 306
523 884
242 238
912 1049
744 858
236 476
62 1080
634 848
303 921
116 148
1088 932
261 936
854 437
345 1019
528 12
947 747
25 634
857 205
488 173
204 531
155 589
638 401
6 560
1 1004
20 1051
397 311
252 160
219 1028
654 663
265 230
124 900
858 196
206 1087
507 75
634 927
475 494
877 1043
901 239
391 255
108 225
470 966
465 536
790 972
517 817
951 406
557 1067
57 223
1063 925
897 567
741 267
974 996
378 824
203 1072
58 1029
403 118
12 7
1043 604
291 182
768 990
200 525
35 630
196 463
333 1011
958 125
539 78
413 100
118 523
1023 70
564 1017
285 476
705 116
191 506
794 927
844 725
956 28
1085 415
679 1008
295 178
1081 1025
171 608
663 214
293 384
515 957
1056 88
721 656
197 171
548 191
75 793
156 1031
640 427
187 643
143 535
161 471
230 151
677 737
258 858
329 1009
821 435
193 970
944 755
177 840
19 767
26 897
447 434
835 330
930 649
509 139
230 933
304 323
608 419
593 83
723 419
994 1022
122 834
580 478
899 173
97 742
107 159
145 387
82 1008
319 470
752 345
858 748
654 29
697 877
910 257
729 890
1039 279
601 346
72 816
588 772
585 231
492 932
648 824
538 81
535 307
563 234
875 143
686 577
167 250
147 155
211 425
1044 884
520 650
1031 503
839 745
806 494
474 438
544 487
402 305
415 171
815 799
574 842
62 225
227 777
298 159
843 737
745 428
1063 940
156 1015
1055 22
576 75
586 595
48 288
301 343
499 1042
656 235
773 568
1015 763
915 574
682 921
700 452
557 649
886 727
751 430
681 853
306 978
117 789
913 1031
339 917
472 990
642 485
1005 12
283 1021
1012 759
1005 355
406 150
700 330
303 710
23 847
1094 862
469 146
1022 667
465 113
254 961
121 1025
1007 849
269 670
346 593
622 898
85 5
493 1018
670 880
854 26
247 930
754 66
82 521
504 385
193 912
789 425
439 671
1036 917
513 351
601 181
531 557
238 828
1011 774
1058 873
152 263
938 871
156 890
399 189
360 785
395 107
902 966
665 699
382 224
10 85
662 1078
405 726
243 1018
407 99
1088 174
261 878
486 627
228 1045
167 714
755 149
216 952
712 99
846 248
320 825
760 57
381 359
83 255
161 0
64 412
1097 1518
