991 860
123 1354
556 1097
890 2245
1 815
1115 2224
516 1560
1602 1806
2060 795
1348 38
1453 1618
1 1679
1905 1977
554 1623
226 517
701 112
1156 1183
1138 1207
191 2076
1581 1059
1146 1914
2004 327
323 601
603 579
43 2387
379 13
1838 1721
2369 2104
1680 1708
2 1534
483 853
1548 80
613 802
2008 1846
1127 2333
2012 1028
616 330
29 2044
991 1692
1025 1114
1976 2037
1026 1761
469 1401
63 1823
2230 1070
77 1183
1460 818
1162 2187
1638 216
178 859
1319 2272
1194 1950
1967 754
1402 100
2301 919
2136 2183
2006 724
31 660
711 932
543 2105
2087 817
1325 2060
1592 591
1307 533
1004 565
611 1881
2275 153
124 613
2323 2246
975 1139
1249 284
2148 188
2091 133
2389 1658
40 2224
1508 1497
2119 1483
1576 153
2068 1345
707 866
1785 1838
1615 1381
257 443
1526 75
567 315
1089 701
1358 1217
1416 654
762 475
8 809
2203 847
1235 754
2266 1968
1474 828
75 733
645 1991
946 1526
538 755
1443 1276
188 517
1537 676
1299 469
200 1400
457 1330
2151 2187
1309 2035
1700 1398
17 1978
1795 243
1149 391
1058 1237
870 2103
1499 2178
1225 86
1037 1775
1489 2088
84 1750
1257 112
1812 1110
76 443
629 423
1975 1932
968 569
31 2277
328 1064
2175 1294
1116 670
1162 5
1849 1477
2175 1123
1092 1479
2011 327
532 1060
1224 1473
2006 1167
530 2045
1162 1158
794 1609
11 1452
196 1541
332 2148
235 2343
350 268
981 999
1742 2228
1217 1294
587 377
92 726
261 227
274 701
497 1143
994 1900
1929 2329
907 830
112 1986
1090 1360
787 698
1286 1508
1515 2195
810 2257
1632 1122
1489 202
2151 1050
1657 169
1067 198
2158 56
2090 1602
158 252
2006 1815
941 831
892 1073
1343 888
1985 1055
2034 1497
1512 1991
1519 1365
17 1859
1333 332
1051 1820
1205 2260
1226 1057
509 2373
132 1380
1932 642
1461 1873
2052 1663
1970 652
413 1299
1370 198
405 315
2137 923
614 1448
70 140
944 391
428 500
1558 235
518 1897
1061 1977
1764 1648
334 1360
2218 1725
756 83
1303 2150
385 1396
931 355
1875 1598
321 645
1268 479
2180 624
2183 592
1598 918
926 1603
995 1105
137 1448
205 1980
2376 1692
2329 2062
2114 1102
1518 1653
398 1103
2238 587
1646 2390
2372 1239
2076 45
2317 1955
1789 2331
2388 1174
530 527
934 1357
429 70
1764 1434
2048 2201
1318 1433
145 1926
700 43
681 280
976 17
44 758
1671 1831
1412 70
103 1402
2166 604
755 1479
150 483
1265 1138
2389 358
12 544
1240 603
2037 1105
677 684
1412 1565
2391 548
1021 522
1584 2099
206 487
1934 2334
564 521
1526 1382
2334 2335
813 1811
41 2323
582 604
106 1536
1909 534
874 1163
642 375
1003 543
1945 2150
1609 1001
1439 2016
412 428
255 1353
1658 1922
130 1806
953 1329
220 435
1138 2309
1603 2398
225 143
2043 798
1353 634
2317 2297
277 1541
1014 1713
664 226
1051 1907
758 1835
475 1852
1884 220
2045 199
1609 1520
519 887
1680 731
720 2174
2390 353
1262 2312
1910 434
1577 615
1572 2275
753 1211
2351 1578
2314 62
383 1654
1797 1641
157 2184
171 2150
178 722
786 692
1960 2090
2322 432
1453 842
625 1798
1973 456
314 1652
575 301
685 1367
1040 437
400 725
1628 2306
130 1510
1027 572
560 159
1559 1833
641 764
284 773
140 490
489 606
1769 1998
779 1231
2245 1461
840 1975
47 698
64 1365
623 1421
720 355
471 1350
1905 107
913 1158
1341 42
855 453
2353 320
930 1886
270 1617
954 1843
2362 2012
621 2238
1667 981
27 1718
1668 928
141 282
1056 2156
1765 1053
683 2058
2161 494
455 2025
2330 1858
1932 688
2073 544
1025 2231
2280 809
359 450
1430 643
2326 1274
2132 1184
1246 362
877 559
2223 2035
51 639
820 684
340 1388
858 1402
1836 199
2031 968
1683 326
1926 1379
1879 1605
534 2389
452 279
2210 1756
2208 781
148 1190
1619 1058
1794 1835
1540 2112
1106 454
191 1747
186 721
1521 1193
960 1245
1110 130
928 299
522 1113
1452 1994
956 1935
493 2349
1345 1904
104 2024
1156 388
1532 839
1467 2293
1512 587
1493 1816
1097 1506
1071 890
961 1058
1062 712
884 1345
1190 2267
1579 1556
993 62
27 2018
1436 701
2112 1957
1475 1420
1442 1436
2333 2129
1850 1583
1050 79
2094 1217
2344 1072
1688 2155
133 622
2245 2299
1583 349
2297 584
1495 2329
2127 2384
661 40
414 624
1812 748
1272 1535
78 1128
2124 1159
178 1387
1323 769
353 1853
1799 653
25 1669
2103 1867
2313 1717
920 1561
355 1268
1102 873
815 198
776 1469
956 1433
801 2082
2321 782
610 2215
1570 705
2052 344
478 1751
1556 987
453 1124
368 614
855 438
1645 443
1928 834
1627 834
1711 1609
192 385
2046 1734
801 2330
1612 1655
640 545
1997 1317
1630 24
1827 1649
833 2058
2094 1213
2321 32
1886 1269
349 1731
1802 568
1915 1231
1561 1511
2316 1135
1342 328
669 955
929 2199
1546 747
439 170
381 375
1619 1888
1876 493
566 1381
1921 845
323 36
1706 772
685 714
1361 2179
2161 530
463 1180
1728 1459
185 1433
981 1314
1348 857
69 1061
1412 999
1428 1494
688 1976
227 1584
2338 2273
1287 2105
1626 595
1238 1291
1506 1140
1691 1120
1708 59
937 282
984 552
1835 2157
1746 1789
538 1162
632 1021
1128 1192
1592 1408
729 2097
312 1104
785 1926
592 2115
936 176
2321 853
90 836
905 1889
60 2098
2270 92
1577 1963
920 1326
986 652
508 1005
2323 299
594 1336
634 957
680 334
1027 33
1231 72
1959 941
1347 1305
1011 819
1865 1377
2173 111
689 1992
49 2256
2266 61
2249 2368
692 1067
1467 850
1857 1205
972 1319
2197 110
674 381
1085 407
248 1781
1916 1814
298 1919
2159 1871
464 484
2226 930
1320 624
2108 992
1228 2138
1158 1995
2114 465
1225 234
722 2052
1476 1414
2002 814
93 804
1822 829
223 1534
483 2206
801 1312
314 774
1991 892
690 1247
130 747
2022 2253
851 1633
717 1692
1518 907
913 936
601 520
1943 1641
658 865
1597 1049
1392 422
1922 802
34 1895
1374 1673
2004 1708
978 1361
497 2193
1019 1294
1570 2113
1504 1543
1779 1165
1579 1415
1527 1001
277 128
1410 868
1401 2236
276 1443
1386 1281
854 2393
1952 448
1372 612
1934 2395
1739 1670
47 1297
660 2046
799 199
1022 1123
1190 2388
2114 1182
367 1353
1680 1761
1367 347
2255 167
1952 1134
1889 488
453 960
2244 889
840 848
1973 1567
679 745
304 334
2126 1615
2098 610
2053 1508
255 1401
1642 1335
2208 1803
1850 553
1572 1319
200 1118
967 2123
976 2397
1360 191
1829 676
1843 335
1254 1995
2232 1667
1808 1746
1267 989
205 778
2034 2255
2058 1213
1045 1782
326 1628
1367 2167
2086 2019
2380 1396
2149 586
963 1674
1513 267
1546 714
2161 1290
112 1747
138 870
1477 137
961 955
1566 1684
1330 562
789 23
1087 1318
910 1802
2205 2387
1492 1079
488 124
1153 1422
55 1049
28 1765
714 476
2333 1296
1312 126
44 1369
677 875
936 2236
1384 1191
707 1345
1194 1435
394 630
914 1888
451 2344
2046 1959
591 1439
213 1858
207 2036
2263 2355
642 559
821 1263
1804 1
1437 1517
1811 90
1006 49
2307 2184
1162 2096
817 2382
1289 192
189 1500
1514 2078
240 1969
2021 2299
1669 521
347 2275
100 868
15 1131
457 1078
206 887
1796 996
905 1797
89 1665
1156 121
871 837
1446 358
1862 135
2289 790
777 2295
1547 2230
2212 1915
1755 1889
615 803
208 1864
1191 1387
123 1114
574 813
797 1046
1545 2176
378 234
1839 1393
1709 2374
1506 1020
1877 1666
638 359
749 1225
1134 1563
1210 1217
814 832
2077 1336
2187 468
1608 589
1830 1288
685 1367
87 2295
50 1622
1678 2212
577 1076
1909 335
1116 1304
658 1907
2126 2055
73 1279
604 247
1789 2127
698 1297
247 326
1785 2114
1663 1322
1855 94
871 893
1391 1106
200 2387
1735 1381
611 181
2089 938
1930 1776
497 1508
1911 1946
37 1430
1977 2275
202 1062
1040 2004
1811 1933
590 1512
2389 2175
2013 1987
2102 401
639 882
35 907
1969 33
704 684
233 627
315 2388
2014 161
2330 467
518 562
1906 1611
1882 1619
633 1988
1622 1812
531 1100
1885 1471
841 200
1722 469
1689 1436
1889 1575
1158 2227
1139 1134
2063 76
192 1063
638 1697
231 783
1335 1045
441 886
400 2041
1788 2339
1663 1883
1259 1636
494 2155
859 880
620 1291
1848 316
126 1267
1902 1878
723 286
835 1377
1365 1461
1697 1101
922 1494
2098 1362
762 929
996 1865
796 574
1740 583
1289 1006
2310 1975
1250 2380
602 2003
2092 608
2139 1887
1737 1440
1930 1858
867 1635
1047 929
418 1604
2055 2106
1245 1039
2161 154
877 971
1730 1371
1372 2180
1056 926
2237 1619
204 1
1877 461
1280 125
342 2021
1400 1022
1421 2079
1742 2336
1265 114
125 1666
892 1016
7 1674
887 1205
2386 437
1869 1794
1549 537
1729 1877
656 2233
188 911
1153 131
286 2049
883 138
1654 892
969 2204
1325 1748
1497 1087
2172 527
1163 1612
1470 432
224 1192
1887 2299
1520 155
500 2020
620 527
1349 153
1762 1127
1893 1800
414 2073
2178 1166
1101 2154
1528 2366
2237 1348
448 522
2369 1718
2021 2160
2001 104
1591 2244
2061 1594
600 470
2146 1528
1908 1312
229 348
1518 1487
2205 224
790 1131
1789 2302
182 420
1583 1766
364 1147
1868 2299
2257 1610
1543 10
536 1201
2026 1672
1490 1790
343 1767
1230 824
785 2037
1695 168
596 50
2229 1317
670 1259
2253 1786
1009 1720
4 1654
273 622
1799 624
1159 1697
2086 565
1480 1178
294 368
592 241
1846 1716
1384 808
1402 201
1223 835
1987 2161
596 807
1183 373
873 1006
908 2065
1779 2308
1064 1816
150 1122
1509 805
205 1509
1592 864
496 2153
16 618
2094 2375
2051 1253
377 1800
1892 2050
1282 1349
49 872
409 765
905 1022
2166 2354
1947 1749
1846 1312
921 373
2077 155
2060 930
2202 2212
1281 715
1832 2215
1696 2192
784 404
1437 2253
1996 56
2279 1543
743 568
2270 1265
1664 2090
2307 763
397 2031
1479 664
1147 2097
517 1739
1684 597
1579 782
2330 252
371 1630
2255 188
2033 70
727 694
357 1926
1237 596
1584 1567
2386 1
1763 1598
893 740
1874 995
364 2171
2024 814
1600 528
1908 261
519 1626
1858 3
2074 1203
1348 32
2279 1713
1774 793
2089 676
1474 1916
1427 1195
2144 2291
972 883
415 906
691 204
25 894
1476 1450
1248 964
851 277
590 1012
405 397
347 2096
895 1599
168 532
2182 604
600 2300
2053 156
1310 876
1372 1486
16 576
853 826
539 49
451 918
2129 1537
2275 2113
1342 1027
1732 2271
281 2378
611 338
1493 1420
495 1777
2134 2386
2124 2344
2240 2271
1683 1771
331 1466
1846 88
2164 2394
1696 1704
909 878
411 2194
981 326
716 1149
1858 33
601 863
1530 1908
1386 502
480 307
621 162
396 255
1907 350
276 2156
121 2009
614 1102
961 917
2104 416
1662 1211
374 944
2191 1465
2202 2282
1378 2298
986 2271
1402 1184
827 882
523 2304
740 1376
994 1946
1453 1897
1218 2099
822 799
1129 17
212 1770
849 2322
1318 725
530 777
1830 1273
2052 2007
90 2275
1635 2338
1898 1061
11 1876
397 2070
1539 563
1436 1702
598 1080
1480 1027
1596 1646
711 449
215 2313
1289 1033
281 2177
649 1889
1699 1161
447 1428
1896 304
946 2237
273 2132
2250 1493
1785 1246
1572 279
248 1405
191 1580
2078 386
2036 569
149 1014
738 353
1096 1780
39 151
1666 1606
971 804
943 1215
629 849
928 178
1505 1874
2058 1262
618 1359
461 375
2209 2160
434 1
1279 1445
2254 2091
1719 495
228 1590
516 2319
6 2081
2018 1736
1115 258
2137 1331
700 1123
1652 671
2297 2327
1136 2307
217 632
2192 2306
702 958
2381 1274
2151 1373
1482 169
1743 60
101 316
594 205
842 853
1168 1038
1250 216
1866 571
1832 1810
1258 1742
1020 1607
895 2229
1393 87
869 749
1729 1547
2307 800
416 738
238 1881
2189 275
1323 2368
1797 478
498 182
1490 499
1806 2286
897 1918
1985 1222
241 2030
1156 1057
263 385
1099 2179
959 1518
1831 936
861 1742
1702 1793
833 1255
373 620
1720 1335
2373 47
2127 1817
1611 1168
835 439
33 148
916 1485
1867 1106
1144 1269
948 1907
2315 1877
1847 41
356 417
1081 905
995 1262
819 1734
1767 1076
525 76
796 126
1926 53
1393 2258
976 299
1992 1847
281 827
1414 680
868 1714
1354 948
1941 1367
1530 1807
1452 772
697 153
1417 1315
214 745
2158 449
2237 2230
1314 305
432 1985
1457 864
2065 1026
49 1584
246 685
2079 2003
607 1793
136 390
1891 2157
484 263
230 703
1468 1461
1768 2378
1996 2179
1207 692
68 1240
1988 2266
1160 486
211 2240
823 516
2188 568
1065 938
1742 461
722 1161
739 974
1123 325
1135 338
1808 2001
1346 1132
1707 1765
237 428
463 157
561 1743
409 2225
1843 1157
721 1965
1579 2173
2215 1228
1244 399
1687 182
30 1061
751 1523
279 935
680 1610
2216 802
1679 2139
579 820
1032 86
219 1302
808 214
2036 134
545 29
1785 2384
283 524
172 249
605 863
279 2056
2218 1988
98 50
200 374
638 1920
349 602
1950 286
690 1333
677 450
473 1480
2330 2359
1387 1289
152 2310
1418 127
1346 1088
1989 954
1556 10
2074 1900
2004 1254
1077 1512
839 2234
535 22
1504 2111
1682 2223
628 807
2192 2011
2249 556
1940 741
653 561
952 408
66 1112
2101 601
1495 672
1537 1760
1490 1335
83 1843
1289 740
1858 65
912 1514
75 665
1772 1658
146 1380
1350 2136
479 69
91 1127
1577 780
2353 1428
1841 1521
100 2236
933 1811
1759 2235
549 1101
2278 1906
674 1745
367 372
1890 1861
529 621
1441 823
2388 624
2065 1661
2344 539
930 1901
1074 1833
1244 1526
1921 1684
73 1338
191 2180
80 1896
739 1337
860 2298
291 1137
1659 1864
358 438
1506 70
951 1607
558 1473
310 1
2053 306
1193 1418
1243 1692
16 1018
1936 1928
246 903
1015 442
1091 363
562 1967
270 660
25 2262
752 1608
1913 232
2324 2226
793 197
1418 1485
823 1484
1499 2220
1937 2327
1558 1924
2112 2353
9 1271
511 1941
1036 1022
105 484
951 562
1632 2
1107 2327
1546 2094
1166 197
246 92
2216 1460
1757 1681
459 1955
2115 2107
791 261
380 458
251 1577
1547 1678
1984 869
1606 302
703 1695
1237 1858
1043 1591
1050 750
777 2195
842 1404
1076 1128
121 1845
1469 2147
372 987
247 1170
808 1830
1136 465
1280 2009
2212 660
587 160
396 174
1628 1737
563 2108
523 1116
1609 1553
1145 1944
497 1247
2384 2059
1301 1823
169 2189
985 1821
680 2170
2125 1411
257 2378
1788 2048
574 623
193 980
856 714
121 1051
258 266
979 147
262 227
2148 1804
2375 1543
952 524
1861 1571
163 283
2303 1497
1333 626
1971 821
2379 635
1409 1934
2114 2340
1678 2267
103 1734
1156 1903
74 13
1206 210
2225 739
512 1918
169 573
941 1011
823 1121
947 247
1900 1970
794 2382
1814 1115
1370 2257
1108 84
257 1646
2 2195
339 860
562 690
396 2009
444 1560
1409 1923
844 1511
1125 975
1401 866
1383 521
86 1657
1688 104
674 914
107 525
794 118
2230 1432
974 2069
1556 1319
944 1942
2252 429
2152 799
1453 906
2341 990
688 2060
15 82
2143 450
1144 1945
1556 1849
464 246
570 1365
1272 1886
1936 1325
1998 1280
812 1028
295 2383
380 2368
1115 1581
935 1608
1305 821
146 766
475 677
415 695
1941 775
1296 243
839 1210
457 2110
242 1537
1940 2242
1479 1352
957 1030
2171 2287
2045 2342
1783 117
2133 816
491 705
48 1433
2306 79
1291 1883
1649 502
1521 1932
1450 2226
222 2011
1197 1491
1349 1321
349 994
749 1825
496 2378
694 181
928 1418
377 983
832 502
142 1169
1256 805
1479 1890
433 1467
1530 1526
92 595
124 1440
1676 1896
1704 1654
244 2368
158 521
1611 22
73 2176
1212 1730
825 48
1178 1479
719 538
689 442
247 225
2264 1322
1775 518
578 399
1606 1410
179 595
160 2271
1200 1816
1526 1108
847 453
1722 1083
2318 1936
120 1520
63 361
184 1288
801 65
639 427
1578 1078
1749 1104
1216 1788
1122 212
1415 1097
18 1783
276 1565
1784 2291
128 1835
1934 153
1369 745
2298 1066
402 496
236 47
123 2032
931 1845
1803 1172
2064 8
153 1741
915 1387
395 1821
161 2257
869 323
1543 1052
1635 1214
1832 976
418 575
2050 978
1176 432
495 898
964 2202
2344 306
640 504
2243 1474
1875 566
317 1306
451 1029
2258 2339
1895 414
1801 1730
1403 912
1165 2098
1964 2184
1814 29
820 2012
2375 279
2016 980
2192 1239
2060 533
1011 1394
1584 4126
85 627
467 2089
1247 2334
2114 2049
1082 428
1365 769
1556 541
1110 1081
606 1418
968 3013
1106 2000
2368 182
1203 352
195 268
469 608
1899 1425
416 987
201 571
1389 708
1458 535
2010 1475
1095 938
727 831
271 1482
1662 2185
960 2386
224 1123
92 2374
89 1676
1528 355
1957 522
2168 1058
1741 1106
566 1897
1786 1654
1474 1197
1258 844
1155 649
95 1398
1532 1428
437 435
265 1473
1484 770
1193 1944
2147 303
213 45
518 1531
1006 1178
1822 1164
117 1886
2055 430
1876 1777
511 2052
2138 1219
1273 48
868 1808
2289 1050
183 449
1211 224
1961 1955
1492 1531
1471 1564
378 137
2193 1199
1079 124
810 270
633 319
1644 791
957 0
848 2252
2281 415
363 755
1273 1329
1420 1734
720 1329
33 1112
1713 1156
378 870
806 423
325 1429
701 2200
2040 205
1875 1789
206 1041
1192 148
1736 2330
2354 2296
1909 1136
1326 1005
1548 548
465 2089
2358 1485
2076 383
1768 1469
1710 1801
1550 511
2067 2289
132 1007
987 1308
30 2293
1125 1812
1735 0
1082 1360
1478 2204
1270 2050
2364 47
1280 2269
74 469
539 1760
1040 1526
86 36
2288 1
286 1854
1425 968
1843 209
2399 1655
1591 1875
2224 1809
2019 890
770 1930
1940 1027
159 827
2338 703
130 1221
817 1563
852 101
993 1386
591 1360
672 1553
580 171
192 1326
2135 10
643 1542
1000 291
1137 1642
45 1230
1996 581
730 1755
763 1157
2275 560
1955 1379
1496 1662
1236 1104
2063 1119
1759 1023
288 750
517 1641
1897 1058
363 608
2130 136
2282 1684
2059 317
1059 1692
1489 1989
943 930
2223 843
2036 1325
65 1749
2259 2155
244 418
1598 59
2058 1507
328 1557
1081 2356
2101 279
947 918
368 2092
224 1034
475 1499
2119 1899
1505 74
1900 937
1704 812
1267 1694
1954 2318
1603 1070
2210 90
293 1760
1963 1574
1964 1619
1924 1340
2094 1951
200 391
304 1098
1115 2391
2241 1091
1654 561
957 990
995 1206
113 44
2276 2381
574 247
1966 1968
2294 2295
19 432
260 1812
2301 1062
1704 1112
1558 727
1504 400
1188 131
514 543
2194 299
2277 1983
842 220
2240 1461
287 156
1322 783
1222 176
1216 1725
2084 327
1254 1066
1698 359
581 2037
2174 914
2258 1904
348 1236
1294 1364
1689 2156
1802 1919
1504 277
3 1195
1141 848
1899 1260
1326 1583
1992 1382
162 480
1494 1225
57 1204
1703 170
516 1995
2059 735
422 478
139 534
1647 1673
462 1330
1001 275
2367 1508
395 1883
422 1058
139 2145
210 102
1744 1934
1432 1926
1382 1024
757 1611
1355 2230
943 688
1414 1269
2202 825
1687 1909
1687 845
2121 1387
2007 2258
388 243
1341 1284
1472 153
1313 1233
212 356
1616 596
1067 449
17 908
2072 903
2211 1144
2048 1804
1346 1489
1398 328
516 1509
368 2000
1130 262
715 1589
70 1137
44 1241
1755 560
1656 1250
1992 1422
2376 1503
128 111
595 2089
394 1721
664 740
1426 1008
106 1413
1930 448
1687 2093
1696 1971
343 467
893 322
2286 1311
2168 1480
2078 563
1813 1394
2092 1316
2109 1779
1196 1958
1626 1204
1132 199
1679 1257
1083 1585
723 2174
724 2003
1608 176
843 1753
1628 312
338 279
1531 1570
296 101
687 796
2239 164
1301 1514
808 255
29 310
1021 493
1502 36
331 1010
1011 1668
2234 1701
1270 1537
1371 2157
1304 2358
1101 388
986 352
331 669
203 911
694 2082
318 2230
506 374
1286 737
63 1434
2354 518
2223 267
799 437
639 1160
190 73
763 497
4 2176
211 907
615 2183
2332 2016
796 1519
548 611
74 1980
534 433
362 507
358 1779
1374 659
345 1248
2347 437
1012 2303
2228 782
1664 2123
724 891
87 1551
344 155
1326 336
1943 1504
1310 1386
2158 863
656 1650
2204 1064
741 1915
631 2095
2303 1717
298 968
272 1167
556 1138
1885 1501
861 74
334 1941
31 1280
117 1043
1807 1958
1432 2396
670 581
1596 703
113 1802
1008 407
337 350
1908 1358
2384 115
2149 1756
1017 1114
1702 2253
1874 817
331 992
145 2297
1125 555
536 998
325 124
1390 240
335 763
764 1191
701 235
1761 3
76 2191
146 1209
1255 265
561 73
783 669
2312 1300
2340 2357
2274 2188
370 30
2023 1603
410 879
2194 613
1532 1513
2033 354
2302 2330
889 1859
284 1916
2019 190
1004 2234
902 517
1100 755
1170 152
1386 1527
38 1371
432 1646
1103 1282
2027 472
862 200
2326 2255
1157 1247
104 1672
1741 2370
1974 2233
1623 1639
2310 1652
333 336
177 306
772 992
1716 2347
1681 202
564 2113
133 1605
555 2044
198 3328
304 2219
2147 1582
1818 883
1828 304
202 995
311 1033
59 795
943 1267
1725 1363
176 1236
1844 1495
1311 1040
569 2332
1906 1391
1406 254
967 710
79 535
433 2117
436 1246
44 61
1651 858
1234 1931
1298 1346
1862 517
1018 1490
1773 1407
663 492
1692 346
1084 1384
1677 1067
771 761
1931 1860
1458 1310
2285 257
2297 1890
160 624
1944 2289
2204 1886
798 55
1112 666
2220 694
1338 937
1015 2019
1223 1797
1676 1886
2392 2098
2223 1133
2189 63
796 788
924 1269
2094 2322
578 832
1501 1819
570 534
2178 1134
1035 328
407 2130
1019 1925
793 946
994 1829
1999 1041
2361 57
773 1836
881 1613
17 1387
2208 1110
342 2372
599 2334
2310 2380
2031 489
1635 2394
2113 1603
2142 762
2068 456
833 1355
1265 879
1640 1686
243 2036
1129 2283
1563 1984
2036 218
991 1304
1686 746
1314 2079
856 601
2399 2057
1060 241
351 125
103 2275
1578 1285
498 1763
890 1557
923 128
1547 1590
2080 446
622 750
843 2386
1021 1902
1393 921
1289 376
1429 469
1166 2186
938 2150
1289 1707
2293 161
1216 1585
1328 1583
1151 1325
299 292
483 1044
1198 1689
1743 2026
2393 489
2044 1869
2028 1542
1390 2171
162 1077
33 2081
1720 716
1794 738
332 1382
2106 1536
993 2273
1477 2122
1470 1557
513 705
1110 2160
1058 2025
258 82
1378 969
1674 1411
118 2078
100 12
2395 1186
1491 1209
911 2101
1936 1608
989 1061
1446 1230
1264 992
2007 2311
1000 1491
1084 1431
1803 893
1098 1442
1362 181
1808 5
900 596
2077 975
2241 1473
2046 1727
1780 2392
1477 1115
1676 1174
965 2314
2180 2339
1306 2255
1885 1084
486 1218
845 315
1493 620
1489 454
130 1152
2046 1809
242 465
1109 977
958 115
693 255
271 466
2155 2052
738 1609
1828 519
2091 1504
2051 1936
949 805
1069 2392
327 1157
513 752
867 7
1286 1706
2152 1286
1757 263
2135 489
2358 2014
1010 1921
1022 646
1696 2238
181 992
1582 910
1182 2084
1167 1619
207 1479
1444 672
1384 1222
567 528
545 177
1985 1603
732 1303
1580 917
1978 1225
818 1149
1866 398
1348 1599
1595 1795
1287 1166
178 1900
1400 834
439 316
2224 689
522 573
547 1902
2355 1244
995 2331
1559 2068
1665 907
1382 4728
537 1330
2289 1681
2143 1370
803 602
436 1604
636 947
1732 2153
1899 591
2349 41
616 1675
372 1984
2366 1328
34 1137
2099 1307
1695 2334
245 1273
105 1530
1570 204
1553 501
1204 2123
1714 1847
231 1893
111 1160
360 1574
1415 2347
1564 1874
1528 1707
715 1134
141 142
1095 1534
2117 1638
1277 2217
2 358
406 1432
1194 1938
1482 830
222 1167
962 1714
1365 505
40 1495
1588 1267
749 1244
1324 2297
599 1375
688 1746
101 1133
1841 2178
1121 1317
568 2267
449 506
863 1715
2169 375
780 240
1312 1052
395 320
1885 1287
1543 742
943 1774
1861 1326
1782 1001
2046 1730
993 781
2358 2037
1717 1394
925 156
2134 1238
226 1405
1269 1242
1391 255
1686 1418
1733 1697
1437 474
1973 614
1845 1900
535 1102
2013 1358
363 929
2351 993
298 324
1261 1044
2343 397
1354 2254
136 979
1523 971
1435 2207
1048 542
375 2239
2363 1716
2032 441
1236 1817
694 1181
62 1716
779 819
130 365
2303 915
862 1776
874 403
49 73
805 1403
677 846
69 1780
1434 1660
2261 1183
779 538
1455 131
1887 1946
1302 1982
2191 990
1587 2172
2223 983
1579 1349
154 1192
2201 721
2238 713
141 1335
1025 935
1312 1987
303 1257
2291 645
1697 2062
323 454
332 1778
1547 1398
451 1104
2391 1665
1161 1120
1632 256
2039 289
1128 2347
198 242
1300 108
250 1019
2209 2255
1068 1033
1988 405
1266 1686
706 1448
1996 838
201 233
1358 1229
1641 1157
517 2319
