2479 2750
1460 766
1044 2475
1387 2500
435 70
1925 290
633 510
940 51
1535 579
1787 1431
55 1969
2667 714
1842 2253
1878 947
430 2186
717 982
1917 2457
2613 2022
593 2635
363 75
883 2003
569 412
1587 1469
112 281
1417 278
2469 1559
922 1574
2041 744
2614 2529
752 1159
1150 2421
978 1678
516 1040
848 244
1098 1890
1599 2245
284 1643
2176 2047
442 1169
624 2551
1742 479
2090 2295
2348 1117
1499 2276
1798 2440
2270 2159
2511 543
309 1912
535 409
2505 234
309 2758
409 24
1444 1824
2414 1490
212 1533
143 1107
2705 2420
896 2425
1649 1210
101 194
486 1912
1509 1344
563 267
298 1753
459 2663
388 94
1062 488
205 1110
2189 1335
2743 2662
1748 1558
2242 111
2503 1880
314 52
2669 1392
748 2582
1801 2052
2169 814
1168 237
1859 726
1045 1230
2405 4
415 431
384 2340
1628 2437
1471 1857
591 1039
796 2768
1924 912
2651 970
1444 2692
2116 803
149 2304
1134 1819
681 1211
279 337
2646 451
1776 2159
550 205
1717 118
212 1165
2043 2567
1959 1310
913 1770
2204 814
729 895
603 969
1408 1071
1804 481
985 526
2322 2279
408 2159
1813 744
153 1507
2206 2727
2209 2448
1051 547
925 1594
642 132
1479 1921
2674 1368
2534 343
2790 676
1093 1468
1443 1193
1932 40
96 117
186 292
949 419
917 2149
1531 928
1080 1158
67 2555
1098 2161
2611 72
1775 2121
380 2160
2264 2391
2631 169
1862 2704
301 750
1196 2575
1494 1259
898 1460
441 2567
662 1528
1250 717
1613 476
1665 2153
1734 1725
671 2012
1136 758
348 2684
1026 2371
644 2364
792 749
784 51
1662 2326
1896 1627
2484 2451
1670 312
1569 2449
2166 1394
2564 533
2089 497
118 1172
1513 37
1243 2188
2663 2703
2232 221
1408 1936
1902 488
702 460
916 1426
2746 521
2307 2644
2464 2330
1690 2563
2171 915
1794 1095
783 1576
1772 2106
2421 1238
151 575
192 718
2205 2284
1295 1609
1421 2485
396 2509
1715 774
1297 2747
2291 1581
2154 929
582 146
2037 1491
1819 84
1510 305
222 2194
1607 2117
2373 578
2237 2683
583 1009
1558 1245
2216 2696
1662 1242
1248 279
816 739
2105 1761
1913 2498
567 355
2185 2150
226 2018
2611 2607
1358 2240
1204 499
2044 795
1664 2075
1273 1602
39 2014
164 1701
295 2439
1517 2584
155 501
681 2691
1602 1759
306 1401
2554 2498
2251 1363
666 1800
946 105
303 1031
1710 348
14 1923
855 1715
2073 2673
1540 2623
941 1577
416 1613
2535 2678
2166 1112
2790 14
2684 169
268 2137
444 60
2559 320
524 96
2716 2067
1391 2474
2507 118
1749 1911
957 665
2397 188
658 163
171 1691
2711 1594
357 181
2700 818
1911 1702
1908 704
1110 577
1493 1145
1650 2697
816 1676
2772 2026
1962 808
2567 1202
633 203
819 1743
1003 25
1444 1269
2431 1669
1737 908
2407 1743
537 2116
2165 2634
1328 2662
1250 1928
2710 1641
205 1205
449 2350
1105 1821
1729 1592
2672 43
105 187
2219 1103
189 1264
227 2650
2775 2226
2218 2105
676 2712
2307 716
2475 2047
8 850
286 2068
1210 1475
1977 1147
1010 1993
1879 1102
1830 1292
2531 2518
744 1113
364 2319
2616 942
1138 1659
1674 1845
1806 1285
2178 474
814 2528
1596 490
2061 44
1256 2506
1408 1957
2770 2513
2397 2040
1344 1091
2103 1602
2420 907
2612 2726
1265 2085
703 603
1659 181
2025 2496
2759 2519
219 717
1825 1332
1334 1159
1677 2381
2747 560
501 1752
1719 1209
2512 1396
870 2596
1380 2698
729 458
1730 818
353 2390
1184 1279
1867 748
309 2056
2294 1914
2285 1380
159 169
2139 257
2526 1967
1566 1857
2057 1269
364 1746
2790 2544
2636 2745
2318 1518
144 2122
861 1935
1887 86
342 2702
720 2689
2180 2442
770 46
555 2549
2601 698
508 1128
1410 1650
2167 321
1544 594
2203 698
2239 1531
1529 1271
2094 528
1799 2380
314 1022
2240 472
2413 2549
1208 1555
437 2215
2078 2111
1560 1611
618 1373
885 62
1525 448
1863 2744
552 1830
1843 2438
2461 1640
2240 105
2 911
2598 1595
2140 1297
1966 1945
695 1223
1226 1073
1035 1740
958 953
2683 1268
891 2042
2503 2246
1053 2023
322 2024
730 2734
1134 38
2074 1721
2050 638
2326 1985
2685 1946
921 2561
1077 1323
2516 2514
744 1423
1438 1032
564 1455
1832 792
338 1240
1134 1812
1372 2004
1369 1397
1055 2051
1169 1124
44 43
368 773
537 2538
1410 1728
1445 115
1752 269
2280 493
204 2603
1896 724
959 1646
2168 137
2782 2099
1579 2029
2755 144
2598 2422
1368 2509
2724 1371
1318 409
675 818
828 2267
107 1923
1802 1990
2527 57
2589 2535
2268 293
1989 846
910 1150
1170 2295
1426 1897
1342 468
2294 2528
1571 1849
1309 914
861 1331
1215 680
1386 1477
2364 2447
2174 433
2577 439
2612 1776
1555 727
510 2526
2489 1466
13 2629
1366 1802
908 1972
819 2407
199 2203
635 1332
1369 1158
304 2095
419 996
1004 1787
1736 2434
1666 332
565 1001
498 1742
1870 1153
75 2354
1812 1392
1610 1493
1714 436
657 2191
359 648
1780 2165
1342 278
316 2108
216 794
110 395
2123 2382
1158 2123
820 2551
2733 1854
2137 2203
1113 2425
377 2574
1811 2111
756 264
1556 2363
1207 1588
2409 569
639 1287
1158 2210
143 1595
2247 1283
2717 88
2433 2201
918 654
166 891
1202 2369
1320 1763
898 993
1957 2298
582 2068
1248 2543
2027 738
2129 1012
1313 1150
1714 1542
2107 2332
698 1974
1296 195
551 2313
1598 1281
1460 1400
110 837
2458 133
1874 1469
355 1659
571 284
2329 2496
232 824
2205 1594
584 2717
2276 1739
2624 1633
1036 2394
1816 901
1340 335
1024 1349
1241 1755
1617 1549
1045 178
2702 2743
2145 2534
1736 725
2339 1361
529 2567
340 2110
2456 922
2656 1381
131 2142
448 305
171 306
52 2704
2129 45
489 2118
2734 2332
923 318
489 1123
1252 463
2081 1810
563 998
2490 646
1607 550
21 168
954 1449
695 246
139 2049
107 172
579 63
404 911
2506 2751
155 2070
1426 1982
1655 2709
1840 938
2410 87
1723 68
1111 711
157 740
930 1371
2646 2234
720 30
2240 316
1198 2120
2414 705
1341 636
1277 872
1050 2239
2556 1542
700 2208
2280 2474
775 1432
2496 927
1261 1198
1672 2221
1828 2215
136 1644
2595 1161
1204 2071
1749 2139
1751 441
880 363
2648 678
2224 27
1647 2216
1997 457
577 2229
1755 537
2582 2297
1567 561
1340 2214
1903 1872
612 788
2002 140
2042 2326
183 904
787 2171
1714 558
847 2046
209 1630
1101 2251
2268 675
2478 1533
683 2174
817 2265
897 2610
1342 1569
1126 2747
687 1030
115 2763
999 941
791 243
22 2716
1334 1290
1541 2658
784 381
796 1200
1792 1459
1220 680
2603 1708
1174 736
1336 2453
1889 419
2527 2075
2523 2420
234 2378
2687 1344
1160 2352
1589 2559
2544 2275
559 1863
1251 891
1839 237
2058 1437
1654 472
2206 1173
1639 388
791 2592
1930 304
2220 2643
1309 2581
1881 1708
1237 323
2335 2643
2098 2457
1621 524
704 544
188 2732
314 629
1392 1940
1737 1762
1882 2351
473 2120
1394 293
2621 347
578 921
217 2586
502 166
717 521
944 1808
2114 893
2072 826
461 835
2608 2100
1696 1565
1621 2350
320 2682
2273 221
1809 545
654 2296
1197 858
1189 513
2643 2745
1780 747
2332 888
2510 956
1738 159
1357 2704
1465 291
674 1287
1911 2024
525 300
2416 2292
1096 1651
2225 98
1229 2735
366 336
2616 2413
2656 1606
136 800
2006 1458
575 1322
1276 2388
712 2371
9 1155
1464 2505
930 1691
1277 117
124 1012
531 2469
15 1056
1909 1740
6 2096
49 690
2210 131
148 1129
126 1981
917 1693
1758 2400
1966 375
144 2281
2596 2063
1301 2201
1448 603
121 2446
1413 2520
669 1454
938 1603
1574 304
2450 1285
126 2231
638 2377
2713 1147
1365 2571
850 997
1922 1567
803 2055
267 939
2548 2134
226 1955
394 2038
100 1199
865 1904
2702 2538
1684 1730
2688 2105
681 1827
1738 1093
2698 865
1123 1528
2622 1049
184 1472
2390 2371
1489 2627
1043 2599
143 2256
1092 192
130 1085
1965 2395
2199 2739
884 2363
174 562
165 2349
2010 2625
1478 1859
2690 262
1588 1952
500 2286
444 2447
2777 954
1270 1264
260 711
1963 2495
1972 1096
471 66
2408 1794
2505 80
1042 1300
1800 2521
2676 1344
1568 2053
727 1306
1722 1773
987 1309
2185 1152
2265 1828
544 1667
1908 684
914 1465
2269 867
1441 2650
1686 2188
312 995
558 1603
1732 1241
971 103
909 347
1430 569
1986 2740
2128 576
1826 2538
1299 118
2231 86
595 514
2173 480
147 1746
2353 2438
1619 1669
372 9
599 2771
2175 148
260 1674
640 41
243 1238
642 458
216 763
2715 657
2764 1010
527 1677
422 942
2593 2137
1784 2586
2698 1978
2005 1793
1234 2629
353 185
923 395
849 1164
2350 1763
338 1461
1869 1970
2645 2292
2631 249
1047 2478
1866 474
655 2164
882 1448
1857 845
847 1579
736 2643
566 2301
16 823
830 1780
136 1762
778 460
326 2442
1958 1137
2173 957
43 1157
474 61
461 1428
1109 1943
563 1618
930 609
2326 1500
102 1584
1154 2148
55 515
2507 1987
477 624
1449 138
1588 1817
2387 873
2611 2299
2746 1819
2375 2578
76 2268
489 2652
1657 2649
1870 105
738 1714
1821 2507
765 1534
1083 176
517 2251
1218 2473
2319 1279
384 295
2791 2049
2540 2465
2408 990
1299 164
555 584
2689 2263
2519 81
2075 441
295 2080
2264 106
617 1534
848 1043
2610 1280
13 2098
687 2577
1134 422
1830 1595
267 260
619 529
290 2596
398 1180
768 1083
1026 80
1451 1941
681 2555
2220 206
1466 1369
2666 942
1397 2471
49 1071
525 2738
2034 2764
964 827
388 616
1172 825
760 167
1705 2619
650 1485
957 1465
2771 545
1483 1621
699 190
1845 52
1436 54
849 1283
1058 851
878 1959
1231 1020
1844 917
811 672
666 1291
2424 1938
401 2073
2579 1921
2413 1824
2583 1666
371 1029
1387 1692
2526 1105
1612 560
172 520
2789 1811
230 676
1786 2586
988 1694
2565 577
686 2233
2391 903
1224 1755
2688 2586
293 760
330 506
2100 1532
672 2749
2280 2629
2156 495
169 2363
1901 707
1880 2061
2311 1370
2015 682
36 334
2151 2152
569 2252
867 1940
1812 1629
74 2663
801 2239
146 1872
428 404
2360 996
1648 2407
2444 1552
350 2166
104 230
426 304
1553 1371
239 2381
1031 2012
2706 292
1511 840
148 1149
1807 79
1216 580
1489 2453
1445 118
689 402
238 604
905 2281
1965 1569
1259 227
1190 785
2022 1832
743 1152
706 1497
165 2004
1174 1004
1714 2191
2393 837
1499 1789
709 1934
814 2103
407 627
2473 946
675 2348
268 2791
133 1656
368 2240
2130 1250
2514 139
237 1331
2728 782
197 2628
1492 2375
1500 285
1046 1775
2226 2639
1003 2187
336 2123
148 605
1248 1341
818 1406
1833 968
60 2560
1193 511
1043 2580
2700 381
829 2743
1945 1234
2301 537
2443 1291
324 892
1772 1997
2385 1957
2253 2701
228 610
2115 303
608 584
812 985
718 2455
1679 2019
1790 684
2514 2541
1977 1972
1300 2765
2210 2184
2410 579
2362 425
1095 1803
323 1113
1717 2239
1372 2068
2192 2134
1051 553
705 2365
1274 681
1321 784
1784 2298
627 70
1599 1176
412 54
2038 1129
2510 2553
2268 59
552 1053
1141 1261
921 2051
2754 1543
2091 1607
696 1766
685 1674
1155 2536
2441 1821
2404 64
244 2139
1925 1495
2243 1469
2079 651
401 558
1317 2561
392 348
2467 1696
2671 72
1215 2712
373 1675
2771 2084
1586 766
585 260
1707 1350
147 1497
2225 1997
1957 2431
1287 283
112 2692
2767 2692
2651 2231
1904 1530
1952 1276
2197 2355
2336 2603
2245 2374
932 1128
1546 111
993 2718
1152 274
2167 277
1901 2460
1046 1283
2567 645
1741 542
1190 2273
161 1326
2199 5
487 1473
2058 2663
718 681
810 399
268 1648
262 2458
291 1915
1024 2157
1007 956
2385 1046
2015 82
758 1789
1629 2124
1228 2074
1788 1642
756 1505
1245 2276
2178 1624
1310 2404
216 1753
688 158
1354 1778
1859 1328
2286 1306
224 2164
578 366
98 1650
1689 394
1458 1874
2067 2595
1054 816
904 1904
2694 440
721 1033
530 2337
1844 2264
883 934
986 1404
2133 2399
2158 2669
669 2350
724 810
1141 502
691 173
401 2166
1904 1024
1629 898
297 1688
133 1762
1291 1471
2672 1604
2657 2321
1882 637
1354 1821
2525 2477
2308 1963
2571 2065
395 1660
1611 1857
88 2572
2797 121
1272 1924
2684 677
1018 1964
1759 2582
788 142
2203 2369
2419 2615
41 727
2109 374
2271 911
1094 774
1790 2670
1450 137
632 1305
589 1386
2107 2354
1293 1956
223 1038
224 2257
840 2039
2096 1434
2263 2029
1071 1390
1475 967
537 1854
2656 1879
965 500
778 860
1527 1092
160 2017
1989 1115
2015 1378
260 1508
2106 2527
1006 1002
2563 1001
2466 983
1897 2714
345 426
2653 2673
2016 2023
2147 219
535 121
1938 1981
853 2563
807 1357
117 2212
2237 1408
1265 376
2705 1598
2233 2779
389 978
528 2632
211 2461
196 80
1739 506
2536 1078
2603 1901
559 2120
2571 885
2679 72
1330 64
912 744
696 494
2328 2579
2728 877
852 1832
2481 835
2300 2386
1563 2603
84 2115
49 502
1699 895
2014 451
210 1028
1768 2409
706 2248
916 1104
1802 971
1764 16
1900 571
1364 34
227 1878
1101 2578
1980 297
83 2758
2253 2231
1906 200
2726 1734
2048 2015
387 1908
1806 2220
2123 487
816 1808
1416 1617
1639 2235
1171 2514
1608 1311
443 1271
1355 2179
626 465
993 2099
2085 1
1506 1557
2501 2031
1827 1415
2614 2793
1489 2339
2212 2792
2540 580
541 2479
659 1251
960 29
328 1258
2735 1138
127 2793
835 1357
1320 1879
77 724
535 864
1908 1661
2780 1213
64 1177
1156 690
1362 1793
92 32
2478 8
1773 2203
1894 1743
216 1781
580 920
1022 9
1395 1299
925 868
603 2276
2499 894
2471 229
48 2311
1781 519
1836 2268
1369 996
1426 1608
2174 736
1736 2743
2282 1710
2156 2438
2589 1343
908 1926
2134 485
2418 768
2706 1301
2394 994
882 1931
482 1191
519 2535
2301 1237
2445 422
435 112
1809 636
473 556
545 236
2008 512
1678 394
2253 1333
656 2647
1005 173
711 1500
962 1585
329 1442
150 1571
2701 1710
586 1138
1282 362
1156 2684
1468 2558
404 526
1245 1278
2689 1910
1516 1069
2356 1066
2373 463
2384 1313
2381 476
1853 2527
111 32
1216 1630
2008 2591
2456 695
2300 2742
2120 992
2259 2717
892 1568
2339 1592
2666 622
1994 29
2102 2696
1305 1359
2577 1295
1832 201
2559 2798
202 807
1652 604
1070 414
363 663
670 172
611 2753
1016 2186
1622 2071
631 1854
2214 2011
653 2284
2230 1715
591 1309
195 810
1405 24
1582 1813
1468 620
1047 1504
1378 2256
134 1783
622 2689
2169 881
1201 1419
2710 2470
2429 2691
2283 1553
2216 1280
1082 2048
1885 266
2618 1032
735 2427
2124 2374
59 915
59 2704
537 2199
1694 730
1502 265
1758 1365
2594 851
1535 258
761 2172
909 2148
2752 1469
2531 1906
917 1357
1227 284
579 2616
621 1269
2617 1535
390 1199
1910 1961
1639 1461
740 1256
1622 2161
974 1590
2534 2670
702 2765
1198 1815
1207 2566
1176 2078
1676 1609
2408 57
2444 435
2599 2023
2363 422
11 929
1774 1114
1220 1211
1266 1937
2054 281
841 1000
2558 399
98 154
67 1920
2068 2351
2267 1448
1607 65
535 2677
879 495
12 368
293 522
1022 2586
4 1356
1306 1841
1021 1545
513 2194
1384 542
973 1592
919 2374
993 2242
1224 1228
545 611
1960 2410
234 1843
2703 1375
1456 2435
1851 1136
1843 2222
1692 597
2781 2682
281 2148
1947 2702
2334 2539
2181 126
1587 2198
1915 1665
1498 2689
2221 2068
372 1272
2359 1863
2160 362
1432 2309
561 2075
2702 561
299 1688
1376 1323
2266 2134
760 2258
2367 1492
1466 2612
2792 351
2501 2209
1787 2755
564 158
2383 1582
1633 181
2007 33
312 2553
1499 2513
1972 1575
1492 1962
56 760
1412 2498
1948 2099
592 1691
1217 1183
796 322
1171 1542
1841 1733
1482 229
1149 2322
893 1393
2023 2394
1012 947
13 1140
2696 2404
1132 1470
313 228
43 2702
219 195
228 1926
1486 962
2353 854
2137 1620
559 1580
2403 1743
1297 614
877 2047
804 2056
671 2153
1226 361
925 2124
1814 424
2278 499
2787 2508
474 2312
1984 2504
1605 498
28 429
1035 2367
1210 42
1250 2509
449 2607
743 387
1987 2111
1038 1180
2552 868
1385 643
630 1644
2740 10
2047 2369
2747 1252
871 1126
1337 1955
1489 685
478 2139
1813 2757
2235 2630
1456 2561
1485 1137
2647 116
2660 1139
1737 1864
1552 2077
1793 14
1639 1405
2485 2064
1188 2317
1054 2035
975 1352
836 376
421 365
1717 416
132 987
353 159
1733 2317
2629 1754
1287 2447
2770 2203
1812 526
1754 1875
594 2367
2071 1903
392 1061
808 2547
26 2662
504 2562
2020 2615
2076 1200
1503 419
73 1247
1746 1659
2560 1509
456 1159
1304 959
1482 1098
406 286
2730 4
2138 2480
907 146
201 586
2607 1664
1011 1457
1215 1374
465 280
129 1088
477 819
1945 607
733 1578
1070 2605
1805 2665
2215 1270
360 1684
1730 2225
1731 1736
2465 2710
678 2669
2 1450
2376 1175
2618 326
2662 2428
893 710
2639 1696
2188 1197
127 891
2795 565
2726 1436
702 4
836 2200
831 378
100 1771
1583 1319
882 1214
951 490
2026 2313
1097 1283
1551 48
1304 1306
1908 2057
2432 2649
602 14
2388 1044
1591 1502
1187 2057
1759 2318
2053 1474
2466 2332
1559 40
2770 2404
1793 1745
1583 827
2593 2586
256 2729
22 2255
2368 948
1034 2071
2179 1959
1964 61
1396 2593
2698 2777
300 1050
1720 1166
657 80
79 348
1817 1296
1541 293
1689 2033
2068 861
1134 2042
938 1770
1383 1859
2797 2331
2189 536
488 2581
1440 1258
2007 1657
64 2608
1355 2273
2085 2188
410 1849
1515 2168
2214 698
797 1806
1336 273
413 583
1353 863
2429 411
2301 2586
109 2311
1148 2032
1281 557
1806 427
2494 1685
883 816
977 881
1420 994
2013 751
2793 707
1567 2471
1088 2059
671 1460
2791 145
805 880
2478 1878
278 1543
2556 17
1930 1438
2260 2549
1579 220
51 1774
1051 2534
1273 2458
2146 825
1442 1365
2227 1216
2032 941
2522 1702
2439 373
1317 2517
1924 1556
1484 2093
539 1869
206 1616
876 1289
1529 250
1152 2320
1558 2686
1702 247
207 1387
52 180
573 1053
140 1373
1650 832
110 1118
800 1056
52 1192
1540 1051
2398 1047
1187 56
1289 2764
2607 881
1614 1338
2149 1644
1365 2492
1559 1368
1845 147
945 2066
2201 781
1178 918
1376 1328
1369 1635
1136 2631
2081 343
1960 2227
2379 1162
1393 259
1822 1239
1 1038
30 1813
716 205
1646 2356
54 2470
2099 2450
937 2019
454 669
1680 2672
1541 627
142 1635
1944 901
1950 887
1867 42
56 2497
1325 351
2780 1235
2179 2317
1518 270
1689 2691
1374 2050
198 1026
1234 1217
2267 2760
1171 1682
2553 1555
2257 2610
380 2711
2452 20
279 2603
2784 409
189 206
1891 2203
345 279
1375 771
2267 2314
1311 2458
2288 806
663 1069
524 2427
2060 2761
2503 521
2445 2534
1633 531
893 2017
915 2435
2702 1553
164 2039
1292 1450
2772 569
995 2016
9 1212
477 1299
1011 642
2124 1737
1918 2714
2161 394
1652 487
2758 1717
2572 380
2318 2207
1811 2532
2199 859
1973 798
297 1877
2552 789
1774 1225
454 2653
1134 2577
1845 1353
53 1003
692 698
2691 2088
1748 610
2721 593
64 903
2283 1429
2155 2482
2094 1597
2453 2087
1951 1392
553 2784
869 2066
726 98
164 1575
376 816
23 2502
1362 1918
2009 8
1595 158
2576 912
2226 502
887 1908
1583 3
2535 362
663 887
2785 1374
459 2493
538 735
830 1245
899 1738
2417 1403
1012 573
173 490
773 174
2509 2670
2345 1972
1253 1999
935 99
738 1514
54 1429
1088 161
1972 980
2018 1026
2563 1156
305 1221
1137 1901
1076 1054
786 870
1113 2707
2412 2477
2557 1080
1599 1283
525 2006
2383 420
618 2234
63 740
883 2777
2156 949
1281 17
1347 853
2356 2539
0 1188
949 1389
1620 2324
920 92
2594 953
49 2302
1862 2720
495 2381
546 2059
105 248
39 794
1636 1619
1372 374
1838 2623
350 310
842 1013
1540 101
856 1307
814 571
592 1225
1050 215
1659 741
2002 1374
1807 1450
165 1053
965 2759
1168 1115
2344 2420
905 842
923 2240
2680 2604
2136 1334
2035 1521
1937 477
1220 30
2341 2734
281 1706
1921 273
2119 1139
1135 752
1788 2734
160 1005
336 1547
1986 2175
2039 1046
254 503
1030 1401
1504 1394
2319 2015
1012 151
2474 2003
1338 400
434 1495
549 389
2314 274
2069 2755
1274 1281
2687 1756
1898 1661
1366 889
2281 1837
473 538
2394 2754
2793 1597
380 1696
1540 445
405 1757
227 1026
1306 1106
204 2214
1853 30
1909 1400
2004 1354
246 2585
1666 1831
1129 1284
1940 228
1601 299
1194 107
1940 348
927 987
1143 610
1415 1744
2260 680
2677 1886
1034 1992
678 2445
2546 946
2589 1838
1593 1016
28 1596
351 2614
2076 990
186 1551
201 1785
104 2722
2108 1634
1375 60
2374 208
755 1991
2454 1856
179 2287
1640 2242
640 1477
1643 209
1612 1549
2220 368
1530 482
692 704
2744 314
75 1102
2742 980
727 2345
1218 2749
2309 609
673 2129
1859 2203
875 1007
439 2449
1636 2790
1056 1654
2707 1851
1991 2583
2465 397
2065 909
1663 1951
2532 1119
1892 2164
1091 1557
2258 2682
2008 2007
1380 2476
317 708
950 299
1799 1086
257 2023
2416 2434
1058 1384
1568 1509
2645 2457
966 2746
659 1844
2296 2593
773 520
2517 73
2548 774
243 342
319 444
539 1694
1848 456
1581 2205
1339 1215
16 728
2460 998
1962 830
1804 1964
2761 507
1816 1627
1420 486
1646 1315
2273 2106
604 375
635 1138
2663 2371
1375 1341
1093 1850
1035 1410
2519 2719
964 2541
263 1353
1579 2102
2394 1610
1596 1171
449 1576
2738 324
210 42
554 1916
1774 511
2690 2655
1183 2423
2782 2007
1808 277
695 1329
2281 892
1712 2228
901 1927
615 1073
497 997
1283 2406
356 2721
800 2013
2086 1888
21 2114
1758 1427
1934 1393
1596 2732
123 350
1999 1229
260 46
51 475
2583 82
971 2578
2256 276
1224 1187
211 601
1763 2536
473 2295
701 2761
1461 464
528 2518
1874 1581
688 2708
795 1638
1492 1125
182 2573
2364 2016
2094 1050
1310 447
379 2449
2592 2423
1840 912
2148 1011
673 1364
1851 1241
863 892
823 1086
2738 85
2498 1877
2226 1988
148 2722
1857 50
1797 333
264 753
2496 2130
2333 1917
2351 1334
1006 398
2473 1508
141 90
1573 117
967 1047
985 893
1410 1454
2484 1426
291 795
1892 2136
1050 1841
2708 2552
1690 538
326 1327
2729 652
2537 914
1472 2456
1367 2703
719 1772
1342 1199
2465 375
57 1608
2343 1164
714 1599
163 2592
1334 91
2627 174
2028 1956
1160 2378
1268 73
1027 2691
2449 993
1163 257
1266 2154
973 2573
570 590
1248 1840
2794 1523
803 276
2072 2705
1238 1158
783 670
898 1405
2546 661
2598 1669
2798 2022
2511 1188
2091 2759
850 2382
30 1191
2185 531
1838 259
2041 1797
273 722
2300 2328
1891 1723
2271 50
2051 1910
1130 691
825 864
2535 350
167 88
2065 436
1516 886
795 1650
703 2763
985 689
238 180
1983 1531
770 1640
1557 1773
2463 2449
2051 472
2533 343
127 2434
182 712
2224 2345
2277 580
2349 1000
2231 628
2759 1362
1177 2538
288 2714
2621 2724
855 693
2674 2346
802 1944
1006 87
950 939
603 469
565 1583
764 753
1108 1323
1515 2189
2664 2066
1376 740
2781 657
1391 952
931 532
431 1623
885 1848
2691 1820
1303 1243
1030 1170
2427 1024
2200 2692
1456 1998
1599 431
2104 2760
1788 1481
1365 2343
2636 1674
1759 820
2519 1336
1668 1746
2296 1586
2668 359
570 2578
584 2332
2603 2341
1687 2282
1215 2727
2468 1844
2516 1047
736 1891
1501 2122
375 1740
2446 1979
594 2782
2259 1024
1016 2776
1277 2264
2513 1207
2714 1712
1177 429
2048 2644
2590 173
1558 2131
2758 1171
1806 1596
719 2513
515 181
244 947
123 730
2249 1316
2665 1186
308 586
1506 93
2696 636
2681 1641
2351 1428
409 148
595 559
863 444
1481 2640
1858 1106
618 709
1520 253
96 226
694 2443
217 1801
651 306
2379 1516
1610 837
1988 969
2602 2738
1181 2051
1707 1864
1723 1649
31 950
1 496
2771 2494
1685 996
585 1416
1485 1116
2148 1571
1606 146
2574 1126
881 1026
1433 549
347 1426
896 1695
551 432
89 900
1001 2426
2715 516
2674 2245
2054 2435
771 529
2274 648
688 1716
279 5
227 163
1286 1184
1930 1024
52 2768
334 1596
2561 676
1633 445
632 2669
2227 2651
1093 539
0 1829
2237 1109
1593 1985
2479 930
1998 496
1270 693
1110 943
263 1526
2778 2458
1870 58
2196 2667
1343 1060
463 448
1339 5
2507 715
1730 1023
479 770
1839 1976
1147 407
1124 2234
762 1154
2098 695
304 2763
2373 2105
1302 2164
2475 184
959 498
2543 1124
2293 1276
1334 1026
373 2027
69 1460
2196 1026
2333 353
380 8
293 52
1464 1120
2338 2656
1176 362
948 752
2288 1442
2512 1404
499 1621
1814 104
568 500
1966 1271
1366 1026
1828 1646
1602 1319
2221 547
2129 1767
2373 995
2716 669
1191 1762
2784 2208
200 894
1678 472
368 2125
2278 1866
1510 1204
2554 1598
839 489
2354 146
1122 2752
829 1607
563 1618
46 809
1722 2684
218 701
1015 1380
796 2658
1205 134
2755 442
1344 1660
2298 1570
116 1084
2193 61
1459 1019
413 2095
2419 1183
217 1653
2546 2051
1142 2482
1542 2579
455 1843
165 1367
1890 1524
2014 381
947 1804
1011 1151
1667 1475
1508 1603
2736 245
2120 1697
42 2702
410 1375
938 2468
2142 2232
2286 580
2799 2476
1989 885
2246 465
244 185
345 951
1218 1474
1213 553
1399 1633
2585 1566
267 185
1642 2239
1054 2467
1884 1748
1812 1866
2620 2296
1258 454
2183 1499
554 2262
1325 2165
1462 2198
1688 2695
1877 2384
867 2014
2711 863
409 401
2103 2767
1148 1658
1324 1313
1470 241
1563 26
111 1748
1901 2666
1955 2531
297 2282
959 711
1742 1006
2304 2227
414 2075
1993 1538
1562 1730
2295 2688
742 2010
1858 2437
89 2332
1842 1308
1812 728
1595 1618
636 2629
167 265
646 853
2671 780
2318 150
37 2461
2131 421
2689 2586
2034 2702
1910 1998
1726 94
1105 980
2441 2201
2141 1431
2114 199
405 20
939 1162
1831 2289
165 2747
849 2071
1898 370
2748 842
423 163
2513 249
4 1733
2492 2257
2658 719
1772 1564
2576 1788
355 1607
1033 2125
80 193
1757 1501
183 1327
2506 1872
2154 1356
2248 212
1046 366
1518 1642
1981 1972
1524 1342
2651 1003
2182 545
359 672
2785 2456
1864 2703
1709 1277
129 410
2087 1043
955 1030
1706 824
2221 831
489 1187
2170 1452
2556 284
2024 2045
309 203
2248 2385
910 1768
311 2324
608 1138
256 1029
2002 491
1195 421
2125 2496
1254 1019
680 55
2703 2213
2356 1217
2619 1641
1942 2286
2534 2602
172 1824
983 2038
1438 1320
1743 652
2419 2205
1343 1931
2157 1835
163 2549
2594 1447
190 626
55 2113
1187 2449
1275 1986
2333 1673
1630 1957
892 1774
1548 2258
1565 1360
1626 869
2196 349
1724 2574
2648 646
2368 1569
2748 1918
347 1709
198 2031
2429 442
1853 71
2691 1451
580 1648
970 1203
109 14
651 789
268 1761
631 2483
2665 2778
704 792
513 746
1073 2273
2106 261
2619 2117
641 662
2573 630
226 1916
1168 1824
1939 1378
2316 1582
2077 1613
1835 1196
1032 1262
1912 2694
2259 2567
1154 2368
300 2362
1155 2255
1074 781
1495 2708
1076 2378
1436 441
2693 979
1141 1780
591 1138
810 2728
1697 2639
256 811
2071 283
1025 1779
661 1880
2535 1177
1631 587
1050 303
1303 1402
355 1309
2660 2416
156 103
827 1296
2599 699
1149 2502
1752 1319
317 792
1759 2231
1932 1403
2102 236
995 2754
1203 2216
1964 2225
1498 757
941 785
1715 1749
1235 1036
2691 2485
375 2759
1801 2715
1295 1504
648 1102
484 1693
1516 644
2330 275
1403 1142
626 1256
1705 1136
712 1680
1575 1509
2729 1812
2586 672
2486 1810
1524 2165
1309 2189
2033 1349
1626 1524
1215 416
1626 1312
810 997
2167 1271
1076 1285
69 1439
1870 1110
551 1004
1670 2595
751 2649
717 849
465 2757
595 1068
2082 1573
496 1311
338 424
1554 2323
1027 2488
15 1775
2277 1915
2470 1838
1392 889
2102 142
1501 1560
394 2372
2530 1428
1775 2220
584 2106
1444 910
1593 2435
2653 2189
1723 190
2452 2522
52 2310
2652 1397
122 499
1651 2211
1720 2012
1860 155
2126 2170
294 2442
1478 647
1045 134
382 69
2587 1328
167 2684
2170 2226
1449 187
2552 1096
449 1760
312 540
536 450
2705 1945
785 1115
2605 529
686 2164
48 1450
1423 952
2771 2035
1401 1546
1948 20
1647 2595
1644 2227
2416 163
2229 179
604 2377
1605 1543
1140 1822
1859 1973
813 2619
2581 1909
609 1306
443 2248
898 1738
1564 982
556 509
1628 1711
2390 2748
2678 1875
2740 2410
2444 1150
540 2197
8 2155
2210 2585
1197 2377
2083 1118
559 1307
330 1794
2108 1721
531 2706
1461 1523
2730 1409
1085 1094
1279 2635
1918 1783
952 1587
1090 2061
34 457
356 1035
1798 1383
1907 1723
2308 986
2320 1190
239 2462
1477 2111
2245 66
1394 847
56 1755
2341 123
2238 901
1509 4061
1092 1148
1172 2020
1592 78
364 1012
414 666
333 438
419 2492
2106 530
2227 1548
2143 2652
2656 599
1742 443
1727 455
852 1367
2493 1906
2730 1764
2751 732
2198 134
2502 170
610 1056
112 1348
484 236
1547 230
285 1801
2581 20
