193 252
160 309
749 906
523 416
569 548
506 449
240 516
601 846
248 339
9 478
373 418
145 974
811 891
68 503
344 171
347 990
16 102
275 624
202 447
33 767
80 395
82 317
156 961
872 124
893 128
14 479
953 780
444 329
468 519
494 632
271 584
471 325
132 331
843 411
622 661
185 82
221 714
104 143
431 260
649 338
866 842
633 891
725 27
370 417
871 373
328 153
695 727
6 543
658 751
475 644
795 504
551 709
677 692
727 755
420 26
792 660
202 948
888 822
509 440
0 515
949 289
829 189
684 361
350 248
630 429
88 14
359 205
893 403
724 679
292 206
297 830
553 104
626 364
213 316
325 97
336 971
612 431
635 786
553 860
682 715
763 243
782 997
29 151
825 1
108 477
50 666
873 725
129 296
533 220
197 609
177 90
248 84
344 499
604 980
924 980
470 61
805 843
185 454
392 955
902 914
236 747
591 197
976 314
443 488
408 482
355 2
550 470
587 443
892 712
221 725
576 228
247 241
729 683
172 475
862 92
576 332
518 205
21 282
906 346
963 718
358 896
885 665
846 569
374 747
37 284
369 842
17 240
848 724
755 565
349 10
242 127
996 961
199 703
793 237
906 744
822 84
212 779
693 660
78 464
500 794
335 610
606 760
555 637
869 234
806 846
310 142
920 863
85 885
642 165
879 442
366 32
63 478
69 615
872 166
963 278
977 610
644 469
214 514
138 350
995 982
614 106
147 555
860 24
991 485
387 219
51 446
569 439
154 897
782 80
393 643
967 743
465 439
635 722
998 180
586 671
669 46
792 581
314 725
513 215
927 949
375 109
864 131
751 280
443 385
58 218
782 319
303 320
585 414
662 774
914 282
999 477
623 155
664 363
262 576
349 759
40 497
642 767
228 463
484 840
583 674
846 945
585 958
336 149
860 75
201 235
142 984
853 227
525 524
361 359
90 400
595 764
254 660
367 276
841 405
772 882
81 103
174 281
415 197
228 208
614 282
25 6
885 75
680 326
724 27
864 967
731 594
487 475
141 571
563 682
811 305
532 138
693 181
85 317
860 326
841 439
515 806
690 851
780 29
972 17
799 293
288 910
324 305
901 792
354 898
705 723
200 455
374 949
832 776
623 691
708 479
145 294
704 244
287 742
215 756
781 49
930 165
134 87
651 600
969 781
736 492
6 957
386 763
479 118
405 355
25 901
762 315
722 192
400 143
524 50
202 419
191 817
425 296
301 592
290 550
543 712
699 742
629 522
310 713
419 330
136 803
847 249
731 518
126 297
504 397
350 805
792 518
782 461
473 226
658 787
486 60
51 613
687 635
251 591
184 382
774 20
909 523
892 41
411 628
395 718
618 255
441 202
415 121
967 610
757 198
81 445
259 855
921 167
793 656
804 744
948 37
588 160
1 641
653 938
774 554
603 858
124 260
824 716
161 760
724 131
834 153
45 410
997 876
678 434
404 377
675 745
973 386
490 259
631 22
733 512
928 307
436 898
321 550
944 937
107 832
394 660
130 47
634 854
647 797
788 203
580 361
444 358
865 689
482 808
235 401
673 943
812 658
753 241
862 162
580 939
472 363
38 602
707 771
157 821
967 160
592 221
942 62
500 267
26 534
401 708
746 780
980 931
471 597
998 515
477 339
25 87
518 583
146 961
232 498
178 363
791 560
630 245
229 489
175 627
101 645
452 138
311 420
507 688
765 775
422 413
420 366
522 265
519 39
403 827
182 936
100 556
715 321
938 542
245 825
240 780
645 411
405 999
22 924
865 665
250 628
559 266
959 655
444 645
408 207
430 407
144 416
927 163
265 655
321 100
10 392
627 184
968 515
178 798
307 145
411 436
905 81
692 927
400 930
138 239
213 372
405 806
642 63
520 886
651 767
661 420
593 739
213 277
904 921
365 219
107 191
100 827
679 456
225 623
189 386
569 819
513 288
918 254
232 569
563 791
542 851
27 49
557 565
66 549
2 849
268 139
121 418
673 156
176 607
514 118
809 467
981 549
330 697
211 491
358 513
715 148
902 521
464 832
498 867
925 85
697 695
113 449
841 597
414 361
512 913
299 961
1 915
537 761
690 449
306 471
721 292
789 383
839 180
222 492
973 985
923 785
659 999
770 793
416 237
717 591
723 426
968 515
23 724
393 498
334 430
757 9
572 181
220 37
396 288
387 97
33 586
407 637
954 766
65 928
776 429
757 42
580 774
52 953
457 83
562 910
729 315
234 778
708 122
973 602
539 521
825 748
154 299
542 141
795 662
188 417
711 978
656 598
200 449
557 862
771 163
280 407
537 605
252 40
908 117
35 354
670 652
350 904
956 648
67 557
162 741
398 65
257 40
779 263
691 136
591 222
943 353
982 82
848 142
670 7
200 578
939 369
513 843
796 530
484 396
835 825
243 686
170 683
216 818
921 153
17 733
700 350
211 825
488 315
987 427
534 457
980 230
280 475
770 668
905 173
813 844
153 308
809 413
894 540
170 69
390 744
605 406
921 857
754 654
683 806
270 897
543 837
364 29
671 907
483 722
640 974
979 828
258 636
409 662
757 607
739 533
991 456
821 806
250 876
505 629
163 559
676 51
700 932
989 739
764 679
538 129
844 255
883 839
538 403
735 702
890 320
853 357
64 844
699 265
107 946
10 257
619 474
187 309
763 868
42 891
986 761
104 885
283 583
456 34
644 399
679 503
539 308
286 802
500 354
323 443
56 336
715 760
656 891
437 251
695 513
96 106
645 687
388 442
480 271
510 953
596 634
693 87
299 758
313 936
40 804
819 17
869 857
183 852
525 150
871 585
628 830
169 963
818 555
857 429
646 790
553 351
591 121
892 449
30 274
506 74
783 791
501 877
663 113
499 145
55 47
676 316
702 535
595 307
589 162
418 665
187 541
526 281
873 344
577 785
80 21
958 933
686 527
775 429
152 653
370 653
145 9
458 175
721 937
466 974
961 537
900 721
754 18
968 523
237 67
920 227
645 539
872 453
513 296
3 748
93 552
240 722
160 521
803 253
969 135
768 896
306 538
659 555
695 688
995 488
136 894
757 300
681 663
996 925
882 646
309 374
251 198
401 836
480 860
532 308
730 813
979 572
765 922
898 850
478 68
59 13
413 925
211 590
656 61
126 386
72 197
819 431
84 212
98 32
595 780
433 911
320 40
174 382
366 524
711 435
914 305
925 213
752 756
887 719
798 281
43 720
909 833
823 675
613 101
294 586
536 166
142 459
527 787
301 748
280 150
292 352
769 764
316 750
239 110
301 890
647 544
462 674
365 454
222 815
875 926
489 614
961 94
398 602
155 795
677 944
80 523
470 711
406 120
836 689
91 97
417 851
287 918
291 589
653 39
116 574
32 938
423 999
50 688
206 778
624 579
289 415
665 110
1 130
581 753
618 725
867 815
183 494
290 886
383 684
369 586
557 155
82 822
253 530
712 984
962 749
490 840
325 924
432 309
936 671
218 244
537 212
16 462
762 399
340 540
645 469
324 225
396 564
971 21
318 658
471 978
246 897
613 69
454 836
40 978
169 417
273 684
693 395
785 24
231 186
569 164
353 537
650 274
54 380
609 907
199 876
194 586
470 41
77 150
790 955
438 211
526 428
694 221
275 45
0 122
450 52
278 203
415 71
777 239
383 928
639 853
194 12
94 603
485 193
95 568
508 844
302 450
396 109
414 532
445 512
497 496
511 56
493 973
244 145
970 277
747 714
696 270
501 790
46 747
328 198
325 846
129 988
547 380
182 886
435 933
689 1418
286 417
706 251
181 227
260 867
256 846
392 138
19 219
717 871
116 291
298 756
708 226
95 329
517 306
309 602
898 291
107 947
608 525
830 789
175 104
572 512
508 459
212 8
135 833
126 4
147 833
299 889
7 692
352 877
385 386
861 519
986 733
580 220
921 975
968 861
184 944
988 788
541 287
540 661
814 393
948 482
397 48
356 70
539 819
996 275
228 547
434 150
862 717
37 24
103 587
476 384
819 782
840 252
959 302
507 447
533 473
996 132
756 34
785 64
458 657
551 854
65 33
872 756
388 502
561 370
493 637
207 35
260 46
494 4
61 252
894 169
959 117
570 911
149 292
894 140
643 372
900 706
878 647
579 379
752 925
845 863
814 504
68 336
664 812
584 126
469 28
871 831
649 263
625 558
68 970
199 260
55 279
736 452
893 211
440 968
60 981
29 474
960 849
934 61
66 381
363 761
74 483
252 108
406 357
919 342
773 591
368 982
300 990
559 664
300 783
857 528
583 82
836 119
293 68
260 836
919 980
266 2146
109 431
878 554
2 357
122 851
769 14
916 942
134 444
769 5
664 404
125 442
696 367
372 634
757 271
51 418
365 362
500 857
462 894
160 578
43 90
559 980
210 804
548 487
66 84
684 581
105 940
820 187
83 706
506 947
920 276
908 0
620 303
885 820
266 764
950 377
170 984
937 450
359 310
96 70
790 243
444 793
392 693
154 422
992 129
968 60
0 911
853 740
262 861
190 885
