3765 2540
4810 1585
1094 2936
2540 2614
2054 4242
1155 1697
501 1025
1226 4365
891 4011
503 415
1958 1815
1350 1853
3831 2611
1682 993
1939 2246
2426 4555
1809 2433
1537 556
821 1147
2088 3660
1735 4372
873 4711
1005 2671
837 1924
1747 1764
2828 4266
2985 4105
3177 1929
4320 1191
4594 2881
1459 2649
2833 3871
4162 2641
3632 1529
2016 3077
2455 2626
1573 4690
1420 2131
438 3187
2149 473
4097 4713
4314 4589
3898 3298
1626 1031
2869 3381
3540 4199
663 4093
3979 717
4186 2209
4790 4851
4644 236
1455 4617
4492 4773
1090 1538
369 4235
3390 922
1157 4336
474 1004
1550 3184
3577 3403
2920 4437
1936 2580
838 4389
1128 1119
767 2184
1644 4887
3113 4381
918 1899
4604 4356
4149 972
525 4386
1104 1545
619 932
3246 3031
2900 4853
969 2437
2158 4156
723 1111
1692 767
3351 3515
3007 4823
1421 2469
1742 4352
2309 2654
805 4679
857 2604
3019 2779
4814 1557
235 2090
1128 1805
3945 1710
2680 53
3847 3285
3451 3958
3570 1329
2530 1891
3792 497
4365 1181
3843 2220
4867 4453
4159 2483
3248 4479
3334 3887
2306 3686
1905 1769
1991 4767
4533 2148
4 648
2491 3281
3115 2594
3556 988
1811 2719
1440 4866
3876 2250
2485 2031
1650 4128
1199 624
3532 3329
2419 2191
1322 680
153 2262
3392 3984
1710 3997
3330 1412
3906 4583
432 4295
1341 41
1011 2197
177 2279
4599 2113
592 2032
1080 611
4719 2792
4152 413
1402 3021
2283 4443
3143 2984
2685 2246
1491 790
3074 2387
1381 107
4336 3592
2058 4686
3946 1962
3274 2679
4329 3893
1807 1374
286 1079
2908 2182
324 4192
2406 3718
3776 3352
2672 3351
4297 2794
3182 3799
2411 1564
186 4634
366 906
2666 3112
1847 2563
1834 3679
3214 2459
2815 202
1116 4302
4250 4163
3929 202
1791 90
2007 2650
3630 824
661 3999
2135 4152
1850 75
2622 1011
3554 744
2122 1619
1996 3991
4495 3958
2186 2235
4207 421
3046 2462
1274 1433
122 2582
3130 3857
4178 3736
4762 3946
842 4231
3655 2044
3371 4208
3277 2479
2492 2235
457 1399
263 1453
3052 4824
4490 3537
3664 4749
935 4570
4814 4595
4863 4361
235 1339
1230 520
1060 442
3577 3855
2486 1745
402 624
3164 1041
461 943
3408 2119
1949 3056
4416 3086
4769 3280
2629 1759
1648 3941
2783 4698
1112 2211
2293 463
3359 4417
1001 4615
2073 1966
3163 1410
999 2809
3757 1949
2552 2160
4178 3749
1685 593
3857 2243
2523 2804
959 1579
2637 2494
4458 1465
4582 1095
872 1243
1196 4788
1567 1309
3207 41
4578 1070
3929 3353
2138 4556
2614 4117
2128 1796
2897 3773
3446 1508
2061 4507
3849 1513
4090 3738
2393 2225
4624 4126
3685 4506
3107 1815
2615 2257
4366 640
1060 383
2301 227
4169 4818
3021 4639
1977 4679
4455 4117
2103 1168
2518 2711
2492 4797
2643 2434
2694 4145
4210 696
4256 3047
4410 4224
3678 50
4138 2762
3237 607
4251 4515
3416 2813
1035 3429
1238 1332
3760 3343
2664 1087
546 1333
2224 4787
3195 2959
1395 4749
3193 1048
116 1847
3626 1590
754 657
4795 2364
92 1855
2015 2729
281 2823
2476 3300
3479 3765
556 4069
2205 1914
389 1436
2976 2834
3251 4624
3030 946
3928 3451
3730 4639
2266 3932
4592 889
381 4530
4810 2899
3224 4837
4510 3416
1982 1680
2987 1123
2622 1442
2582 3108
3392 1337
4696 4624
567 1013
3653 3155
3519 3669
1477 897
332 2917
309 1226
545 844
3978 2363
4472 1868
4257 451
1155 1268
1838 3706
3108 2762
2099 3830
146 444
3209 4083
1811 474
2758 1065
1854 733
2150 3550
3690 4014
2755 3249
4458 2669
3761 1867
3509 4324
3496 3684
2166 869
3113 2466
3228 1662
3252 1103
567 1400
787 2125
478 763
464 515
3898 460
2892 2594
2053 484
2708 3073
2049 1493
4082 1363
2716 1651
122 2436
203 319
1456 4839
2315 20
2057 791
3216 658
2717 3312
1442 912
462 1297
2866 1629
2984 2813
3849 3924
4662 2783
4025 3414
1634 867
1444 4520
3602 126
995 137
4138 445
3832 1270
1886 287
2088 2006
855 29
3889 182
710 1528
4074 3042
2453 4186
2338 1928
311 3470
3829 1242
57 4030
295 799
2218 1863
2561 1640
11 2668
2985 154
1063 4674
1403 4887
3834 1960
735 1607
1191 3255
3463 4100
3824 1639
3067 814
3010 3242
376 849
3017 4674
3003 3385
457 1385
1285 256
4281 807
4840 3438
3144 4501
4317 4054
1874 3765
1802 1113
37 4071
980 1318
4049 4811
2629 961
3682 3656
1099 4433
1285 2429
1469 1152
647 1439
2176 4409
1097 2812
154 3577
1717 1879
287 4427
3966 3728
4100 1123
4287 63
1725 2694
743 289
4408 3921
2417 2884
516 379
587 3625
2193 2534
387 3035
304 4874
721 3281
1719 1724
2434 2180
3388 3337
2027 4853
4878 1153
2191 4324
3866 4173
1178 2619
3860 4835
1458 2812
790 1486
4415 1672
2614 2725
3883 2885
4267 1571
925 3004
1983 4813
875 1225
2152 1313
204 1864
1736 1128
2828 3600
4476 3423
2239 1691
3112 2973
3464 1514
1078 2336
4686 4723
1833 2343
3606 445
1273 1797
3400 2915
2513 1714
873 1918
319 1823
3934 1324
1350 2946
2822 3246
722 4483
3598 1194
4138 1733
2241 558
4382 34
3616 1162
1955 3915
968 2568
68 2848
2251 4123
4846 3177
4278 505
974 3890
956 2707
4860 4417
1537 1115
4384 1849
4578 924
4768 2710
3080 1675
4356 1788
4708 701
925 3605
2833 3162
4634 3668
3902 3628
1994 836
2903 3504
424 3119
839 1563
2017 1088
945 917
2879 4427
1915 2161
822 3772
57 193
2943 3961
2483 2600
1754 1530
2681 721
2014 1496
4692 1158
1913 866
3477 4295
3410 1201
1395 4166
950 651
1598 2600
2206 3551
4443 1617
4110 863
3456 909
3220 710
3344 1507
1561 3620
552 3748
3869 3449
3877 4473
2782 435
2390 4777
3346 3474
4867 4690
2835 842
1808 3699
1705 938
4111 1420
2990 4363
253 1018
4438 4351
479 4025
1905 4097
3806 2660
3406 2131
4022 3813
3019 4216
3719 990
4410 1520
4655 4028
3143 3805
3339 2074
2040 1519
4509 454
2816 3456
2559 2060
1513 2667
1478 3288
1723 2068
2963 1731
2101 1541
2998 3006
134 51
4813 1071
2389 1407
2668 4476
132 68
4391 3946
3032 831
4805 671
3730 1387
640 2104
353 3767
4162 3759
3259 4093
643 2817
4026 1812
2778 4563
2904 1962
2018 295
3996 2672
1805 2862
1112 3076
1224 234
416 1750
1830 3950
4444 2103
3127 2090
4091 1166
4634 205
604 1924
2406 1320
2781 92
4174 2134
2984 4672
3028 3159
4338 4399
3964 4410
2728 3572
4498 1338
3524 1127
2253 4637
2480 3784
2776 3732
1518 1465
4048 179
683 517
1284 735
4027 3548
4429 2265
1012 269
4853 4370
2091 792
3834 3516
1340 711
1313 719
764 1027
2978 2934
1084 4078
3251 1077
2850 4272
2132 2490
2193 1317
1702 1883
1723 481
512 2702
3962 4237
4287 1112
3599 3538
2317 1935
3127 51
1174 2729
833 4714
1839 3266
1753 749
2065 2198
55 3203
763 3720
1324 446
4458 30
74 2202
3994 447
571 1824
1265 2510
215 4666
1181 3077
906 2040
1631 2982
2278 2028
1791 3946
3887 501
92 1217
378 1917
2708 4082
1216 3254
637 488
2206 3216
4655 765
507 870
2086 2523
2710 491
2937 3592
3957 420
173 4041
4495 4884
3900 2116
606 2551
25 517
1594 2079
984 3484
3183 2484
79 4256
3649 2975
2197 1896
2601 1288
536 411
1448 1070
854 2250
4404 4529
3888 3075
369 1586
714 3793
237 781
292 1811
2327 996
4099 918
1051 3416
785 1298
2643 4431
2741 612
3398 2249
2350 1647
1101 1223
4343 3825
3483 433
1009 4742
1303 1832
2238 789
473 1
3665 3462
4770 1753
324 3967
2597 2986
1769 2147
3282 1727
909 1673
475 3361
4147 4671
2702 2129
889 2898
2545 2134
4642 1597
4241 372
3016 1275
2746 1022
4168 2019
878 2710
4387 2285
4185 4707
2016 4250
896 1512
2801 947
4813 364
4697 1634
526 3538
1135 654
3888 4231
40 4521
880 1362
1123 3189
3772 448
3070 3689
579 3786
2777 491
3206 4393
3227 2003
2376 4597
2225 765
3399 4062
955 3884
4257 2139
2282 2343
3094 3532
1888 4865
3126 1027
3431 1522
2815 3387
1653 1432
1181 3131
914 340
1562 4514
2648 4267
2231 3919
2431 3693
2084 4623
673 4557
3700 1279
4633 3653
91 1593
1792 3134
1281 1759
4077 1241
514 1872
702 1045
1109 314
4145 2053
3903 1321
1177 2009
807 3050
4582 4533
1199 3520
2007 2070
1806 48
4341 778
661 3003
386 2775
3837 3678
1733 2376
4394 4490
4798 2907
610 18
1546 987
1866 4590
628 3754
4258 4290
4188 407
3053 180
2872 3567
507 743
1925 857
3266 1964
3280 1904
4640 2975
1706 4057
675 4148
4075 3779
2844 969
1907 1640
2219 4581
971 645
2975 2306
1613 2901
3486 2178
1346 3839
811 4595
626 550
1903 2726
4240 4346
1824 3083
2337 4621
1821 280
303 2804
424 2807
3761 3269
885 3590
2796 3454
4355 38
2474 300
2129 704
3592 2698
411 757
628 652
1240 920
4796 3648
2744 2618
4813 2436
1287 3581
316 3214
2445 1282
2611 3290
1645 1938
4245 1078
237 2576
2391 1200
2996 3253
1106 4240
4338 3425
3930 2933
445 3950
2090 1571
3501 4883
2991 2587
4159 3003
1088 3998
4087 1064
1242 927
1223 1523
2712 4461
4285 2374
3763 2029
1025 2046
348 4042
4492 3814
3468 3811
4613 4468
3657 4298
2709 771
1686 3467
4487 2875
3269 448
3770 4022
2729 3648
1767 1499
963 2205
3379 2313
946 2111
1049 4725
1938 3564
2074 3209
4004 3951
2606 4711
4324 4121
3034 2622
4867 4547
3459 2367
3949 1450
4663 3183
2238 913
1949 2317
4085 2985
3144 4836
3757 2042
2507 1084
2992 2381
3179 1278
2907 1518
3858 1101
921 2397
1620 807
2309 3990
3825 1449
3182 4838
3729 2980
717 3345
4440 2957
793 2510
4315 4476
1800 1218
513 1718
3378 1861
2943 2368
1199 278
1641 4712
3391 3577
4289 2955
1021 3504
3019 2780
2462 4484
3416 4769
1783 66
2770 3948
3421 3914
2060 1729
2030 895
3337 2451
4649 2889
2410 4496
352 916
353 719
4561 1058
4147 4025
167 1076
2850 1196
4083 1223
4277 4081
2295 2718
3544 1552
120 1588
351 4550
4408 3172
1180 2155
4003 4168
4149 2630
3777 3812
3548 4186
1133 3159
1533 4422
1110 2104
1174 3437
2299 3287
1271 3217
4882 4467
3405 475
4038 4645
1505 1140
4825 1419
1882 3770
4517 234
1543 4673
855 3613
2004 1097
1502 2225
648 590
918 4618
279 555
3553 3597
3394 4496
3944 4531
1952 3639
4607 3324
4049 1483
3202 3842
2303 1032
2171 4396
4112 1274
2973 177
1378 3796
3328 1935
3278 1765
172 4616
185 1031
517 308
2634 468
3860 375
3700 1342
2775 3966
1323 3946
4710 870
1234 2150
2929 1413
4736 4056
3004 1907
1057 2540
519 4109
13 4358
196 3632
4815 804
4610 2348
3020 3271
1790 4867
1354 571
273 3246
3260 1542
1970 4727
3704 4887
856 1190
1444 2009
4075 1362
1728 2511
3907 4419
2352 4122
3881 447
3894 4517
1402 1634
2339 2509
1159 3363
2158 4698
4839 968
3627 1751
3361 3265
2353 3694
4022 326
4595 1299
3343 1612
4098 4583
4204 431
3096 3928
1947 3877
798 4496
920 2861
3183 720
291 4363
3240 4244
636 1273
1524 3464
4628 844
3341 1393
3560 1646
2150 3454
2175 4595
2964 3699
2702 4710
3500 377
1540 1510
2494 3904
4424 74
4696 2453
1625 83
1639 1767
800 2944
2188 674
635 2260
1143 672
1979 4829
2215 2359
584 2752
4738 59
2637 1670
728 1537
753 3126
932 3298
3150 2224
971 3623
1594 86
12 1909
3463 3546
2229 2841
4112 725
2477 3817
3917 1879
4736 4130
3066 655
2343 2515
1 1818
100 1935
1056 1165
4562 3784
1010 4292
4399 476
1077 1462
2311 3841
193 1242
4857 4212
2270 2907
2793 1461
2620 2041
1004 587
408 4084
3125 1124
4226 691
1577 4
397 66
3425 240
56 3409
349 809
4495 1593
88 839
3843 1708
4376 2452
3083 3057
3928 477
2042 1382
1832 1121
3966 1731
4018 1268
4720 2264
934 2632
3083 1707
2297 2300
1924 3427
1359 758
2863 465
2827 2931
4147 2673
4196 2800
303 4305
3161 1532
73 4314
2915 3157
4897 2548
4579 9
207 3870
235 1743
1463 3338
4681 1766
4366 2159
4479 2266
3222 2676
4087 2813
4154 3148
1663 813
3348 2973
2766 4478
3551 2658
129 646
4393 655
1576 2694
3927 2099
2077 2444
245 2789
3483 713
4418 904
1436 1794
1915 4547
3149 3282
4764 394
4260 699
4891 2443
2741 3967
3338 1134
1122 822
2869 2160
3660 4319
156 782
706 71
79 1618
1529 1933
3228 942
1879 4393
863 3611
605 4608
2561 862
3440 2890
774 2913
3327 2947
1540 1460
2171 278
1814 3126
521 744
1403 3821
3940 1926
1112 3418
1400 979
84 3170
891 4276
921 3750
603 1697
1925 792
497 1037
4285 1716
4036 1231
2779 3943
1595 3921
3179 207
2481 1997
1010 1068
3715 3411
4686 2281
3075 3473
182 56
3220 703
4390 453
1282 2264
3821 3921
3553 3969
203 3680
495 2093
4774 1048
1874 1261
2745 2181
584 2883
266 2911
2389 130
261 1775
1808 1145
578 4735
2798 418
4410 3227
2728 4733
2291 4244
2927 2609
2241 3297
185 4051
1816 3021
996 3015
171 54
660 2513
4116 3891
1172 2021
250 348
3005 1918
4732 2763
2601 440
2496 4134
2655 1752
2340 2058
1528 451
482 1443
2142 564
899 2046
538 4742
3022 844
4192 590
3782 388
1411 442
957 1276
3343 3112
1601 1480
1274 1961
88 309
3651 3594
1725 2678
199 4
2571 2030
1518 4420
3398 3045
2823 4667
2617 2312
2699 1748
2713 276
2003 1461
325 3891
2982 1383
591 1271
4328 155
651 4879
482 2353
2864 1261
1196 2895
3795 2149
233 887
3705 2533
1987 4114
4481 914
3138 2751
2506 3965
4159 2604
1654 512
4521 2443
3643 584
2564 4780
2765 3618
1770 1199
4431 3593
2747 230
2223 3970
358 4554
2111 4235
891 1651
4293 3326
3413 2905
4115 1747
2795 121
930 2445
3254 4429
3318 941
4009 1949
3465 112
2045 3259
3304 3133
1941 2330
1686 220
2531 1595
950 2525
4766 1529
4802 284
2135 1179
3958 1329
739 4188
2998 4292
3355 1103
546 3137
4439 1653
1160 4699
241 2313
97 4114
2485 3010
713 3302
1794 3860
4577 3539
4740 3904
2283 511
129 1826
3473 2931
3900 2086
2676 1535
1481 2659
0 1893
706 581
665 4721
586 1877
952 1063
2459 3735
3304 2077
3932 4144
2916 3687
1949 4758
4313 3073
212 2721
702 118
3888 1891
3744 4008
4887 2548
321 959
2358 2057
1445 1507
1146 1031
2859 4829
272 2485
2170 1017
3868 3779
2795 204
3598 3765
2388 1021
3309 2012
4211 933
3598 4703
4385 1568
3623 806
1767 3387
2312 876
3887 3717
1475 4652
40 3910
1574 1771
2051 4311
4611 365
4098 4087
2970 4890
507 1258
4531 967
4690 1881
2235 3029
3692 3147
831 4481
3376 2336
4007 4755
3532 4563
558 4830
3717 3213
284 2035
1100 749
3470 4322
3805 2090
1965 2100
3202 2658
3805 782
3038 1809
333 2174
632 3341
2788 3570
2534 206
3780 618
2727 2537
3295 1247
3177 2395
2835 4082
3605 3491
4415 3658
2736 3493
2888 1600
578 4179
2070 2617
1022 2481
35 2714
4282 2638
1982 4279
4271 4249
166 2964
741 2326
1470 2986
4827 2951
3869 1659
3809 2415
1098 4242
2959 1615
2798 3470
1603 2162
2851 4365
196 662
2109 1988
550 646
4896 3806
3105 1663
1761 2674
1605 4732
3418 247
3521 3118
4692 2656
2593 3660
1781 2373
1482 1888
759 1589
256 1251
3064 36
1511 428
1431 4617
1346 1937
3080 1166
4622 4257
3973 1424
264 1270
496 803
1090 2383
3079 2013
3984 3794
1322 2699
4161 2041
4119 2074
338 1006
220 3120
3698 2897
2782 4248
4177 854
2704 4655
3689 3861
2922 2413
546 2179
3064 2504
1253 4366
4871 1800
886 960
3366 4860
2352 705
2827 4424
1468 743
2809 1980
3111 1951
205 3274
785 3743
4589 1409
3917 1590
3037 1886
2701 368
430 1440
4412 3596
3698 2579
4645 3888
3985 3492
3016 2540
1578 1945
255 3650
3473 2772
909 4542
1941 3323
3106 3662
1239 2600
2812 3117
3605 1119
2412 2758
3909 3069
1334 660
1335 4278
3806 848
2686 3492
2875 1415
704 295
1654 2211
4825 721
2820 165
3309 4775
1745 616
3349 1277
3153 3749
2307 55
3609 2763
1007 2081
1787 950
466 719
3152 3965
3827 2866
1178 669
4885 3426
2158 3813
1788 3697
1292 3472
1480 1401
554 782
1548 4774
628 2902
3113 1459
3717 732
3270 3819
4027 3191
720 4760
4036 4020
70 496
309 1179
506 332
1102 1354
3244 4066
4725 271
1241 4238
1816 3966
4328 1805
1384 3637
1665 855
2207 4569
2191 4783
3066 351
4020 3409
3429 1815
1064 3009
597 1852
946 2323
4011 2408
4695 2983
4083 3704
4593 413
1216 4065
2321 2293
2803 2994
3958 2442
1627 4354
737 154
3800 4637
234 984
2253 2879
521 385
3180 1921
198 899
1680 2184
390 1800
1286 2332
854 1527
185 1795
183 1934
3124 1083
3973 1201
2394 1259
70 2918
4165 2185
1186 3243
1504 1743
2300 84
2479 1724
4672 2321
3022 3079
669 2889
850 3105
3683 1272
3687 1780
2701 1576
3391 982
4109 315
4452 963
2024 4105
3817 4571
609 1378
763 1537
4650 1414
663 544
3950 2673
5 839
4400 1918
3747 2658
1465 3611
2756 1707
4204 3248
268 3487
2842 4738
2544 1656
16 1746
768 1528
2058 4170
1797 4468
112 2860
1458 1051
2891 3963
2116 1721
1750 3183
2497 2512
3322 4757
4033 750
3376 3572
3951 1557
2816 1375
4423 128
2086 953
62 4064
2777 1851
319 3624
1263 3852
3442 2833
4616 266
1403 3481
2168 3109
4500 1914
2624 390
1037 3736
4849 2578
4524 4380
96 3925
1492 4385
2249 4326
455 258
819 2333
2889 3096
4346 608
4689 2386
4480 1527
3051 1091
1610 639
2852 2101
2734 1486
2525 2308
1039 93
1243 2933
2893 4406
2804 3265
3743 2569
1567 1006
1755 3891
2722 2046
2463 603
3677 107
3519 1229
1688 695
1148 1360
3129 471
4505 1736
1528 4067
2445 2633
4764 3143
3271 663
2194 2293
374 4135
1878 2580
1621 2230
4539 820
1576 1865
832 723
4553 2237
2413 4692
37 4270
4531 1843
596 2272
2844 410
2728 2570
1223 1159
1762 4067
2503 2146
4867 3198
3749 241
1929 625
3111 871
2015 250
1236 1279
1891 751
2562 4152
3131 653
1783 1383
1807 3444
4685 2099
224 3765
4428 2784
115 3612
3551 3078
1469 3984
2218 2421
456 2222
2570 2835
1628 1799
4336 134
4364 3931
4557 2821
736 1371
3875 2551
1030 3678
4496 2219
1377 3408
2367 2034
3157 1595
3097 3102
3442 3780
3962 3467
1677 4647
2446 1484
725 3210
2635 241
1140 1192
2967 2241
653 1561
2652 2127
3058 306
4680 4238
386 429
2540 938
3340 2967
4593 4229
660 3814
933 3527
1156 1280
1172 418
2016 1901
3827 3579
827 3319
2975 526
2193 3288
667 1052
3025 3138
1486 584
28 371
4540 4067
3345 3974
4228 805
3516 2106
4468 4430
4282 4898
4319 3573
4082 4795
2487 3704
4618 643
3850 797
310 1011
3270 1650
4846 76
3046 1633
4399 2278
2853 2426
1763 3221
70 3785
66 545
2397 2031
722 3709
2652 1057
4231 1628
2942 529
1596 3741
2967 3422
3990 4354
2898 1415
3126 3936
3603 356
1855 1958
1584 2038
3054 715
4698 2700
434 2217
3562 4166
1412 4376
3466 1162
3463 1144
3330 2349
2657 3501
347 3613
246 97
4168 1677
1699 2768
3457 3299
860 991
4129 4211
4826 2761
168 4292
3503 140
4261 1276
2168 1625
823 2651
3053 3012
1878 1105
3494 4058
3081 1782
2946 4456
3178 4844
3612 1318
1926 897
457 2717
525 4026
3576 1547
1189 2251
2474 4785
3059 464
4627 1441
1647 4034
2635 2166
1450 3944
4270 3594
1027 4701
2681 688
3034 47
4341 154
651 3973
4003 1093
3858 4198
3315 1752
1373 47
1515 3140
621 4559
3920 4099
4067 285
3531 2984
3842 3718
3981 362
2705 222
265 2495
1954 1834
263 1778
4434 1652
2886 3246
4586 4588
3915 3013
2591 3906
854 1733
4710 3632
3975 2789
1742 3681
4549 2485
1426 428
2203 4629
544 1961
1580 1851
3360 378
649 3687
4531 2767
2290 1712
4527 967
13 2170
1212 129
4438 1340
165 632
3084 4864
4605 3235
4247 2509
2798 493
4013 1117
3488 2017
1747 3267
3902 1042
871 4352
1137 504
2246 123
2458 3379
1108 2803
3539 864
785 846
2748 929
4172 91
3044 161
3471 116
2482 4794
4414 3246
3408 232
305 1431
3470 1791
2925 119
65 40
2347 3275
1344 1277
3120 4895
3793 407
4225 2297
4001 466
4218 1579
1790 3072
438 3730
3022 2722
4122 2926
2608 4568
356 1955
2026 1308
2672 81
4806 4015
4629 1544
399 1388
3361 418
4017 118
1959 559
4886 2420
3179 2796
1087 1504
940 1640
2402 3698
4858 351
1913 234
3810 3872
4788 3302
4187 3394
1021 1889
1524 2983
3897 1649
4304 22
4012 2508
1162 3103
4738 2778
2621 3117
540 852
1637 36
2934 2564
2757 1001
3315 2934
1312 892
3675 1911
1438 2981
1330 593
1184 1723
1925 643
140 721
2122 599
4728 705
444 125
3498 4283
2773 2106
2877 536
174 227
4479 3078
4581 1241
2218 4889
1703 3110
1166 1607
3823 1481
2964 2491
4502 386
1593 4143
4637 298
379 3342
3586 2075
4193 4654
721 3937
4399 1771
4626 4088
2084 220
3068 4825
4887 2862
4307 3312
3590 4875
475 1132
1089 2253
478 671
4476 886
4088 2988
312 816
559 3843
1391 497
101 2424
1168 3553
3210 4421
1221 1447
4823 42
1985 587
3545 2919
4418 2858
3228 4133
2479 2853
3927 2821
940 520
3973 3214
503 4049
4011 2346
2691 4221
4540 4861
1288 2178
2214 3430
1661 101
162 666
1262 4348
3940 2327
4746 1240
1018 1530
3094 837
4063 2577
4137 3365
2584 2941
1859 1599
1946 839
1933 278
1891 770
402 3003
819 2770
2356 872
3643 3500
215 1757
640 2707
1843 2041
4598 3365
3549 2474
25 4622
899 1542
3674 3835
3573 1448
4559 1291
4709 2679
2013 1821
1768 3494
2003 1373
3854 736
944 2716
3003 3159
741 4111
2524 316
1776 3811
3458 2313
1817 677
3407 2771
1211 669
4721 3167
2532 1085
3556 4565
1935 3740
3824 3813
2267 3464
4164 2870
3337 3237
588 2808
907 4812
3929 2874
307 544
4575 1785
3275 2621
3160 3532
1542 983
3627 4828
3148 3781
2268 896
2180 2728
2671 2263
351 2122
2841 3458
1395 4341
1104 1246
2498 1345
423 178
1260 4288
2777 3774
4478 1502
4186 4268
2820 3893
3499 1536
3891 2072
4600 1803
4829 3537
1853 344
3608 615
3730 3508
717 2054
2148 1648
126 3882
2448 3609
1382 1379
3847 1268
1448 1025
2805 4568
3704 1818
2648 1561
3301 965
2773 4543
3946 1519
3505 196
3916 1608
209 1839
392 821
1068 3214
387 992
4022 2371
4189 3281
3595 4459
1240 661
3138 4872
3930 3500
784 1629
2902 4125
805 1424
774 2721
1152 3059
1621 4129
3956 3584
335 4462
1368 2836
4829 1146
165 4596
4791 578
1427 1760
3718 3938
3516 4071
3392 166
3521 3543
4114 4011
1063 993
3173 1581
2106 4874
2693 1952
2767 819
211 2305
4283 3755
4712 4169
1815 3451
1017 3766
2452 593
4282 1917
2572 2422
3335 771
4527 4055
3909 547
2347 4827
64 2018
3883 2088
673 4751
332 1943
3036 3062
306 3093
2184 2712
4362 3552
362 3372
4190 1496
1408 1594
2552 804
2090 3329
644 2945
1976 2926
4854 3997
2651 1939
4819 1176
438 3074
4681 4401
4853 25
389 1236
4809 3276
526 4553
4371 2178
2272 1624
1708 3775
2306 1154
1490 2866
3018 3029
357 2203
2615 4185
3069 4778
2241 1944
1787 3568
721 992
3947 3454
2940 4175
2107 1440
2729 3364
627 302
3431 1841
1314 1538
1585 2180
3542 1303
3275 4184
53 227
2270 1413
3954 1005
1559 603
1727 3441
4508 4545
1329 4437
1410 4358
3950 532
357 2101
3548 469
4639 3711
1550 3479
830 1302
3384 212
764 3236
1720 3089
4055 2497
647 4713
1735 782
4060 1626
2707 392
1163 1193
4861 3357
2627 3653
909 2986
490 2908
4188 4562
1840 1461
1560 2283
828 3013
1868 3791
290 4437
995 4246
3244 2438
2241 4047
3556 1862
2413 2937
2162 1408
1115 2172
4584 742
1293 2353
1182 2497
2662 2055
3924 3880
2703 4588
4215 2030
3954 2368
672 696
2185 2976
2852 540
1555 536
3613 4854
2902 1283
3466 1728
3317 1032
2670 1287
3058 4251
1639 4193
2460 2328
1743 4081
3039 1960
3988 4839
233 2707
2564 589
1541 3955
2500 4427
1211 819
2078 1689
2266 863
1950 4678
3258 4660
3049 201
2771 3139
2422 1804
1660 3507
1771 2663
3720 3752
1532 4300
2362 3008
87 4393
1104 4374
679 3539
2470 342
598 4115
4526 1264
4475 1875
2600 1979
1502 3276
624 2698
627 4897
668 1015
233 763
1599 864
2979 3341
2005 1232
1654 1231
2024 2422
646 420
3336 252
3419 4253
3437 395
488 3237
925 2871
3 4342
557 2371
1613 2434
3824 4068
1629 3276
3903 2976
436 4241
3129 1365
4027 3332
3087 4534
3276 2514
2277 2774
3116 4702
1379 3296
90 181
3650 2832
1938 3326
2131 724
4469 2526
4246 4771
1964 1334
2953 2463
576 2606
3524 833
1783 2911
453 3783
4558 2476
3668 2010
1857 2587
4029 3842
3053 3143
4847 240
4857 1409
441 375
2006 1284
2964 2182
4400 90
2384 2273
1746 3874
3248 2307
871 3544
4428 1609
836 1132
3766 1518
3838 503
654 42
2532 3283
4771 2156
4502 1429
1523 1868
3948 3754
1663 4099
530 1859
2956 2016
4046 1942
290 239
3261 3415
4478 4523
360 3332
4119 2960
4195 4334
1178 1672
4555 4076
2916 1741
1571 4829
1094 2957
1608 4090
4147 352
2303 3958
669 3146
1774 4367
4269 4029
4287 218
3943 1675
1877 2714
303 2238
3751 37
2081 3511
3043 1132
1568 4218
918 358
3885 148
3690 3125
2116 1111
361 898
3719 1160
4231 4367
3503 1005
2396 1370
4361 74
4621 4120
2390 1103
3872 1047
180 225
4751 2798
3584 722
3233 2619
2328 3609
3629 3715
4277 3967
3358 2491
2507 2849
4764 4771
3558 3824
1079 1233
4242 879
52 3243
2707 1139
4321 4841
310 4519
708 3589
1371 3876
3554 3661
3507 3513
286 285
4604 1069
3828 1502
2736 402
2046 3307
3255 4140
2862 4054
2701 4844
55 1159
3363 3278
218 670
315 64
1666 3614
4491 3053
2011 4123
2583 2724
2096 204
191 2783
3921 850
1919 271
4052 1347
4630 1359
1575 3654
1174 2933
2314 276
1470 545
1299 670
4696 1494
292 570
4566 70
2714 1674
4179 3206
2644 3855
947 3863
3507 1684
4167 4135
1883 1422
4443 1200
236 2880
1570 4840
2108 4106
4276 4367
1576 2418
2532 3861
2583 2319
2553 4072
4362 4800
3271 3354
1874 3645
683 4731
3288 787
3192 4827
3622 618
3429 79
3316 2337
3252 275
390 1032
3060 1935
1006 421
1187 4875
1170 3310
3480 4841
2731 3892
2532 3253
545 3890
4800 989
4578 2756
3442 3711
3739 1829
3821 4377
3999 584
3224 1211
4531 3068
528 4415
1143 3624
1157 334
2237 1175
650 2255
960 2731
377 1406
65 853
4067 2476
503 2917
4089 3062
3786 4833
3339 456
1556 1253
2479 2343
4384 2285
1406 2458
124 1110
1743 2902
4742 146
3745 3901
2919 863
3354 3687
4359 172
4838 800
1702 4469
2770 1217
1892 2496
3015 4281
2237 869
1451 3512
1636 922
4467 3073
4213 104
1764 992
3534 2883
4003 1655
2139 3440
3423 777
4890 1957
169 1790
4898 845
464 1464
4281 4584
1689 1769
2185 2575
4110 2422
3767 2664
182 2438
1450 1457
2156 3468
3896 2297
2905 4322
4348 1081
3317 415
4035 4750
3638 1052
1645 2871
1476 3190
1004 2699
3880 4251
2872 1983
2720 3660
2551 408
3797 1483
4096 2725
2548 4406
1017 1598
1979 228
2082 1718
3259 3623
3682 1953
2931 3796
2666 1743
4600 3396
3505 3542
4533 4627
2750 2766
939 4627
1058 2532
3062 1354
4021 3345
1082 1045
144 4777
2052 4375
973 2748
705 2966
3234 1259
953 4129
4681 528
866 4657
777 1785
2292 3009
3335 988
2597 3726
4548 2525
3570 2149
3926 2640
2012 4082
1663 713
3289 2302
4537 922
444 1675
828 3320
2264 3110
1774 1710
293 3143
2304 2116
3741 3326
95 1648
4041 1079
2738 1355
2840 1439
3627 234
2190 3761
2658 2239
4566 3160
270 1500
3719 895
3799 1280
2516 226
3396 4602
158 2679
1269 654
3035 4396
2926 1346
1620 224
2323 2898
4574 804
3369 3540
330 1045
2918 3800
3783 2688
2700 227
2662 4422
4835 1395
1928 4766
3969 1987
168 1052
3129 1445
1195 3145
1776 2854
2437 4169
3252 2706
402 2669
2622 3197
4322 99
1534 4326
2720 3607
659 842
1989 4892
162 3585
2921 1187
2912 2550
1267 68
3239 752
4321 4704
1665 3633
1844 960
145 46
1605 592
604 1058
2810 2602
4227 3522
1660 2910
4243 3594
3577 2012
3261 2921
1171 2674
469 2773
1895 3316
3336 2442
657 2225
3157 3987
2953 3754
961 1764
3419 2295
1469 4450
3420 904
1053 3044
840 3182
1804 798
2689 3458
2635 1569
630 4318
16 4227
3897 3696
3583 873
2347 2480
2164 2647
2428 814
2368 1626
372 4621
2539 246
818 4687
4291 1904
4388 901
1170 2351
377 3156
3446 1395
2673 1222
2229 374
272 2739
389 63
2794 353
4258 2045
4814 4702
1655 38
1747 4462
2052 3313
1751 799
2209 1365
2448 2021
1561 3676
3337 260
3402 1985
4362 2552
3608 2958
1824 4550
4345 525
4679 945
4567 2229
2078 2507
554 3682
1445 670
3438 407
4423 1409
2712 3761
4796 2253
4873 3985
2106 2251
2768 4581
4215 4224
1865 539
2161 2484
4072 1415
1866 3898
2084 2492
1141 3153
4888 2743
198 3897
519 4421
259 821
2816 1199
3791 2606
1607 1731
3335 3812
3875 1680
3921 1184
3352 3170
1344 4758
4693 1713
2111 2410
3295 3266
3438 2251
2802 950
2542 1907
4401 2246
4250 1018
3148 2898
3066 38
1669 4701
2424 3416
4352 1042
1947 1678
4458 1143
512 2580
2265 963
4725 1132
1429 422
1548 4694
2359 3897
3509 1721
315 4563
3580 4518
3545 2660
353 3718
4612 3367
282 1659
362 2115
1927 3608
1061 684
3389 3078
4196 3333
49 1428
594 3732
1362 2009
2408 1093
2150 3034
1868 2879
4345 1534
3558 4863
1900 1139
1868 3282
3476 1936
2402 2131
827 2440
2574 696
3012 3383
3241 3155
4140 1234
3299 4545
3869 697
4280 3977
642 3762
4490 158
1906 393
3508 1160
218 48
4490 974
2194 4040
2308 1638
3708 4081
3313 472
2908 1631
4672 2121
855 4091
4578 1160
1787 3354
1160 479
1125 1169
2428 2449
3410 1425
798 3723
4084 185
596 3429
2665 3323
3035 3088
4326 1919
3619 4838
1433 1956
1058 2906
1553 45
176 3581
3799 1272
2627 3986
3279 1227
4162 3875
273 3247
1629 1912
1102 570
3396 1642
4451 3140
2728 3352
4400 2790
3158 2530
4291 1884
4355 1368
1312 438
3498 2261
582 354
2722 3394
2559 1224
1291 4421
2480 4414
4384 4139
2984 1815
2740 2894
2202 4528
3878 1516
4884 727
4627 938
363 360
2782 2797
389 4141
4478 4723
4222 1721
2936 3886
642 3701
753 3490
1414 1635
1492 2544
3641 4181
2810 891
1634 2434
665 3482
4176 2828
3423 4405
1080 1199
3500 3058
3680 3890
1690 1424
2185 3664
2770 2635
2436 1960
1623 2974
1539 2050
2265 3571
4687 4794
2684 945
861 4044
1039 1748
2185 331
4232 4312
1326 2866
4512 3888
4541 1257
4244 403
586 568
2027 1486
3421 899
4329 1558
4807 4186
2990 1867
3352 2088
4700 2450
3897 60
2625 4824
318 1599
2479 1693
2330 3741
4131 1961
3444 4434
42 213
2678 3637
76 3405
4429 1433
3803 2061
2987 1872
4515 4322
3565 3234
4436 2125
2837 2182
3081 3843
4397 2640
2641 2740
2343 3811
3368 3086
1644 4650
1163 1933
1168 394
125 1061
2507 4326
1253 524
4006 1836
2801 2626
3689 3888
2830 2615
4482 3535
4687 3361
1920 2414
2476 899
1681 2105
1028 819
742 3083
2310 4627
4812 3832
2637 4434
2196 3183
4471 3334
1604 4701
2920 725
4042 1398
1588 3738
842 843
3011 3890
2120 1286
3422 2609
660 4335
2694 3335
1146 3235
941 384
1050 1739
3461 1904
4408 66
2053 2355
1526 4268
515 1045
3338 225
4512 4446
607 3258
3815 3466
2129 14
1293 4395
4105 2692
995 1140
2591 3729
4703 1187
547 4258
4532 2195
1627 1853
111 928
3859 4849
1258 1363
1890 151
2877 141
3733 4783
1818 1769
4003 580
4063 3363
3103 613
378 1869
2199 1429
1951 1368
3530 3558
1258 1971
3548 4759
3801 3376
587 2835
3475 3591
3990 2882
870 2506
1474 2303
106 3375
3481 3255
4839 4213
4394 3426
3820 3005
92 3727
3031 3116
99 355
864 595
4733 3699
1935 2704
3550 719
3603 417
1022 821
1049 4450
4672 1402
1511 2135
356 1215
1972 4372
4075 674
3172 4610
3011 3360
834 391
3666 2105
3626 1965
3512 3616
4210 4083
4773 501
4184 1749
3065 3532
4281 2491
3766 4391
2510 815
4316 192
3772 1684
3881 3438
1715 374
124 682
1516 1699
612 155
63 1171
2413 2791
4028 1669
131 4592
734 875
3444 2587
4466 3453
101 983
2870 1901
3901 606
422 3646
580 2906
237 4398
2202 3935
56 2242
3800 1409
3612 3099
4270 2181
2678 3139
808 857
4528 4319
1111 3646
3556 4831
183 4261
2369 3666
4434 750
1489 397
4612 465
617 1483
2175 2554
260 3196
430 4500
3532 3819
1313 1439
3812 1437
4129 312
2155 956
2998 1522
687 4045
1010 1706
3452 1551
4416 2410
4671 4329
158 2236
2492 1587
4245 2379
4403 1940
3751 1832
4764 1908
2992 2407
222 3585
1936 3540
2747 1552
3944 2721
1611 496
3869 366
2949 302
1844 1728
723 2019
889 1215
3481 3563
865 66
4133 3862
1386 4077
3783 138
3481 1175
4573 2573
1795 1234
3442 1333
3874 1689
2391 2767
2989 1172
1384 2192
3295 2243
3033 4454
921 3777
1080 571
838 3176
3654 4195
647 1430
3014 2789
2008 1198
4739 1249
1830 1602
3335 2733
1941 3461
4569 3526
3121 4770
3464 329
2632 4743
1137 3775
2610 3379
3170 4274
2202 935
518 2898
4459 3348
3821 4401
2683 3509
938 3788
4251 3091
3636 2038
4478 169
2004 3370
2777 4829
1574 2097
3025 2933
2271 3201
4313 4276
1899 1214
471 4573
3297 3820
2940 3419
4819 2634
3736 1470
1912 70
2280 3326
3793 693
284 4673
861 2970
589 2320
3729 4551
3396 1215
1158 3689
3149 1330
4574 90
1530 3265
2419 2044
1732 3722
3876 3175
3800 366
1378 1992
2865 3422
1303 262
2233 2982
1926 523
2382 3577
894 3933
3227 3543
4144 4670
731 938
3584 1117
527 363
2536 374
2431 3526
3913 3746
4323 4502
361 1805
1788 4265
4298 3353
3539 2542
4752 4828
1911 4269
2804 1690
1338 4627
1008 4100
2013 2659
2716 3157
4305 4591
1940 3599
1227 2915
2638 614
3909 493
4579 4578
3163 2604
2513 1434
499 387
4291 1594
1364 1567
4112 669
3695 1369
1382 324
1957 2199
3019 904
1462 2305
428 3602
1842 1672
3822 3150
3345 1627
954 1217
4641 3622
32 4277
2176 2592
7 3212
1390 2012
3881 2419
668 1748
3390 1525
1890 4095
504 711
4424 4146
3210 448
4383 1626
3661 2147
2404 4356
892 4601
4638 3909
2272 2241
4721 2333
1624 2150
723 3380
3948 3849
1122 184
2845 2392
1601 2018
2344 1514
4400 2328
3363 3600
1775 4400
501 378
2430 1716
3895 4500
3159 1778
129 3880
869 370
3706 3829
4697 2250
2744 1261
3021 3958
2809 4340
2749 3370
555 353
4769 3241
283 2794
1720 3891
455 1509
1611 1372
3746 2326
1043 516
2226 1937
4309 3271
822 2008
4756 3611
1982 3400
1561 1748
931 1125
2706 836
4436 376
277 384
1426 523
3856 2791
4465 2161
27 2738
2916 951
2158 1288
172 4563
193 4809
482 4259
4834 4543
3142 1046
297 3140
731 4028
3400 4307
4479 399
670 2101
953 4675
4451 4084
3631 2942
1977 3384
1871 236
3760 3682
1970 439
3321 4351
4231 4851
973 2461
3335 1495
2822 189
809 3176
2915 4289
997 2866
1053 720
910 4536
2671 2849
3152 288
4650 4165
874 925
1118 4790
2125 2745
40 3676
602 2512
460 2398
4713 4435
2840 4399
4021 2285
272 4875
3722 629
370 170
4119 512
4546 1431
1565 4006
2910 3221
133 460
3283 1491
1972 3906
2111 1590
4161 360
932 298
3653 2593
2271 2686
3056 4088
2715 4584
1961 3703
901 765
594 1895
3535 4857
3633 870
481 3864
4775 1768
4175 1222
396 3220
2062 952
3986 2026
4864 4548
3587 3399
3559 1018
1892 1337
3598 1285
4182 1050
3357 2971
3920 100
2742 1792
1869 2863
2646 2742
1838 4150
1395 1494
4612 3916
3589 3403
3083 3411
780 3977
2862 1456
2583 3872
3406 1643
315 4098
3902 4300
1679 2023
4130 3363
4548 3532
4093 2276
38 176
2101 1952
2062 2552
2145 1461
2144 2565
4617 1009
1580 2269
438 975
1736 1746
3307 2626
2873 1078
1669 3986
1615 2285
1942 2041
2680 3465
1928 599
4061 873
4632 4538
3340 3480
2479 2565
150 4296
3013 1372
1649 1275
2025 4029
926 2298
4417 2874
4264 1727
70 2512
2841 3021
1450 1181
4798 1906
2622 4722
4043 3276
159 1243
1165 1133
4233 2959
2720 4843
3182 1962
2741 76
404 367
9 1691
3146 1348
1353 2646
1850 2663
1976 3291
708 2843
4227 3475
740 3386
4816 2579
2786 787
778 3596
3831 770
3746 2165
1899 3178
287 2039
3230 383
0 3705
744 3348
4366 1706
2168 721
4002 1852
1738 2096
885 2058
2921 3131
1027 3638
1569 350
1862 1297
2738 1156
1340 4368
1902 785
3404 2874
2072 1818
4816 4324
1452 4821
1341 3797
1289 2815
2037 4366
1871 295
2595 2457
3835 537
3393 1475
3072 621
2013 1495
1678 4595
3953 1932
2069 1253
182 2442
109 4660
825 3265
1135 3443
3662 4331
2220 1468
3505 3135
3442 4313
102 3769
3419 1096
770 2459
51 268
1936 1135
4590 692
1842 1211
2250 1582
1684 2322
2370 2505
4159 2102
3064 2739
932 346
1054 1398
4304 4702
4529 2633
1492 1825
1495 1492
3414 3419
2022 106
1238 3925
3606 3528
2711 2291
1948 1518
1054 1556
3058 4196
4514 3625
3226 2860
4123 612
3926 4300
1072 427
3431 1352
2179 226
3199 4573
3372 110
693 2455
4691 4724
3163 477
3452 3802
166 792
1857 3261
4475 1915
753 3445
2631 18
1739 4253
3593 3377
623 3930
3343 2289
2666 3220
2390 2934
301 4296
2028 896
4239 2701
1089 928
1869 338
3970 4529
711 285
1193 3845
841 2130
757 1674
4408 2567
2987 1931
2099 3468
1987 2564
2594 1254
237 705
4278 1525
4343 3804
2847 3372
4079 3213
2385 3146
3139 2223
4866 963
3477 2881
1030 3936
4230 1831
1883 4004
1615 964
1400 4311
1326 4886
3217 1773
1771 2420
524 4501
3378 47
1710 3180
4138 2939
3697 3050
2237 654
4066 3012
219 425
3636 3735
3001 274
35 2896
453 2117
4160 1065
1028 3226
4398 4749
3065 1053
2926 128
226 890
1124 3378
725 2384
9 1971
696 653
1854 907
4626 1727
3815 2972
650 2422
3801 1504
4286 4119
661 1089
3129 2153
1437 3857
1086 3706
2982 735
73 1836
4526 1546
1189 3699
3109 1367
4748 1656
718 1757
830 1408
74 3709
2396 36
1111 152
2426 3696
2756 2663
4881 4521
1087 78
4127 740
1586 3213
2788 4766
822 1851
737 1507
4528 3712
1616 1832
3786 2682
3408 3772
3186 4132
3785 4670
1639 1792
1540 721
4893 3899
3716 2513
2631 1436
299 1811
3927 110
2552 3503
3494 3862
3178 4330
2796 2108
922 4876
3446 2098
1904 55
843 320
4312 3487
2572 3343
2561 3217
1784 998
3726 3159
3057 2838
1015 1551
140 170
903 1188
1666 4591
992 1646
323 2085
3893 1872
1067 4832
3717 4669
3252 3569
3797 3020
4455 1918
4896 1846
3380 2702
567 2707
1137 4741
2878 2364
2624 2977
3426 1336
4104 3589
3045 3432
1077 1831
4577 845
460 3256
2412 4126
75 1655
3492 56
2451 2977
2961 1683
3743 4853
3395 2845
2012 593
61 1162
50 3103
146 4835
1766 1981
4360 989
3304 4600
2922 1670
2134 2316
3516 4310
4870 3939
4329 4488
3932 4167
2194 1864
1267 4574
3090 3606
929 1089
3292 2449
1443 2261
4121 1142
4884 4850
1199 239
1914 4269
857 2156
4675 4046
1154 229
4618 4847
4852 610
1434 4533
1360 844
2052 577
4596 2310
1028 1342
2134 1460
3051 1045
4701 4308
152 1953
4730 1583
1085 3059
588 914
3241 2147
2521 4458
1499 3169
1797 649
1794 118
3546 4032
980 3094
4333 2576
1394 3395
1567 4669
1498 53
1952 213
4496 786
3534 1092
2375 3616
4288 785
531 1570
2738 3575
4300 2360
156 4290
547 40
765 4049
4877 69
2629 2256
3994 3381
2164 2602
1555 4176
2436 2178
4783 449
3079 4392
2900 1290
2969 3544
3398 1324
2948 2222
146 3720
477 3576
2557 4148
4880 429
4604 1731
576 3551
232 2952
817 2213
2963 2274
1535 2471
3461 1341
2876 2170
2874 1888
739 1935
3301 3509
2688 1132
1734 33
2068 2204
2456 1317
3441 4189
2561 2678
1442 4020
1952 1116
4117 848
1166 3775
175 3858
2223 4807
3126 1409
4355 275
1622 819
2108 1484
2417 2309
2297 819
1517 3961
2121 2509
884 2065
432 2600
2776 4271
2295 4232
2121 4464
1092 1348
574 350
1376 1130
1876 631
4672 2837
651 1799
927 2094
3604 2674
1494 4607
2824 3895
2963 1829
270 3461
1936 3152
3016 989
908 2929
384 3205
1356 1515
3646 3676
4628 4455
2679 4630
4033 2055
4296 2267
439 2827
4425 1081
1040 2512
3705 1011
4338 1756
1462 4037
471 4514
2027 1993
2959 1478
1975 719
400 4478
2866 4418
4519 3470
3418 2980
286 3982
818 1572
3154 4854
4183 2995
650 2641
2700 2676
2487 203
3101 1541
2875 2914
2350 1988
3953 2773
2745 386
3206 3484
3829 3067
4034 3571
3762 3791
1402 4137
978 3522
3591 3228
1522 3627
53 2052
2358 155
337 2558
959 1780
1661 2681
231 397
2853 3483
1951 1182
1259 2005
4009 1144
2640 2869
54 776
458 400
2642 4283
3955 4677
1967 3335
2821 497
3213 803
2684 1057
1255 112
3880 4001
1271 3172
4847 3015
720 822
562 1313
777 2084
581 2248
4035 775
3702 3471
1411 2490
2592 1892
414 2698
1925 3390
4406 3812
3548 3643
46 4536
4010 768
283 66
4787 1671
1169 1364
4361 1113
3121 2188
834 3014
3532 4180
302 1482
4146 4536
4865 830
1438 3683
4490 4544
602 3979
2398 4440
2375 1375
3065 4193
2437 1842
3458 652
3013 4002
1342 4415
901 2203
218 3829
1946 1575
338 882
4753 2175
682 4047
311 752
2109 3284
3015 4731
1381 182
2902 2222
1286 1032
2515 877
4519 3533
1437 1886
2742 2693
4081 2094
2065 102
4148 2584
533 653
2842 267
3052 2794
1683 3607
2419 2881
4214 3725
165 1843
4473 2849
2904 2041
387 1802
482 583
1297 110
4825 1890
149 2959
4407 1804
3079 1166
2772 4521
2711 1362
442 4160
3407 4269
1811 2163
2392 576
4111 3124
1197 4393
3977 1452
4763 2506
2759 486
4092 3871
4707 1590
3580 2397
4517 1052
959 3131
3847 1397
2526 1859
4472 2660
4866 598
544 2590
971 1052
4790 4304
2253 252
2403 1270
3957 3508
2703 2205
714 1629
3735 4789
1424 389
2402 1310
1035 197
6 1133
3482 3171
850 1424
2801 110
2637 1322
1825 1582
466 1832
438 1674
659 637
3631 1232
1 2294
512 3564
1730 3347
272 4605
2878 1253
407 1378
1932 1901
2126 180
1453 3238
3671 4617
3675 2491
1856 2545
2711 4496
2723 2581
1469 723
2152 4451
2482 1594
3798 4772
3888 2441
3044 2429
226 1210
2692 196
4054 2014
512 310
3484 1734
3002 419
3638 2994
2034 2186
3518 4311
3877 4496
481 239
3675 476
4160 4848
3795 1741
2021 3257
3709 4680
1533 3461
1602 4732
408 1562
1967 4415
1387 325
406 2820
2901 1689
2469 468
3566 166
3411 15
2650 57
2546 3475
3601 3434
1999 647
3672 649
925 3386
3223 1269
4116 4722
3830 715
1718 3458
3 3699
2724 3904
1538 3330
2919 2543
227 4669
4183 465
4557 4577
664 3385
976 4004
4132 4822
2334 3944
4517 179
612 63
375 3798
2080 708
2187 832
4543 1096
2803 3122
4271 884
43 3372
2730 243
1481 3720
1190 2792
1681 1846
4822 4436
3783 461
3363 2594
2069 3709
1017 3303
2258 408
1961 4077
2465 2247
3379 1455
768 552
2561 2347
36 139
2006 2601
1870 1602
3673 3684
4016 2784
174 3096
1318 3590
2163 4895
1953 4421
4365 1400
4490 4628
1182 1062
4184 491
2367 1241
163 3752
783 1196
2764 1430
1543 3647
2490 4480
1390 3239
3331 1978
1608 3368
821 3123
3066 1792
1725 145
3884 3727
4326 2438
2895 4251
308 2763
704 4441
3699 2804
2371 1581
2326 1275
4593 1700
1952 2858
4564 1644
541 3845
1796 2646
3551 3933
279 3903
4010 560
2079 4164
2719 597
1772 1557
65 2379
4681 3884
2872 3198
4075 956
2465 2018
697 721
4772 1724
1684 4331
4134 3987
4055 620
1973 464
3975 2878
1850 4827
3136 4890
212 147
36 922
2654 3904
3182 942
1483 887
3788 4156
4163 2962
4398 3449
3347 4470
2586 472
2666 3855
3091 2754
1515 1196
4250 2132
1142 4369
1329 4334
4322 138
2401 3772
2349 2301
4516 947
3624 2919
2546 3953
4079 4163
4316 1730
2921 2032
826 4320
1677 4650
3483 3250
3852 3717
432 553
3495 446
3126 2643
1336 4100
3733 1286
1625 358
685 2438
814 3106
945 2715
3165 4630
2395 1014
4649 4550
2567 4185
779 267
3364 2538
1704 435
1649 1189
907 2479
3777 411
3755 2983
3869 2012
4710 188
3863 2083
2918 3584
3224 1446
2997 666
4076 3001
1952 4444
3398 4881
408 3219
1760 4118
72 4258
404 3820
87 288
240 2043
3655 348
4140 4058
1844 2990
198 2320
4507 1813
1824 4218
1259 4035
490 2708
3409 2217
2719 1387
2800 245
1590 1979
4579 1102
4550 1851
396 2055
3887 1374
779 3471
4232 4129
1948 3861
4004 1731
3742 2956
3757 696
4651 1318
3570 1255
649 2727
814 2487
4039 609
1406 2017
1806 918
3979 1524
4500 1959
740 858
1623 2484
3123 4127
428 2688
1111 873
1406 3667
3303 2947
2965 319
590 910
2435 4664
4095 4625
385 3832
1345 2512
4577 2220
1066 2425
3021 2805
4757 4428
3528 867
1426 1466
3489 2116
2083 2765
3460 640
966 1395
2101 192
1132 4076
2124 770
1557 1789
2690 849
4682 779
1643 4146
3717 909
3205 3551
285 4280
130 1684
2148 1137
4291 628
4194 2808
4355 4877
3205 168
1539 3464
1651 958
3799 811
233 3656
4131 3473
2837 2979
1725 1998
4518 1996
218 2172
1460 4405
308 3198
3507 624
1366 2860
4794 3222
2508 2312
893 4822
4883 4748
344 4355
465 376
2607 1864
4418 4075
386 4831
178 4746
1658 1967
2410 2309
783 4368
4643 3375
421 4063
414 989
750 2818
826 2998
222 2173
2893 3590
2666 4232
357 2745
1851 4115
508 1860
3922 749
2186 3079
293 3156
1335 1877
1241 376
1634 3501
1191 1910
2024 1226
1146 281
1866 4179
3847 306
2277 2437
2885 793
1628 1426
4148 24
1617 4218
1616 3227
3491 2613
862 3597
2652 4749
250 4638
3057 2162
1085 370
2930 2703
1871 3395
1528 435
842 671
647 4838
541 3290
4438 311
239 1067
22 1880
1252 2453
706 1976
4287 1232
3296 3536
3242 4374
1998 2120
2975 1934
3713 2777
1028 1715
1879 2038
4273 3094
2184 4132
3650 2122
1274 4752
1884 2180
4301 1679
2783 4472
509 4344
2590 859
297 1358
4834 3115
4618 3412
1000 317
4014 2048
3021 154
3983 2072
4493 4590
278 4840
2509 3606
4680 1408
3807 2596
639 4333
1319 4664
4512 4805
1104 1341
4042 120
3477 4891
2996 3386
2546 1833
499 1955
2838 244
3789 765
4810 2299
4114 2069
3438 3581
4213 2117
912 2081
613 26
2898 1036
827 3806
2208 1315
807 1749
3899 3815
3002 3766
1163 533
841 3306
3716 4176
3385 3996
1355 946
4652 3419
4027 4392
4601 2269
34 3125
1573 2705
2080 874
2048 1029
1204 3399
1668 1358
3421 4770
3504 3848
4179 302
2157 305
1670 4811
4802 3239
2150 3441
3237 2791
4134 107
2931 3974
2906 2463
4729 4498
1568 4255
1122 3868
1910 3358
1928 3470
1118 4166
155 2088
848 4658
153 1989
976 3361
197 704
465 2182
3347 1892
2018 513
3856 3030
2344 3099
4771 1314
3465 534
1959 4229
4439 3181
3801 465
662 3472
4042 2662
180 1283
4867 3694
2483 4609
3985 313
717 1271
2795 4315
1879 2691
2007 270
928 2793
2901 4388
3202 4165
3759 1946
731 1927
1526 3188
493 907
3302 106
4120 779
1641 782
4182 3988
826 4060
4014 1454
2206 2347
1642 2425
2885 2126
2490 609
285 4656
4544 2269
527 2180
3225 2672
1255 4370
2928 1804
1775 303
948 1864
933 2168
3253 1190
1698 4062
3499 1730
3986 356
1933 2342
1461 1766
1137 1204
1433 715
2833 4029
2887 1400
3355 1512
4136 4628
2014 2695
620 3639
3644 1905
2894 2181
4404 1950
198 359
1229 296
2933 1511
366 4779
3852 2446
2038 2112
2140 572
3700 2734
1898 776
4043 1855
2889 521
3351 3255
3989 4592
2999 1119
3147 1543
2412 1509
1889 3531
1152 202
2993 1520
1809 1524
1501 1982
1909 2975
2201 2776
357 4444
3260 2512
4854 2038
1294 429
2908 1625
1503 3259
1815 4484
1242 318
3888 38
3165 4274
32 3477
3936 365
4157 4616
4349 598
4793 4180
3310 4778
921 4054
138 4794
2500 2871
3679 2189
4220 3797
4182 3764
3194 1706
1142 2741
3344 354
430 2200
2109 4306
997 96
858 2084
491 3586
1992 1119
1098 2147
515 4097
760 4469
3708 2608
1604 4509
3323 614
2673 96
4752 3539
4290 2620
4601 3145
1493 988
2910 2044
3279 2377
1972 508
4528 3393
3500 3532
2780 3998
2499 3765
4133 2949
3843 2796
4805 4795
2573 3701
57 2277
2499 3633
72 4347
478 3931
2797 3964
2004 1063
828 979
3839 2319
4523 4765
3438 552
3434 4367
3318 3245
1746 93
2233 1551
735 4441
1847 4294
4473 1419
4157 419
2743 1655
3491 1935
103 371
4047 3159
58 3894
1784 1178
577 1732
1890 4581
4243 723
3946 1718
426 1567
3306 2317
1852 2039
3776 1560
4290 4208
4835 2405
2003 1176
4368 1802
2835 1528
4367 4869
2203 1235
882 285
1418 887
4679 3501
2407 1957
3801 104
3650 3465
4826 243
2673 3852
2024 2216
791 2275
321 3156
4596 2833
1322 2115
4388 3532
3259 2959
2482 1801
102 4211
817 1710
1463 3975
3878 522
127 4346
2385 1128
1944 3339
4666 1860
2592 1429
3501 4436
1163 1394
4401 1754
3064 807
4346 748
4061 4679
3963 1496
4818 129
4366 4793
4752 4051
4072 1429
1522 2985
4152 29
3005 3227
4348 3816
3050 4077
487 438
3509 445
3444 460
2298 2830
1510 2570
4415 1471
4517 4193
2904 303
715 4392
4163 2965
4132 2670
1636 3001
3018 4766
1301 3338
833 1775
1124 2026
3242 1663
2854 4859
1656 2914
1661 920
696 4655
3301 2565
3366 311
2427 932
597 899
283 3178
1592 1734
1296 2721
1752 3228
3440 2516
1346 1529
554 3244
2841 2925
3903 826
2953 316
2464 1812
2919 1859
4489 652
3849 3051
296 893
3046 1782
3374 2132
971 2540
911 2490
4765 4674
4473 2233
412 1227
74 4096
1441 3761
900 1909
4007 1395
3951 595
1376 4186
838 4773
3310 860
1194 2657
1058 3397
4342 3217
4585 537
2108 488
4262 702
3570 2438
2621 1037
2018 2106
3902 1523
2008 1233
4838 842
874 2944
4754 2715
1103 3922
2797 4591
2369 2990
2940 467
2132 4028
2783 1300
3991 3634
1639 187
1201 2177
4082 1197
1902 4138
4827 2439
4869 2632
3166 2962
2142 2256
1426 416
1773 2005
2962 4623
4669 6581
634 4604
3225 3643
3353 3584
2981 967
289 3791
3404 1984
1869 3900
631 1560
3725 2261
2504 3708
1542 1862
2043 1187
4863 2011
4628 2001
2468 3675
2481 3516
3728 3285
3076 3154
3933 1147
3084 4646
4011 3459
4397 3557
1169 2006
1386 1534
2853 1429
2835 2038
695 2834
1960 2722
418 2379
3593 3534
3319 1418
188 3302
4503 2181
3017 4804
4639 4325
2229 134
1247 4275
2182 2231
52 1315
1126 1977
3435 469
2359 4369
2784 1022
4296 4466
1275 3015
359 1265
2699 4618
2679 94
501 3586
2385 4301
4212 3321
762 3496
2035 773
3707 4157
4474 1767
2473 2412
2795 3636
959 317
2413 2419
311 3984
372 452
3467 4198
3268 3547
2822 3481
3327 3253
4266 3501
1603 3100
547 338
376 1466
1002 1566
1620 4735
2384 79
2176 1847
735 2350
187 2864
4612 3519
3911 2578
1083 3269
1839 654
3512 1723
1005 4133
4026 4621
1784 2873
3433 2048
2830 478
728 492
485 4398
3082 3904
2780 3875
1484 3169
4601 3181
2304 1932
1097 3789
452 3794
1340 974
278 3487
2287 4072
3752 4559
628 2756
4368 4769
3129 3968
2238 2493
3342 144
4517 612
4225 2421
2328 676
4099 2275
995 3827
4486 3400
4031 4234
2334 2999
4787 153
2197 3328
1272 3048
3138 1053
3588 302
2433 3470
775 3867
3118 4013
2482 4321
12 4380
2365 3368
458 2713
3212 515
1346 2025
2307 507
41 486
4004 4042
883 2878
4790 1264
1155 1084
4868 1818
98 1086
2742 4129
2173 718
2568 3307
3594 3146
3014 870
3598 1791
3456 1104
4885 3222
2068 2302
417 4014
209 1094
2504 2794
3099 476
3554 2222
2233 4210
232 4889
2106 3035
320 554
108 1562
3753 3949
4179 4148
2598 1202
3355 2795
2394 3827
2450 4207
2991 4431
1973 4276
3122 4427
457 4790
1571 166
1726 3353
2551 2374
4068 760
4694 1701
1378 116
3738 1339
2116 4651
2258 2484
3520 892
2199 1674
2445 3895
1239 2277
1381 3060
2263 559
2150 4644
1931 2197
2696 3752
2110 3331
4225 1774
1844 3936
70 4552
4553 4188
1165 808
2170 115
3556 810
2627 4217
3518 1148
83 857
1573 2763
569 1672
249 3740
3682 1753
3735 1798
4599 1054
602 3028
2189 2762
79 3800
4314 3962
2691 4713
615 1555
3115 2418
529 4645
643 2311
2090 2654
677 4205
4286 1955
4066 2232
4242 2444
4102 1816
2568 2824
509 4378
2445 4491
3209 1492
4096 899
1464 4548
833 4210
544 1071
1442 2538
3670 1441
3749 164
1260 4177
2207 572
2669 3598
3517 1685
2875 2822
2894 4141
732 3476
517 2143
918 1133
1057 140
282 1343
