168 1348
1636 3196
173 1
1208 2520
2006 1773
676 957
4004 2475
1293 1504
2365 1322
3829 2583
1996 1940
275 3543
2009 1041
2082 1679
355 2158
2148 3675
1084 4016
2193 2605
337 217
2841 688
583 1502
3902 2491
1410 2428
3035 3593
3390 692
2467 346
716 285
994 1227
663 3952
1279 2984
3560 3356
2130 1931
1455 3322
2217 2165
1339 3548
502 2728
1910 3145
3068 3004
2999 1488
2627 1762
413 1958
3673 939
709 1403
2108 1420
2243 533
3774 3567
3834 4032
2213 2054
3858 2981
2783 1795
2872 3834
729 1435
5 828
908 3205
1555 3128
2821 1080
1633 396
3284 2573
4094 3981
3828 67
3746 614
1182 775
749 524
2179 1488
925 3414
531 3957
579 53
1000 2514
3801 2317
2632 2030
1347 1338
960 3130
2832 2205
3375 3724
2032 3755
1891 3295
1788 1260
1686 1038
978 578
2444 1020
1324 2277
893 1814
1532 1743
1707 3168
4010 2721
947 2400
38 1024
2633 165
2056 118
2725 2476
2302 3314
2704 3904
2149 3367
2156 3087
641 1105
2029 30
3695 806
1418 2286
3692 399
1144 3606
1996 3223
2141 2913
1444 2594
3204 2448
3791 2547
892 2525
856 2765
3536 1527
1609 4091
1811 2458
3108 2414
3870 832
3630 636
3528 2973
3910 2210
3185 3332
1207 41
4010 3114
2774 3018
1796 3468
1323 2436
2579 2271
2959 3016
2347 1924
496 1035
1052 1899
1565 464
3915 2659
1896 304
2593 1875
643 111
3894 1649
1143 2009
498 836
2476 50
3662 2937
3913 3717
795 2890
579 2231
3432 526
1906 3016
2925 2034
1116 1231
1899 646
603 666
280 2016
638 1026
1096 1397
1036 2016
3782 3117
1004 598
3749 2510
1177 3889
3326 3602
1410 2851
1461 458
2687 3386
3828 11
1552 815
2043 3138
614 1798
1361 3768
3923 2683
3347 2557
1977 3702
2857 2551
1705 1508
3770 3955
975 3461
1122 1555
3938 1515
259 439
3874 2993
1195 3246
3273 4053
586 718
1252 2668
2072 2292
3003 3050
2431 1129
300 4043
3138 2060
516 3218
189 529
2451 193
2533 3505
3591 1867
1801 2834
609 3880
2748 3983
2560 660
162 691
1258 487
1849 3466
3417 364
2647 436
1947 2526
2547 3042
2431 1951
1634 1544
3645 2021
1257 3169
296 2067
1237 1834
1750 3445
1450 3838
1804 2436
2780 1004
2029 3076
484 1875
3170 1180
1348 1050
1468 1040
3511 955
133 2491
820 3019
3696 177
4009 3165
233 1072
1335 4072
2306 326
1237 1175
2934 3169
963 919
3919 4023
206 1863
3749 2599
3689 1101
437 3713
2467 3709
1951 1299
2548 3803
2714 1976
69 2642
539 129
169 672
1997 2792
2306 1834
1465 1616
801 296
717 1596
3426 2726
526 972
2984 3886
2795 3369
2953 111
3512 446
2117 579
2393 3327
830 2836
1009 495
2289 445
3248 1718
2331 2927
617 2556
83 2876
2031 954
3108 2353
654 1439
1447 1031
2470 2780
2131 2356
2589 112
3400 1708
207 2442
2754 848
2836 2500
1119 2211
2025 1418
2318 2
3535 969
2476 1986
2613 2715
1616 3950
1880 2688
602 3956
3278 4077
2927 1678
2745 1385
3753 3529
738 413
1903 1384
3611 854
1233 3659
3220 2758
3810 2124
970 1680
3165 1011
2134 3501
1674 238
2969 1007
1362 1668
351 173
3699 2148
2744 1970
2172 3975
2131 4047
3600 2349
3966 3852
3633 601
2203 3123
2527 595
2634 3688
2338 3983
592 1320
1202 1710
3728 2341
2459 3784
2017 4036
3298 2465
3491 2218
2988 1177
1734 1237
1673 2492
2270 1643
2239 192
3237 1969
4089 3036
2564 3541
395 4025
3178 2666
1265 3416
1818 345
2392 1675
947 18
2089 575
2781 2001
1810 2740
1472 55
2054 1367
954 3525
2821 4068
2002 2727
1340 579
428 2371
2535 3450
2819 3685
1510 4017
3733 1416
1791 2526
2143 2750
1954 1605
1411 3808
3913 1563
1654 1445
3623 856
910 1756
3917 3390
2945 3899
2457 2477
1937 1211
987 921
2948 3839
505 2314
3884 1344
3121 4081
167 1181
2279 1487
1212 534
2310 3307
659 807
873 1041
3419 268
227 1186
2780 839
150 3816
3471 4072
3502 42
3578 3861
4074 2981
2456 739
2645 3351
945 1983
3114 549
104 259
577 1999
1506 1056
3286 1732
2193 663
1281 3583
2661 3396
1901 161
2946 3155
541 1398
951 3434
3665 1844
3663 2856
2237 1356
999 1156
205 987
3660 851
3561 1096
1747 3329
2708 2467
3435 3907
828 3474
857 2733
1293 2957
3096 2566
3344 1685
1764 1585
1682 2910
1521 976
3206 2885
990 1692
1571 1509
2935 3603
1599 1146
2569 3026
486 2004
1193 63
2507 2762
1808 1152
2178 1386
2050 3683
162 882
1761 913
2762 570
3417 1478
1559 4077
1318 446
1080 2523
1614 1318
503 2168
3246 2443
1072 385
1211 364
324 2452
3622 1351
340 2902
2970 2365
1844 118
3490 199
723 3838
2267 1626
89 1682
3311 567
2289 2321
1240 1312
2016 1318
436 31
3870 496
2122 1972
1084 567
4015 1291
1596 3815
743 1100
3534 3481
483 3111
3255 3184
800 1012
3456 389
2713 3371
3368 3823
2925 2366
1343 1193
3624 355
512 3992
562 1245
3667 968
3127 1796
3528 3719
18 2269
863 257
603 985
1001 4014
835 493
1395 2888
1100 3246
3607 2069
2022 2499
732 1089
27 2739
1119 580
734 1167
3844 3334
190 1294
1374 3237
2110 4039
2212 345
1476 368
1037 699
3685 4032
2587 2087
3408 2983
1732 711
3371 3735
3242 965
3283 2391
398 2906
2834 1692
3120 4062
1428 1264
585 2576
2751 1962
1165 863
3013 57
2711 2891
2204 3953
1284 3229
2637 3440
1469 1069
2846 2610
2074 2726
2445 971
3464 1001
11 2726
2090 868
3340 863
249 3918
1738 1419
2429 1851
733 588
2996 349
2419 3932
2793 1003
1954 3391
729 3759
3841 2241
3360 3687
2921 3002
1763 3345
3384 2288
3976 2143
3644 215
1626 241
910 2965
1805 2374
1833 121
3682 539
3992 2862
191 2956
3445 353
2357 1369
2096 4007
1483 1713
530 1201
2563 3617
1797 3219
639 3151
1922 3116
3952 2843
1692 564
3213 592
3594 2295
2975 656
19 2098
3722 3813
3500 3649
331 84
3422 292
2208 747
374 3028
330 3331
2935 2785
3622 1801
1288 1769
760 1983
3279 1928
2076 2956
2742 2248
1226 3716
3320 233
2993 4013
2040 3345
1877 3662
3603 2181
387 3414
3636 1035
1697 3198
3025 1068
243 1753
3880 1932
352 1093
2448 242
1663 470
1986 1022
1319 3911
1856 3041
2337 3801
1945 623
405 1768
3256 576
1375 4001
2323 837
517 3234
988 2492
1895 3874
3239 3419
3758 2548
145 805
1921 1211
386 194
2702 1701
2143 472
3338 500
3879 184
2837 2654
1272 3251
1113 1321
1397 3144
329 2335
651 3351
3045 3464
1277 2610
2741 3454
3553 3145
792 3275
3418 2331
312 2510
3827 1845
1071 2347
1578 535
3648 493
2703 3306
3800 3761
3708 2406
3337 449
2038 3219
3722 2488
3694 3587
885 390
2138 1158
802 1441
478 3959
3795 2098
787 1193
3341 2465
1222 3710
1002 3459
1138 3019
246 2946
3893 1015
3757 2272
3274 303
126 918
1014 8
3466 2128
680 2261
1483 1898
3093 532
2185 2709
3568 822
2156 151
2323 311
596 574
2176 3984
229 1104
2492 3229
2993 976
3871 443
3849 3089
1881 511
1741 64
1671 3077
3236 3041
3421 291
2153 1535
2252 3962
3035 2797
2701 635
2140 1584
874 1381
3001 2934
293 2106
2562 385
2239 3888
2594 3166
722 214
3888 1958
3708 535
1105 735
1636 936
1491 1744
1931 2085
2459 3358
1883 2202
232 1266
319 1920
3315 1736
2668 3540
386 759
2756 1629
2797 4068
1771 1893
925 2886
498 493
250 2691
776 1846
3343 4044
627 997
2643 2038
3967 3328
2667 353
2608 851
1223 3839
33 2329
3787 2538
678 2818
3492 3212
14 3798
1831 3120
2010 297
838 1726
2819 3687
533 299
2947 632
3177 1454
2527 2308
1677 2139
4032 1065
2289 131
3396 3533
2792 2399
3260 4068
825 3505
2077 199
3646 108
2935 3678
526 1163
2970 2585
2705 989
768 3341
3311 2962
3933 3723
3602 2174
3711 3570
1076 2559
2741 2022
3197 1100
2050 2157
3776 3464
4054 3937
2074 726
2002 3465
1217 1179
3626 2445
720 3211
1968 489
3661 3113
1955 73
3270 753
10 1115
141 1064
975 3206
1494 1618
3969 1923
2619 281
3130 1776
2660 1490
1390 733
596 393
1937 1310
545 723
1583 1914
2188 3596
3086 3598
2489 2375
2448 2639
11 3937
1488 1958
1095 2657
3292 3978
3944 2755
3029 3476
2770 1332
3703 1998
2295 1446
1192 2042
2608 2206
3048 622
3924 2826
3150 2178
1924 3142
650 3462
67 2718
3614 674
3237 2942
128 4044
2012 3890
2011 3188
2858 805
1354 3664
2654 3122
1894 1127
3461 3384
2387 2893
357 1032
271 256
2242 4057
2087 2700
3197 2069
2947 3958
210 907
792 2863
2330 255
3400 1769
2867 1023
2422 1664
192 2612
293 1798
2384 2230
1973 3901
1542 1357
2185 269
3247 2031
2271 1274
629 815
3677 1221
2736 3097
1136 1042
2059 3786
2508 2907
3329 3391
1816 2700
122 728
1460 3255
3645 2878
3625 20
972 3930
2264 3469
2031 646
1167 3
3554 1087
909 3796
4074 1317
969 2454
2123 1974
2243 482
3900 2941
1183 1223
591 843
2882 1886
3193 3169
2603 1993
3394 66
1131 472
3462 2701
3326 827
3712 1426
3727 243
2848 3609
3466 522
2829 2755
1004 3270
428 2930
775 1078
2652 545
861 1374
3811 3708
1932 2804
1813 2490
1084 3741
3044 2028
685 4011
3301 3631
3619 3106
3639 1171
2660 3786
2474 1102
1069 3750
4085 500
3181 2871
4017 3657
2227 2032
343 541
943 1750
1033 1881
1005 97
554 159
2623 2350
479 1528
49 3585
413 3433
3029 3382
2005 3695
1572 2695
3652 1812
1280 1153
145 2432
1474 1060
3653 3470
2137 3718
2673 2492
3048 524
2462 3777
3596 36
3227 1917
112 1267
3340 905
2584 2339
388 3981
1707 409
3188 39
2697 2692
1901 601
2176 714
3893 1053
2497 868
3951 495
3399 1778
1822 1944
2141 3937
840 807
3566 3289
1294 2321
3963 3179
2157 3017
2888 2764
2841 3311
1563 3301
1101 2505
3802 789
1199 2520
3111 3317
956 2441
3003 211
2293 4055
473 2622
2715 30
890 2171
2577 1591
3354 4061
3376 1218
2684 23
1747 954
1122 90
1840 35
2080 1023
2348 1762
3264 3016
1619 2862
340 3498
1191 2222
2185 1870
4028 3725
1839 3069
3148 625
3337 2402
54 993
2051 1464
1478 2206
2107 3302
1751 1488
3946 2174
2854 1834
2580 1005
2154 4023
55 272
2317 525
776 2813
274 3964
1171 3038
256 893
3558 2948
1599 837
241 1793
810 2985
2997 1558
82 843
2740 639
2671 2550
4029 652
3941 972
3617 1457
101 3556
1130 3756
2462 3648
3556 3291
1243 1658
3010 2598
3175 2339
3018 1298
3364 537
905 476
824 3313
805 2225
1170 1405
402 694
70 536
3573 2621
1745 71
1088 2046
2800 1897
31 2208
3942 3867
2703 2184
5 426
2138 2913
139 3772
254 2423
3706 1541
531 770
1143 2722
2624 3490
2267 1523
2850 3675
2232 2287
1845 3215
479 2346
1560 809
2998 2246
1500 3235
1590 923
2996 1500
1842 1304
3604 175
2524 3996
3821 2560
2322 3227
309 532
621 671
2804 2885
3450 338
3066 3507
484 2396
1607 3338
582 3550
2570 945
1749 798
3034 1300
3063 1011
2096 1912
2093 3757
538 1256
1868 163
3096 3892
2651 773
4038 3129
571 3125
2214 199
779 1286
1964 3670
2030 227
2780 3109
1892 3942
1911 1013
306 648
3390 415
3606 3577
2259 2709
791 470
1910 1639
1034 3603
542 683
235 2528
1146 3998
1687 3433
387 1662
3578 3036
2934 176
352 3759
3434 875
1365 3338
3860 263
2431 3920
3513 2333
933 1239
790 196
210 881
3018 589
3922 1455
528 3364
3681 1668
491 1238
3966 2431
969 2264
116 3298
2116 1986
385 1023
2396 1529
1483 2153
2670 78
1725 1984
3453 919
2374 1270
171 2237
597 110
1519 2706
2733 2896
3946 1514
1987 1187
1888 2704
1050 167
430 969
3711 718
1506 459
143 1864
3619 753
3907 2536
2798 49
3159 127
433 1317
2435 1002
3452 150
2798 836
335 2461
3564 2448
400 2380
279 2845
2490 3533
2982 299
825 4071
783 546
1252 2742
743 1999
3049 2857
13 3676
3461 911
1675 2901
2666 258
3305 3489
821 1561
416 3434
2844 3648
3718 3564
3581 578
1058 937
473 224
1090 3795
3073 781
2825 1797
3819 3751
2031 48
809 4091
3347 1260
3718 3230
1713 1538
3865 880
1301 1941
3385 3573
640 3094
1223 2143
1595 1862
927 3111
4017 3522
3882 1729
1178 3614
423 3119
3330 1179
2729 3395
3731 2188
3050 320
3908 1728
656 3107
2050 2361
3581 3866
661 296
27 1094
205 1029
438 2975
3264 3208
2710 1088
2905 3230
3522 410
897 774
3951 3029
1637 1843
3477 3170
2479 3222
752 3661
4076 3770
563 1708
3005 784
1183 2869
2813 650
3302 1496
2774 976
3607 3284
3094 1805
1203 1367
574 1104
174 3094
2574 1987
3188 1452
1805 2045
3114 448
377 3892
2216 3421
3595 2642
2142 3393
485 2245
3144 2646
3604 3339
1259 2673
2604 763
1890 1522
1950 982
954 2222
387 3226
3274 1556
772 1
3766 3786
3863 3603
691 2619
2059 3313
3483 266
175 2462
3700 1078
161 2920
3756 2185
1058 3856
1244 236
64 3340
3098 1161
3019 1606
2060 1804
3845 673
2144 448
128 2731
1637 3765
3523 4046
1376 1323
1686 2993
240 1819
1238 1164
3320 2930
2921 789
1204 3296
2914 2461
1460 154
2966 1873
3861 1567
16 1698
1019 3961
1990 2509
3560 2000
1861 2689
1567 2902
1838 2826
2635 2653
3019 3254
544 2733
842 1080
151 2770
2237 1058
1222 1410
2088 1261
201 193
2916 2827
1013 1623
1836 3439
2143 2231
794 2520
2578 2385
2263 493
2622 1664
3264 611
3268 498
2826 2334
364 2802
1097 846
2001 1245
3669 2260
2357 3187
3454 2068
3033 76
1126 1626
2111 646
37 1222
407 969
1353 1194
1179 257
2336 3483
1061 1289
1808 2579
967 129
2933 413
1885 3699
3486 12
1248 3864
9 3502
3250 393
1253 998
2795 3433
2895 4065
1419 3789
2141 1134
2657 2651
300 3737
420 602
1376 336
4049 282
2070 1453
1986 3348
1417 724
1230 952
2658 877
2162 4094
3923 3504
3536 1773
3256 2913
3414 23
2269 3367
1353 586
3399 2089
760 84
2338 1847
133 805
1299 1779
180 1895
3880 2419
1704 1907
2201 3640
15 1939
3626 854
1245 445
2239 1983
1288 1853
1951 610
2506 3719
4066 372
344 2468
334 3737
3712 1967
153 2841
1759 81
1682 559
3442 2734
1377 3900
2238 3927
1937 3685
1662 641
2193 1219
1901 1916
2230 1875
877 3965
3125 2898
2464 3090
1696 1287
493 891
12 4059
2883 838
2259 3147
3747 680
631 152
999 2871
3648 518
2256 1565
3682 1824
1992 1900
2762 3502
4005 4000
3451 1318
307 1609
1153 827
61 2913
412 1373
1168 2126
2499 3047
3995 1865
3007 2961
1570 1715
1943 1275
3174 3382
2385 2206
1979 2668
2204 1976
746 2237
734 3420
3079 99
2384 358
2278 2025
1912 1317
3705 988
1578 790
1930 2350
261 1051
2323 3127
750 369
97 227
3339 3786
3317 4065
178 2383
1129 3022
1055 317
1866 802
416 2981
1479 1092
2229 2438
696 1653
1529 3066
2501 3090
2680 3629
1054 3411
1525 1793
3080 3308
2275 1060
701 3120
1850 3060
3061 1765
2761 133
3382 2575
2771 2662
741 1145
3034 2454
2111 5
691 4010
1124 357
2984 103
31 4010
581 2697
403 2790
719 2031
912 1931
3558 480
1643 3466
3098 75
1433 3145
2205 755
395 1760
1812 3513
3099 2844
1540 3706
1914 1875
2395 114
502 2745
29 67
3755 2820
477 96
3711 3718
1576 1073
3222 3895
4002 2456
3952 54
2540 3054
718 3302
2575 160
85 3026
1132 1282
123 4065
3555 1197
4090 600
581 970
3587 3558
1125 902
3184 2151
2435 1
79 74
1639 1903
1847 1520
2257 461
1412 3865
3446 2295
1223 3730
2091 2658
1612 1134
41 1941
3681 2583
3861 529
1688 976
3556 2698
380 3920
3044 1698
3132 2334
1755 2157
3682 1120
425 1923
2976 127
1058 3925
1470 2713
61 2906
368 402
372 2206
1669 1333
673 398
1077 1323
2158 919
3587 1562
3157 1226
2484 3943
342 2021
3961 3418
3415 1791
751 3392
491 1278
3218 3147
1946 3738
3311 3858
1457 1683
3363 4011
1577 1108
3438 42
3567 3658
2981 2077
1976 1247
2376 3578
334 2700
2895 3134
2739 1511
3408 90
3112 1807
3622 820
123 1530
2890 49
2688 1933
859 2982
126 42
2800 2037
3290 3726
2645 3736
2487 2107
2458 1718
3885 2721
786 927
805 2610
3120 3347
1982 536
2908 2051
4079 2262
1076 2163
220 599
1745 23
959 210
3166 221
3256 544
2337 2029
2000 2929
2194 2775
1735 4021
2872 3474
3693 2775
2966 1834
265 2672
1875 1553
1378 842
1650 84
3462 1405
3189 1001
1059 2087
3693 1541
1597 1164
3836 3266
2714 432
779 3438
3750 1496
855 2739
2408 2200
2174 1732
317 1252
1958 3298
664 3746
555 3749
3034 1989
615 482
3064 2149
1668 3129
780 3501
3937 3764
289 806
1773 1082
936 117
1793 1058
1088 2740
1705 852
1405 3091
651 3410
3973 1707
1995 465
3995 1592
1211 2447
2234 3183
1975 1557
306 3775
3826 3339
634 2654
917 2767
1449 1176
852 1059
919 943
454 498
2985 3634
1756 1681
3697 51
1807 3532
290 3017
2305 2228
3439 2583
1323 1414
3630 503
997 774
2415 1191
3266 3037
127 3782
3494 2445
220 565
1561 750
2239 3948
2562 1778
3149 3187
2742 2543
2162 1621
3289 441
1540 2688
1515 3691
1457 2217
3715 1050
1626 2475
3028 1269
3548 2139
1780 2573
1495 482
3183 685
1272 1222
4050 1130
2328 3455
1125 2916
2737 1387
2922 2762
2042 1130
3608 3744
2071 3032
1352 455
822 1481
2952 106
932 126
2134 1831
1884 2090
3472 2506
379 2963
58 2289
1146 4064
1307 1961
1669 1625
3513 2466
1052 3241
385 1862
1119 892
320 3953
1466 3005
2561 2456
808 1163
1084 511
787 2369
2323 2173
3018 328
1811 1687
643 1288
1533 894
762 491
483 2138
3434 129
967 2903
2547 47
3599 4028
953 271
3416 1875
3280 3084
173 2540
3213 2323
2968 350
690 28
2429 1900
1175 2821
1402 509
1309 1974
1366 3798
2344 1582
416 3957
1528 2926
2537 4091
3480 466
1656 2244
1148 3118
1639 467
3401 1072
2143 1882
295 3064
3447 1323
2678 1265
1278 2064
2090 2757
3531 3321
3114 1872
2003 1804
97 2643
2458 1319
748 1824
1654 114
2739 3811
2265 2128
1058 1252
617 2800
2684 1012
1843 3257
1909 2241
742 2083
3197 3061
1358 437
2328 383
2905 2759
1180 1786
1090 1736
1374 1232
2633 418
3646 343
790 1687
1974 35
2262 2752
3190 1159
96 2386
4074 1494
1269 2596
281 3526
1323 2792
3095 2259
3873 1065
478 1094
796 2954
1405 2602
221 3058
2712 1574
3512 560
2049 1721
2757 871
749 1549
3425 2970
2719 2230
1823 3017
3051 3507
2970 2515
3938 2160
2812 669
1842 2120
282 933
3568 2454
4023 320
1783 3806
2429 3438
805 3658
3734 2716
308 3063
1096 2148
2715 1995
2773 3361
3210 1820
2183 2194
3373 1334
2100 3492
1809 2336
1654 3360
2229 2912
2498 491
501 2358
2830 682
2399 3710
149 379
3324 93
2559 845
1246 1319
2711 1380
1496 3003
1318 1084
684 3678
3932 2144
3775 108
3105 3508
652 3972
3274 836
1526 3016
891 1640
3092 3633
3359 2648
3836 2138
267 277
1660 332
3595 3095
546 1405
622 2006
2107 2074
905 628
1323 331
2851 3741
2191 619
2336 1098
531 1592
2484 3080
1039 1180
492 3476
3393 1175
3704 1476
1710 2821
624 617
1527 3616
653 3072
2726 1127
3870 2568
3510 1227
3033 3611
3044 2275
4060 1213
3036 2303
225 373
2804 661
2863 482
807 2739
2158 657
2354 2097
2943 242
3493 24
2353 1914
426 1457
1476 817
2632 240
2341 2753
1953 1753
841 621
3476 176
4022 1424
951 1989
1956 986
746 763
761 4014
1206 962
158 1430
337 1340
1727 3184
1953 1961
2050 2206
2408 3671
2943 3228
3312 3425
3603 215
1337 2256
1159 1345
3692 4097
116 2221
1253 3778
3701 1437
2441 3223
677 3534
3050 3777
640 1665
1585 2565
3088 2427
951 44
4081 2048
2332 2955
1130 3845
24 539
2684 896
775 1159
54 2113
2185 2873
1018 675
3147 2408
1502 2341
2153 2778
1954 3483
1117 2399
2091 2232
1353 2802
1782 3653
2573 1652
1023 4018
1832 124
2936 9
1925 1400
3446 669
2789 1231
976 4023
2288 1496
1160 2075
2586 3056
2342 404
393 2577
2646 2434
1645 1401
1874 2083
1211 3122
3606 4035
2019 3179
2821 2271
1273 1813
3221 1142
1766 1837
2446 2391
469 3177
1472 2849
837 3378
192 668
2502 2332
2410 1288
2136 2234
2228 1537
483 3554
2078 3842
3566 982
1569 2707
4086 1856
1330 3886
832 1422
594 53
3836 386
3276 3590
1713 225
3232 2661
1842 3857
926 1427
326 493
2654 2536
1235 1205
3783 1822
2392 1706
1017 2909
4098 1767
3802 2036
2543 4047
2262 1434
2411 927
1216 2966
4002 1029
4097 2577
3227 2306
1666 2773
1134 2909
2466 1868
105 1557
1877 3319
1410 709
2946 3321
2629 892
276 596
1382 4064
848 1922
1745 1096
1206 1429
3234 2985
2773 261
1315 2965
1095 908
369 1951
3153 1189
1592 2735
893 38
3252 2955
494 319
2897 3197
2849 498
3961 3040
3954 156
2346 3661
61 3304
235 4021
1075 2149
1336 1005
640 115
4002 2922
2831 706
3028 3244
2967 3305
3141 231
1598 3490
1047 236
3755 1943
3542 163
2057 2070
3758 3302
2126 3598
109 1842
954 1885
2189 2769
1622 1127
191 487
3976 1516
2625 210
826 3119
3474 2550
1398 319
1548 255
593 3458
2091 2266
217 3326
1477 4079
2199 3579
638 2628
3547 1092
2386 3499
508 1506
1941 3997
2712 1231
2968 1747
1110 3609
3963 1815
1001 522
2663 1949
3941 1795
3085 1181
3094 433
2388 2332
3400 788
3908 1382
1795 3704
3216 2485
1986 1466
3591 1985
3675 2347
699 3182
1164 665
1167 1951
3937 3178
140 5
3823 1903
595 1459
3556 743
245 3657
1316 3728
2979 636
2496 1271
4005 3361
1629 3891
1763 2107
17 3660
348 1994
283 1150
503 1794
1561 2505
4019 2961
2675 3125
2654 1073
458 1667
402 1198
1055 2567
2057 2868
3003 3565
751 562
2748 1335
1902 13
1554 329
4086 3273
3351 672
2791 3475
1744 2557
1932 2876
966 3681
3778 1978
1546 1606
2558 2383
586 1389
1452 2299
1444 708
1453 140
812 272
1128 3170
3445 1819
1033 2377
1549 2947
3266 2234
1424 839
3136 2434
135 3924
4046 318
183 2616
4033 2624
2860 307
1680 1691
2563 3402
3807 2146
2044 3633
3808 2040
972 1110
153 3236
2848 1804
4093 1740
379 1363
357 2058
3295 1220
1947 2391
2808 1753
2071 3353
2437 188
1059 3896
3824 341
1909 950
1380 1878
1183 335
185 730
1186 3577
629 2750
396 584
1910 2760
2129 1410
2473 19
989 3834
3574 809
2329 1619
906 2336
2199 3801
3762 1902
415 2491
2821 2324
68 816
870 2338
3025 1451
283 3070
266 2247
1474 3528
1367 3937
2598 3297
319 750
3546 607
3829 3532
874 2096
1740 2203
847 1044
310 17
1190 1394
1280 967
4065 3960
1372 1500
338 1222
1912 2373
1141 2861
2151 959
1253 716
3198 2984
3742 3460
2401 3125
2126 4038
3316 3666
249 2026
344 1600
2168 3324
2555 1619
103 3806
3349 1507
823 3752
690 3605
3812 132
1197 3920
1090 3786
3358 1451
3791 176
1340 3482
957 2388
1484 1440
2926 1171
2859 3844
1694 251
349 849
1716 1485
643 1236
3042 4071
2447 3672
2535 232
881 2856
2610 1882
3538 3213
3125 2131
1602 1264
3952 3542
1183 3788
548 2664
446 957
1617 798
1817 2864
2292 1724
2630 3867
3805 3868
3220 737
797 3203
3600 3791
876 105
3719 2134
3680 2537
3327 3241
3954 3542
4035 2260
1936 2793
3889 3583
3127 1589
2867 1940
1755 1113
1411 764
3610 2274
1896 2777
1280 3819
2837 541
1581 2614
3093 931
792 1217
1231 2119
3287 1534
3553 1888
3879 1025
1741 746
3651 3172
3033 1819
2717 1958
920 87
1081 3077
3816 919
3051 2125
671 2910
32 3981
403 1563
208 3704
1583 776
1200 950
2525 1513
1611 2066
140 1230
2286 1664
773 4014
421 972
475 3888
3401 1981
4048 96
2049 1373
3536 1330
2029 3950
3954 3979
734 3874
2305 3994
1916 3632
2394 1191
3153 1718
391 3755
2539 208
996 840
361 3014
3478 2399
470 107
2596 1379
16 2554
1364 2245
1529 3530
3069 1903
936 2398
2855 1195
3319 3998
2549 2777
1313 2658
3511 1469
3107 240
961 2930
3075 1462
3095 2916
145 1654
3395 2657
330 2738
841 1999
191 1963
2521 1334
2248 2590
1832 2781
90 719
289 695
2822 1722
3771 1328
304 2336
2749 3859
177 46
3337 7
2593 890
134 2257
4072 2307
1044 2753
112 3739
4074 3281
3328 3132
1808 3918
2313 2311
2735 734
2870 969
1007 1981
3153 1217
12 1753
3177 3359
2760 2872
899 463
3244 2460
1190 3686
646 1769
1539 3902
1772 3047
3109 3029
1900 3984
902 1035
491 2370
344 481
1943 2886
647 562
1541 1100
1544 1677
1289 1991
730 2622
2495 3665
2916 2594
2830 168
432 3931
214 924
1268 1397
3698 2661
3847 154
393 930
3575 2648
1308 2724
3181 1504
421 3897
702 2352
2438 1104
2702 3086
3552 2521
3670 1517
2592 1458
1248 1798
1469 2774
3267 1279
840 2471
816 3348
1552 2463
3005 254
3224 347
1328 669
2544 3499
3619 2227
1773 2835
1740 859
118 1236
608 3397
460 828
862 2363
620 3310
2331 93
2452 2341
2680 2149
1797 1076
1984 637
3949 1380
799 867
2753 663
2635 2520
3557 2260
411 2486
1607 2397
2118 923
2678 3160
31 1934
3261 2339
847 525
1280 3722
1203 1366
2739 3810
2209 2892
534 2793
3470 2597
1921 1773
970 1613
3138 1752
300 1262
508 2656
1716 1367
2718 1079
342 3416
345 3678
481 3924
2323 1628
1614 1550
2219 1584
2188 910
1819 3631
1046 2076
2388 2332
1428 3682
3688 981
3234 2135
1404 646
321 1917
2557 2202
2036 3584
3975 3998
3032 3661
282 2546
4004 977
1749 2027
1585 3008
3872 1899
2922 2878
3329 3928
2244 3189
2759 4084
2881 1066
2004 1687
95 2620
934 23
1676 683
3625 1245
2555 4054
3143 628
246 3888
3388 190
152 3593
553 1195
847 1289
1153 51
3156 3620
904 1997
526 3913
980 1894
1556 2617
868 2204
2998 2859
1736 1167
524 261
479 3314
1731 3146
1141 2942
2545 2171
1558 3525
580 1685
2112 1514
2230 1884
2665 2705
980 1846
2899 1872
957 3232
561 2507
955 3614
2583 2445
1993 2235
447 864
607 1927
700 1471
1308 1024
1560 1591
2653 1508
3049 7
2908 2841
680 1798
1912 617
2826 3904
1195 505
1505 3970
3522 3204
2583 414
4060 3240
1230 3797
2863 3719
2985 1608
612 1061
1922 2383
2971 2192
2817 1986
1560 1523
1340 3002
2265 2272
821 3882
2468 987
2022 2135
71 1135
1536 2183
195 591
456 3723
3082 323
3735 2237
1755 2958
4000 3075
4021 4000
259 2750
3711 1669
781 3607
2051 3821
199 1576
333 328
1877 1060
303 3881
3010 912
3495 4058
2585 29
325 4010
1966 771
2759 339
3774 285
2860 2249
329 2148
277 3969
2423 3243
727 1635
2890 1555
402 3562
503 3740
3329 3677
804 432
3820 2159
2781 3271
767 1856
1960 22
742 792
3172 2892
2035 222
2689 1479
3202 3997
1242 68
3340 518
855 1690
1478 2041
2203 2514
434 1247
3762 3107
1242 171
3613 1913
4049 1366
3607 3193
2214 2020
170 2351
1354 2971
455 1036
130 2882
3435 84
659 1839
1517 3059
3555 2339
625 3320
2273 1660
1554 914
2085 1697
23 2123
1013 323
623 2060
1336 1996
1729 1940
2354 3216
2452 3403
3325 1043
2573 3601
2195 457
34 3330
2688 3578
2997 2797
1355 803
3658 3545
1085 439
1241 2210
2286 2831
1994 2456
916 1120
3208 3478
3878 3477
2072 1034
1210 537
1400 2773
2176 3744
1986 1308
480 2124
2911 1280
2019 352
2930 2087
1973 3667
2502 1180
2381 2638
3866 4037
1382 3567
882 1745
2123 1615
355 2384
71 733
364 3459
479 4053
3170 1352
2493 2119
3084 1447
29 3095
2100 2517
3687 2362
1914 3426
3384 2397
1079 910
1750 2411
3717 4016
268 2321
304 3343
3219 2605
1045 2770
3667 1987
1338 251
2573 2131
1038 3897
970 1925
1766 2986
2461 1756
4038 2180
2835 203
399 108
1352 2890
2397 3997
2073 2312
80 3387
2417 2233
2967 1216
1025 3606
4010 2681
1209 1990
2215 2746
573 397
68 1959
537 569
3004 2166
185 3876
3684 3538
1280 777
3224 3419
2755 3494
442 3953
3130 3195
959 1280
2704 2850
569 2713
3634 2122
82 690
3822 340
1004 3439
5 4028
1549 505
2326 2277
946 1613
2465 2955
815 2398
721 1885
855 2301
2575 1749
487 1645
3669 3484
2188 59
730 2600
2151 1545
3958 528
1624 1819
3270 1962
1390 2711
523 3292
3066 2100
1449 1062
3371 546
2496 421
1631 402
1586 3212
757 397
1551 1659
935 808
3474 2876
426 1750
2297 3383
172 2738
692 1183
814 1057
3827 179
340 3020
1222 3748
2883 1683
1351 1596
2926 1145
2108 2936
1924 27
1802 3911
2861 1664
726 1226
2111 2403
262 4064
1562 3089
1755 2447
505 332
842 2522
1664 2809
3354 3546
2015 629
383 1460
1583 3125
1581 2573
564 915
2959 1669
2827 3762
1309 3089
651 3847
1473 3968
732 2924
103 933
191 1846
525 1687
1637 3722
851 2348
295 232
1075 340
3283 3282
1660 1182
3133 2761
1993 3731
481 1787
3549 411
2933 298
394 2533
2294 3146
576 1043
1477 4096
1328 2956
3676 1251
1506 206
2107 2264
1483 2612
3833 2222
1531 3192
1008 2697
296 687
1062 634
3989 882
2964 2129
1546 3197
3725 2327
585 3427
3549 631
2485 349
3845 3697
715 1735
395 1921
896 417
110 950
3501 1187
2467 3395
1045 3677
1991 3264
3264 3582
3530 782
677 1748
481 1848
2752 190
957 713
3094 3772
2023 843
1186 2232
624 3339
1797 3798
2966 341
3193 167
3728 3507
1024 2799
3227 3532
1960 1969
707 298
594 1144
1806 1945
2392 1799
2976 2088
2323 2715
2459 3786
2631 3713
2005 1810
3990 3559
3900 188
2269 215
2546 157
503 3991
1371 1487
3875 2973
1997 1717
3297 527
831 2013
2144 2440
1741 906
1787 2769
2724 3122
3482 406
2574 1358
104 1037
1117 982
1643 2193
89 405
1440 1904
1387 1100
1074 3739
3257 2847
3994 440
457 4096
3525 3739
923 885
2886 2782
763 2378
3350 2354
483 1068
154 3378
1913 1197
841 555
265 3767
3195 2587
1819 3772
3233 2919
3328 2160
2402 700
3768 139
996 1529
3411 191
2209 1815
2624 575
3161 1843
696 2442
101 1704
2415 1389
2433 3274
1418 1907
939 2663
3762 711
3680 2409
4081 1653
1577 2177
2843 1370
2163 246
90 2158
2407 2047
1147 808
1914 483
1497 1885
2004 2915
1072 3799
2116 1997
1905 2693
2092 3944
1557 23
2039 2648
1052 1524
1486 1213
1799 2252
1315 2649
3741 1669
2685 506
435 2814
3444 1651
2803 125
728 3385
3848 2378
2338 58
49 1705
2383 962
1311 3479
454 666
2541 2038
617 2320
3363 914
1620 2580
4059 3571
658 1360
3076 3120
1344 50
2492 871
3796 4008
1654 1115
1299 971
1861 680
443 1878
2705 3633
1073 2157
332 3335
511 948
1004 3351
898 2245
2664 2426
466 594
2152 3775
542 2234
190 3841
3428 4008
995 226
3443 1481
2623 48
2773 1794
2479 2373
1712 3550
3725 2192
1951 2987
170 2100
1488 1792
2028 2469
3574 3575
1589 4042
631 1193
1348 1396
205 3327
2251 2454
3301 2496
831 3542
3704 3825
148 2685
978 376
609 1067
4061 4
4088 2232
2128 3159
591 960
1721 659
2364 706
1513 2392
114 281
3498 171
2465 1596
3111 2019
2415 3086
2864 740
806 3370
3621 485
291 1806
1210 1687
2044 3392
1597 549
1237 3555
3796 2319
636 22
1553 1835
3472 3914
3572 3263
3186 1359
1720 1884
1956 313
3798 285
1690 3910
503 2067
1298 3427
3345 3549
2139 2468
818 3653
1367 3053
1318 1570
942 3419
3670 1241
3427 3409
2470 343
3846 2111
2943 561
3403 2233
2945 2871
455 2017
2085 3167
2008 968
803 1573
948 3586
2357 2392
2479 2476
655 12
2358 2824
1674 1872
721 2924
156 784
204 1573
3397 1831
3399 251
2818 2430
3599 1322
1427 612
1841 2763
1771 3623
1753 1589
156 3338
3407 1515
2036 2185
3831 3026
1160 634
1176 449
495 3732
1125 2321
3879 3385
1832 1188
1184 1163
3294 1526
978 1976
2235 1626
3970 1704
423 3559
1552 1526
2794 2718
192 1774
2994 349
159 3788
2083 870
3246 3454
3265 2518
2275 1285
1654 682
2407 272
1526 708
3716 297
227 1375
2079 415
3473 3352
2605 1402
1632 3589
1516 3782
1811 2728
2305 1921
410 877
3590 151
511 1629
1822 1005
1049 2455
688 2568
2641 2669
409 800
2326 3404
1146 2176
3512 2373
3915 3872
706 2276
3379 1657
3690 4047
2040 3531
3365 2037
2258 857
504 3729
892 3314
3593 425
1854 1292
1940 3624
3267 2169
2283 1448
2184 3535
1236 1798
270 3577
126 1471
2269 636
3062 1927
301 1176
1313 1873
658 3211
79 2991
2225 2924
239 558
2718 1310
82 330
3933 3160
1702 1994
3996 3605
3240 2102
490 3512
4038 1314
3051 2186
3331 2564
441 2389
456 2859
2507 2149
597 3659
1648 2954
65 1452
779 3989
1256 114
415 2732
711 3692
1790 1021
789 678
2687 899
744 2785
1680 1867
647 3433
1830 3394
3528 1450
448 2012
622 3768
2383 3210
45 2381
2478 3929
2286 3133
3728 906
714 349
4091 987
2303 865
3824 676
1334 2160
1853 3655
2171 1987
2385 950
3084 1202
4030 306
1854 3086
2689 2242
1510 2848
2357 2682
2407 2939
722 1350
1800 2389
3359 2643
3757 603
1563 2284
408 76
997 2559
4058 665
838 295
2764 1818
3460 1510
2660 3502
897 3963
516 2952
1795 1541
3996 271
1147 332
1991 3987
1824 610
2532 726
1718 3815
1448 1611
4057 2162
3898 1004
3840 3807
4004 2040
1390 2497
757 843
2485 3197
280 1435
645 3085
1148 2361
1972 4060
3445 3517
1288 1723
2488 3095
1627 2017
3267 2318
468 2520
1576 211
2029 3983
2256 999
3021 1889
3980 3990
3539 2423
3668 2716
3894 23
2273 2654
3157 1637
4093 426
967 574
1000 3801
3696 3501
1878 121
3774 2466
3872 3483
156 174
1985 1123
420 3557
3074 311
848 3374
1126 3167
1211 3533
3637 1402
95 3296
335 2374
316 1016
2045 798
2810 1060
2639 3381
3192 974
3089 1875
1812 1186
2189 3364
1272 3049
1763 1693
948 1118
2193 2783
454 1493
3060 520
2924 1461
3871 605
3747 544
3063 2738
3953 138
2740 3352
349 638
2488 2852
1075 389
718 3970
2652 985
631 9
439 131
957 182
3342 3379
1479 2408
3816 3232
3989 2719
3673 162
3773 1014
1361 2215
344 207
1041 2006
1417 1753
507 2292
1927 2017
1021 3454
3445 3170
2161 81
3554 695
200 2717
1602 1500
3929 2084
3442 2936
2341 3786
3100 389
186 1434
731 3691
4001 20
575 1855
3249 1143
36 2357
2582 199
3938 1112
2642 1539
1896 1658
3255 3697
2633 269
622 522
1825 3620
1756 2093
3720 2592
3808 3749
1954 1254
36 2074
3871 2002
2789 2758
721 614
2239 1545
1177 2121
3086 3939
3311 3079
2636 162
2335 1557
3615 622
1289 2971
3677 1294
612 3375
2651 1926
2071 3305
987 3080
3532 13
2180 2504
4039 2548
3885 3906
1543 3186
1913 2982
2300 3698
1922 2360
1321 2820
3179 2480
2820 1185
2312 3545
1825 2029
2446 3790
2316 601
1141 2632
748 596
164 366
972 2919
1111 1756
108 2006
2618 795
4098 1943
1009 3784
327 1533
91 3364
2298 3558
1442 3563
2502 3830
2755 1992
3140 804
3327 3796
1360 44
2649 836
3086 2803
3345 1970
1895 2462
1131 3205
2665 2766
1110 1913
3812 2533
4020 649
3753 3074
3730 2503
1373 2143
572 3174
279 3820
12 2755
2003 2117
1117 714
3792 2844
3944 2613
2069 2293
2870 3143
2277 671
2180 2103
145 1652
1404 3684
1682 2994
1921 1129
3300 632
3659 2746
2397 3012
2680 1049
471 2502
2999 679
1406 79
1943 2820
1898 2945
2860 2418
3802 1438
1979 3618
1413 2040
2492 2281
3094 2544
1658 2041
2795 2796
3354 613
1626 1043
3664 2551
641 344
294 657
3048 3742
2639 1723
2081 3662
1725 1138
1772 3623
3952 1615
2425 644
2508 3560
160 2101
3173 3516
747 2688
142 3515
499 2399
2651 224
640 2978
424 510
2159 3414
75 1798
1115 3421
3182 931
1476 2366
99 2017
1377 3258
1472 852
3112 2209
2263 2381
2104 339
3079 671
2042 18
2554 2960
146 2356
1459 2999
413 3307
3984 1286
1768 3481
249 2464
3820 2164
1614 3148
1212 3582
1712 706
3234 1609
3448 2860
1674 1978
2017 1878
2981 2186
2396 3023
1192 56
885 3587
3268 662
3509 1274
51 1395
378 2386
4058 707
1468 497
2960 3173
480 370
198 1399
1174 3710
2128 1912
3864 3812
3371 210
2617 4034
1453 3955
4096 976
427 3649
4094 1830
733 2035
2395 3041
1321 136
1150 3343
250 1523
1239 2912
504 2056
3939 3626
3743 422
2728 2401
2964 958
3294 1900
1535 1748
2873 2688
1966 3641
1164 530
1014 1616
43 1105
3581 3707
110 718
2709 2451
1627 3300
2353 2489
1871 1324
1706 3363
1768 3089
3744 2257
2474 3713
2707 441
748 2176
4013 1327
286 2579
2797 1063
910 1278
359 2969
160 731
1095 2917
2134 3917
828 2188
1817 3656
294 2396
1742 3359
1251 325
1786 3698
164 3718
145 2236
3940 1549
2861 2556
1295 2587
2247 707
2625 1612
1270 764
2301 199
1706 3100
2068 1339
1797 3807
3855 2532
2320 1873
522 1569
3949 3282
3651 2008
1548 1731
2519 481
3436 2369
2260 780
2668 2581
1233 1125
2087 295
1994 4034
1753 805
2391 3996
2216 2364
40 3668
820 349
2360 2873
1171 505
320 2894
3417 1999
215 3037
1727 843
1191 4072
1507 428
741 569
28 4044
2543 1540
1200 1884
3053 801
3581 2559
3939 731
1676 3368
1948 2905
541 3071
2322 449
3875 1130
3019 1859
3731 1049
1405 1484
3281 3900
2547 1222
2263 81
3412 2941
4043 3712
2260 1884
2036 1257
2165 3402
2833 2721
2856 353
3410 2517
1818 3365
3128 3857
1915 2945
2703 1567
254 2822
1634 412
3922 718
1424 2068
1996 1112
3566 3971
2337 131
2162 1252
2965 2709
3111 665
2416 2685
1271 2786
2500 4029
1514 867
819 2609
2508 1409
3933 3646
3222 3361
3779 2323
3174 2916
1784 1702
3709 3003
269 1032
2966 2906
641 2307
854 3389
2742 1345
3511 3770
3639 2321
351 614
3819 810
2389 1156
203 3176
337 3407
1792 3463
2145 769
2252 1906
2712 1769
3667 3373
3201 715
2921 708
1246 83
3347 505
3786 2342
3240 3154
441 3896
1683 687
3622 3415
699 2346
3963 2226
2186 3472
1513 2004
179 881
1623 492
1399 3489
394 189
1363 3370
559 2423
3028 4077
2853 3725
2927 1080
1333 198
1712 3462
2176 3338
147 3539
984 2630
650 2892
3483 208
1418 1843
3794 3166
645 3639
974 738
597 58
1625 1991
3832 2965
771 3199
3243 2178
2343 1100
1520 3878
1214 3058
3120 693
516 1210
2543 1509
379 3925
3065 723
260 2249
2237 2961
1564 2945
848 2838
83 433
3795 521
2533 680
2705 2285
235 1141
1 3570
3453 1846
509 3916
282 891
3745 229
2236 1424
431 1349
3535 4074
3440 722
3948 2371
355 2198
3911 2634
4077 3413
1234 2045
3705 444
2997 359
1430 2424
804 4018
3280 1177
1140 1413
736 3739
3506 2944
3397 2830
1681 3697
2584 2678
3219 1583
2327 2217
3207 646
2786 3533
1338 2081
3698 3528
3393 3460
3447 3763
3331 2582
3386 1627
3116 3580
2289 2414
2646 3553
1671 3237
3839 449
403 757
1420 2553
2820 544
1989 572
3230 3206
3090 3392
1429 2564
1403 2809
721 1619
1935 1131
2222 1671
2472 3716
2718 2160
1835 2987
968 59
1945 3939
1144 3011
2568 909
3673 2322
231 3306
2698 2766
2406 2551
774 3761
786 1562
1206 2340
3163 3256
3146 3953
3058 3964
3901 2744
125 1459
3985 2872
1339 2864
2207 4099
2406 3584
2271 3504
3042 3634
3857 2714
1120 1980
888 494
3292 2178
672 1618
3888 1285
1823 2160
2055 2529
2972 3566
1569 3236
2822 3831
2425 2145
1996 3963
2610 1173
2234 1969
630 581
2595 3095
1962 1381
2444 4092
1575 238
582 4073
1201 2219
104 2325
271 1807
57 969
371 2338
2334 3425
4079 2397
391 1918
3301 2636
3013 2650
2023 3583
2576 3111
3636 2570
2210 3278
532 1022
632 2349
3703 3808
1311 3803
1138 2617
2455 695
1521 2670
1614 2253
3185 2631
3109 4060
3630 2165
161 3291
625 687
80 4099
1125 2086
3725 2925
436 2462
1850 2846
85 3723
2409 2399
3548 1981
3755 1367
13 1810
249 2956
3639 590
213 1997
3205 197
3445 867
3804 2546
1715 460
2509 3344
4022 3753
2317 838
2808 748
2915 3945
413 308
1829 1581
2435 3365
1687 1032
3713 2797
3024 4079
3850 3857
1347 3731
2087 3246
2492 3321
2174 568
1805 2215
520 1885
3876 3853
2282 1675
2570 1136
1784 3374
48 1322
3629 3105
602 1548
239 2505
3102 2998
2774 3801
1296 2899
1153 2053
2776 3049
983 2873
3160 2392
656 1117
1237 2916
3233 2859
461 2958
3050 2603
2723 3592
895 387
2126 2360
382 1703
2079 1558
2721 3819
1979 2698
971 4080
3658 205
1876 4005
1083 89
402 1978
3756 1987
2740 476
3660 3726
3094 389
1400 558
603 1395
2588 758
2932 340
2489 3029
4057 700
888 203
546 3390
3980 2675
1940 1026
3817 2633
2426 3512
1401 3582
3739 1582
2480 341
3069 2544
3237 2909
3804 4029
263 565
1002 1035
2894 3401
1771 652
2972 566
3446 1735
652 745
2355 1102
2498 2032
3163 290
2567 2149
430 2761
1692 2449
1103 3809
2164 2442
1979 1433
1880 2522
555 3121
3159 1127
608 3219
1682 3087
539 2461
1676 3577
689 691
3975 2927
3102 2412
1932 2239
3937 2090
3949 845
1243 2707
246 2742
2050 2707
1026 2436
1193 3701
1748 3494
1291 2597
2934 3511
308 3505
3817 2859
2739 2927
3239 1433
338 1528
278 1017
2672 331
3798 1857
2870 1659
315 2160
3754 2116
3301 2203
1697 684
2473 1920
3960 1283
2785 1261
3210 809
1491 2005
3635 420
3130 4018
3256 835
1507 3759
3972 2669
1556 3602
2292 3673
1659 1831
136 322
842 4003
638 786
3046 1255
1135 2191
3898 345
1064 3117
1278 3257
787 329
2357 3406
3916 1380
141 3681
2227 3541
1118 1271
3496 432
1834 2882
99 774
1772 3017
3270 2830
3311 3692
192 786
102 2888
439 3876
2074 900
694 514
2072 2722
3374 3104
3389 914
3683 2709
3012 1992
103 2048
1528 2042
279 728
2891 2263
2998 2448
1427 3627
2579 793
1776 2496
3411 3495
3391 34
2244 1830
3338 2821
3845 1154
2715 2211
2343 2422
3979 3093
1321 2882
3253 3094
1536 2504
888 1364
1941 2817
1560 2703
221 3270
2676 3060
20 3029
1868 443
529 2223
2631 3003
1570 3083
2527 348
2279 3005
2006 439
2433 1314
784 2120
1390 2987
2131 3321
4008 1685
3332 982
2485 2863
3991 2501
2161 3139
3631 1934
4046 2372
787 3849
3916 342
2449 3949
3355 2080
1750 1173
3408 2731
1379 2934
350 3371
1287 3424
1975 839
765 2130
386 462
344 2001
3059 3181
2290 3469
681 3393
1799 2970
2072 1621
3929 3969
2616 2481
830 3000
2794 2681
3888 166
590 1225
3624 280
2661 88
3973 900
2330 2557
468 651
2785 3506
1511 3266
2648 1738
431 3106
790 4096
1175 2898
60 3278
1082 2446
2818 378
1465 2793
48 774
1791 1257
3083 3395
2685 3064
969 78
1618 1227
2404 1742
1168 897
3334 2795
2758 2889
3717 1948
527 1110
3705 1569
711 429
2085 567
3692 2754
3475 3448
2427 864
2633 3396
3789 989
3389 1595
731 1409
616 502
3458 348
799 951
2716 4076
2470 412
3660 2894
86 4016
3184 4004
3567 2723
1310 2468
227 2277
3148 2731
1095 629
2477 132
607 2946
306 206
32 861
1057 2777
2871 2936
3869 3462
3305 3553
772 133
1923 2005
874 2856
2007 1119
1647 3838
2048 1679
2963 2241
3988 1127
2841 3201
396 977
1823 2137
1577 1105
1646 2293
498 3293
3346 1291
2185 3475
1393 265
3844 1643
2104 3483
966 3006
2503 2857
2475 88
4067 2499
3488 3637
2813 164
1479 1123
63 3803
2399 3807
1654 2180
605 1079
2535 2548
1523 2713
1388 3172
2978 3033
2186 3267
3111 257
1906 1049
2410 6
4025 3259
1537 2093
3937 2009
2348 3471
3885 2834
2397 3577
496 1326
2598 3524
455 3968
4047 1140
1945 1879
1383 3653
1965 3796
3516 111
1688 4065
359 3471
1864 644
325 2327
3949 391
647 1143
2557 3568
4001 1583
923 3171
1575 3309
3646 2667
1176 1731
3681 3918
3657 178
1092 956
1299 3242
3856 215
3729 81
2764 798
2160 2768
1900 1808
2588 202
1632 2044
2120 2800
2695 3046
2835 2214
2313 713
2063 3375
1486 641
495 2127
1928 4045
1972 1978
800 1993
696 1950
3874 1329
3360 3747
2468 4038
2424 2667
230 2599
149 3129
