3208 55
2006 304
3186 322
578 1271
1150 3404
3266 1035
2175 658
378 966
1015 2981
3534 2968
2538 1444
948 356
3438 3714
3653 1151
952 3004
122 3351
3685 3112
1889 3128
1869 2360
3078 3464
3018 634
1048 1641
1471 3533
440 2814
1292 1342
3628 2891
73 3440
57 977
1373 1930
2967 3638
2020 680
2758 2049
2870 2669
1962 3615
937 2932
2781 1358
3867 913
1134 919
3744 3200
3718 3644
2490 85
1214 1763
3858 362
2411 2082
1020 958
2190 3843
3651 2071
2760 2076
235 304
795 577
1808 2677
3540 2263
3616 291
1771 1109
2398 1371
157 1296
2390 3335
845 3216
3365 1674
3487 795
1093 3214
875 3119
441 128
425 3800
659 819
1450 2422
844 2685
49 2016
2726 1179
1081 3423
3205 2515
1788 3000
1971 2953
1933 922
474 3827
1599 359
3420 3870
2465 989
3383 3315
1247 1152
3699 7
1775 1931
2499 2880
1898 2700
2748 332
3534 2662
1578 2323
2751 1150
1762 561
878 2310
3309 2281
3074 2374
3870 814
1950 1381
623 2033
3080 2533
2862 732
1648 3506
3335 2466
66 3541
2991 1360
2219 1880
2607 1068
1787 1071
1835 3484
2559 2898
2786 1893
1185 2990
2938 2626
1496 3343
1446 3629
1692 3746
2337 1778
2207 1209
1167 2732
2302 516
1378 2005
935 2623
3621 1861
2347 302
1217 742
1221 600
3721 1202
753 3101
3813 1770
420 1255
3289 3092
1441 2976
2747 2705
2585 1475
3686 890
1832 92
1178 3376
2344 1562
1929 6
2999 1648
312 723
1896 3527
967 1713
3555 2356
1495 414
2718 85
1646 3493
145 2243
1137 3541
1606 2436
1770 3814
1310 58
1122 3041
2136 3645
1493 156
3836 1816
141 2102
3420 3035
1642 3449
3594 2614
2943 2105
3482 1154
390 1344
2443 2155
3522 981
1506 3004
1394 2903
0 118
1791 1616
612 2000
594 3114
564 816
676 3693
2501 2653
2151 2742
1707 1068
1238 2141
1331 972
3870 262
2840 2627
2275 895
408 395
2694 62
3680 2284
592 1685
3364 1007
1169 2876
2381 598
3808 3442
2266 1847
2190 349
793 606
907 972
2734 3505
1604 1895
1122 2779
3119 22
3714 1166
3198 2597
416 1431
3658 2644
387 270
1088 3391
1147 2350
453 599
1584 603
2144 85
2148 2700
1818 719
339 660
1090 1105
447 3517
707 2825
830 1200
2126 320
3871 715
3588 3489
2546 2898
961 2643
104 186
1941 706
2483 2351
427 1563
2588 2577
3052 2615
3638 626
3126 1974
130 191
3179 3653
1772 640
2877 1290
2046 262
95 223
3146 1598
2986 995
378 1440
293 328
963 2637
1497 978
3745 1365
2369 1206
2058 409
3170 2302
3584 2678
2017 1430
2706 2736
349 1643
2163 326
1467 3564
2732 3378
1561 1587
2820 1748
3336 1278
459 1480
1732 958
3272 394
720 2241
3125 2974
1496 3480
1460 2589
1312 1125
3574 1480
3457 415
3728 1759
1967 562
1887 3458
2353 1171
2095 1707
1299 2626
888 157
2878 2456
824 74
1054 908
1741 666
1042 3164
3746 1089
3370 2904
1437 1902
265 471
781 3419
511 219
2654 1034
3881 2896
1957 3641
3701 89
598 2214
3345 1799
274 1129
451 1310
1819 1296
2367 2267
2866 2030
1712 779
2115 1879
569 2387
2672 1412
472 917
64 1310
2343 3290
1316 1210
571 1579
2505 2116
835 1012
1333 2585
625 2145
2150 2300
1882 1256
41 3279
641 188
2996 3320
2213 3322
1491 891
70 917
3726 231
1222 2496
1500 1129
456 1371
3881 2840
2714 1150
3656 3400
3291 1528
3436 3018
2153 1659
1626 3441
3181 3426
1940 2428
438 3144
253 2383
284 195
132 2279
2525 1050
1847 1327
1866 967
1373 1609
2884 3738
362 1530
3743 490
1011 1458
1419 137
3345 2856
249 3637
746 3507
902 2526
2051 681
3355 495
281 176
3450 409
1551 2515
1849 2898
3090 659
1464 1075
272 1817
1821 961
24 3153
3632 2718
1034 1143
333 592
2879 2713
2922 3751
163 3100
3458 1293
2647 2601
2656 1076
239 3666
515 2596
3058 745
3865 3840
1155 666
2399 2666
2169 579
2973 2922
3323 1908
1637 3787
1866 2658
247 2575
1158 2406
457 2488
1054 2831
571 3492
1896 1133
3116 3547
3006 3665
532 1929
704 110
1357 939
2168 506
3130 2784
2992 3779
2174 193
3270 310
1975 898
1269 1294
1227 1633
344 1435
711 3712
845 1713
2467 2314
180 2171
18 3676
562 636
1420 645
2441 2824
429 1436
2001 1029
3300 3687
122 1899
2098 2317
1705 3507
1794 1569
2517 1131
3015 3617
816 294
2601 2415
755 1930
2348 2075
3282 3896
686 3457
1924 3733
2747 1443
71 3311
2508 3719
581 3607
1597 2679
1288 176
2240 262
2419 3197
3684 142
662 1445
2722 3164
2194 1184
1340 2432
3119 1047
2012 699
1325 2521
372 2708
2046 1701
3312 1854
642 1935
3779 2456
1771 2086
1227 1498
2337 1128
3361 1224
2782 166
3726 1954
1099 3316
1525 3494
2303 1217
130 3223
3072 3020
202 551
913 3373
1853 1284
3655 1991
1725 256
1029 3356
313 46
3827 3348
2134 366
2017 2016
981 640
3013 3746
920 3090
691 3565
3223 1092
2242 3402
492 2853
601 566
2186 2596
1652 880
626 2556
1380 1303
3844 2078
2377 889
3516 368
2763 436
1383 2152
2673 3382
2304 1959
2711 384
849 2900
650 1271
719 3532
2814 2802
2681 2891
1379 3072
2522 3171
893 3319
1141 3194
3451 575
1039 1978
3572 1253
1956 2780
2581 2224
2694 245
266 1801
735 361
2819 111
2709 454
1803 785
2653 2465
3021 433
566 2373
1164 915
3408 421
1069 558
2409 737
871 3720
1179 3261
3331 1368
2885 1904
1549 2465
2204 831
3263 3706
710 3463
3625 1384
934 2502
243 1141
49 2870
1952 1591
3773 2772
1820 2115
1872 772
3696 796
2434 3210
2377 2670
2337 97
707 2323
762 3288
2449 2836
444 389
2644 775
1639 3802
1164 1838
1495 2543
3194 3852
1828 1011
359 2152
1152 371
3877 306
739 693
929 2538
3071 3651
3806 596
2747 14
2370 2589
1110 950
1355 2669
194 1744
3708 3438
3369 1751
1681 1430
17 2290
1633 534
2012 3611
756 3593
1928 3096
2398 2220
2802 282
3463 3551
3572 2326
1552 3590
2441 2861
3059 698
2561 486
1639 2675
2611 2823
2894 204
1495 3192
2409 3029
1892 3758
230 498
3667 2836
129 2476
1014 3810
33 245
709 348
2817 465
2691 3339
3671 52
2613 2573
2805 2627
3063 97
2833 1955
3892 2291
2596 3369
813 1186
1370 496
1757 3369
2172 3698
2688 424
2642 2789
3414 2100
2292 3755
3456 1714
564 644
3754 1568
735 272
2908 1779
3838 3370
1675 517
3211 3811
3566 1499
3497 2788
526 1579
3104 3406
3136 1687
2675 2580
3767 1422
905 420
231 3256
3142 1360
3256 106
35 1449
1659 748
2340 2865
671 3351
2915 1149
1300 1379
3471 3202
2362 2941
1318 3744
388 1147
3839 1450
316 2461
3632 2145
3208 3684
1317 3524
2631 2398
2947 3125
3090 3177
884 3814
2861 1056
2630 864
418 2108
3651 3121
681 2145
2377 113
3643 3241
1911 374
1269 2894
953 1040
247 3495
2008 1619
2811 301
3538 1766
3268 2216
3113 1506
2657 2750
962 1889
2256 1029
986 1257
3383 373
2841 591
998 3248
251 1356
3582 3161
3676 3378
802 1036
132 578
3280 2727
272 847
3098 387
2468 348
3504 3671
2230 1714
3427 1607
3032 1743
3200 2389
446 3087
2571 532
3611 689
2270 3049
190 644
1198 2387
2036 2097
1602 124
609 3532
799 426
3269 1789
3088 3656
3602 1392
3494 2725
2328 1179
1932 203
2308 705
2586 541
2218 2501
359 2176
3485 2360
993 3496
1609 2558
2756 2207
426 2540
3684 2595
395 1016
2738 3053
1342 1596
2757 3315
2423 3048
3018 1525
2288 1370
1237 2652
2396 2259
271 2108
3043 372
1126 808
1035 956
920 3601
961 1325
2316 356
3707 1847
1053 1709
871 3132
2177 3797
3544 3291
2748 1936
3176 2208
815 2756
2607 1612
423 710
1307 126
3738 2762
2430 209
1600 1274
3208 3194
2315 692
909 738
675 1414
1071 1782
1206 2043
2877 2591
1816 1832
1526 2920
2401 541
1725 307
3796 2413
3754 3540
1600 226
1225 2881
2573 1654
2758 3139
1014 1852
2209 1982
1871 1674
3228 1220
355 1090
1284 2160
1855 2817
1085 1835
2857 2692
847 637
1168 1851
3862 3612
3644 2157
3064 2905
216 3473
1091 268
2233 2894
1966 2679
820 1510
3289 124
1672 2282
3821 2212
3465 1450
549 3647
1487 1500
2884 3885
144 1646
332 1500
2679 281
877 2237
2739 1490
2387 2533
1274 3796
3288 3040
2672 1769
1622 3857
309 2373
73 164
2230 2721
2122 1422
2430 109
1773 3700
3460 1587
1393 3462
3881 317
138 2728
1243 406
2714 2014
3479 2274
3821 3369
933 3049
3259 1246
1939 109
2608 2579
1174 2932
2205 2742
2678 2775
3282 2681
599 3110
1560 3876
24 414
1064 834
932 1549
1797 2303
4 3898
3523 1031
2848 2832
3757 1685
3322 1541
262 1095
2993 3363
280 2849
2475 3003
2938 2493
351 1439
89 777
3607 2973
1706 1080
425 1695
650 844
1220 2298
3538 742
2262 587
2610 1565
1969 1049
742 1736
1207 1148
341 1925
2658 1052
86 2231
2559 3409
2276 705
2291 359
1517 2462
36 3675
1671 1917
1311 3837
420 1437
385 2722
332 1957
148 745
1065 667
1100 3769
2547 1852
1595 1114
938 864
3014 1109
701 199
3110 3060
1113 3619
364 2703
2367 2774
2457 936
3291 1681
2042 420
1638 3059
300 2970
3759 3567
3211 1920
1730 2277
2489 3414
3129 2747
2554 3707
1081 2081
619 1458
561 1076
3244 745
646 1992
776 2221
3431 1801
3261 2567
340 2426
3244 227
1191 3825
2950 3699
2142 843
784 1983
3092 3137
3785 3639
738 582
3271 2567
378 1708
1038 3114
3516 3709
3881 2218
1298 3738
1757 3853
246 3806
2328 3209
1126 3673
207 498
3283 1844
1421 2053
1171 854
1624 2289
1314 1926
1297 3582
1036 2296
1424 2149
1170 2466
3702 3314
2842 507
108 3435
2828 1775
3781 3871
1555 3894
3012 3347
682 435
3851 1528
949 3269
464 576
1368 2701
3206 1435
1930 1475
1552 2280
2338 3615
1090 1970
3707 1701
601 2313
2935 2988
2070 636
251 2052
2799 2472
2597 1900
642 1817
1783 598
1095 933
484 2374
773 907
2109 2838
928 2257
3182 905
1910 3165
598 3107
1855 1210
25 2435
292 903
1686 2808
1605 3194
3842 3498
3671 2243
2436 147
1926 2152
1478 251
714 3481
1777 1688
2025 585
557 1990
1233 1007
2851 830
2760 2535
1852 3451
3774 3769
2151 1666
1122 3873
3452 2923
674 2386
1834 561
3084 405
670 1251
454 617
1633 630
1523 371
1203 3331
1411 608
2946 2161
990 3736
2067 3796
208 2984
164 1625
750 2081
943 3762
2437 3578
1147 70
3371 691
2305 2834
1956 2355
3654 3631
3714 2913
2516 2597
701 2873
506 2313
1466 3177
2918 778
2059 3259
3286 2590
1089 701
667 783
1530 3392
1055 2578
110 3259
3466 2484
1529 2756
615 3156
1145 713
1092 3374
1479 2577
2808 150
3141 1974
161 145
2039 230
1740 944
2770 3882
2541 3834
189 2927
1659 3128
2641 1105
2476 621
112 2103
2134 2969
2782 180
3404 3419
2639 1376
2068 1874
1553 154
1397 2429
2546 2418
2760 3492
3571 2520
1535 1899
1105 1888
2743 1789
1911 3797
3165 2618
3205 404
717 2817
3396 858
1206 1221
2500 2266
65 680
1607 2410
3336 2802
1114 2522
567 841
2575 3555
2135 2186
1726 625
847 3400
3745 2167
2960 2621
337 2148
1632 3188
3734 1087
408 1058
3423 752
492 1546
3818 1934
3800 1541
2979 3698
2520 1324
3257 42
3208 1547
3449 2964
998 1538
3288 946
238 2839
1751 2110
3836 3787
3762 1794
1037 3876
966 3625
2452 1185
168 1146
3216 688
64 1051
3236 3556
3483 639
1090 450
2225 1916
3785 2954
362 699
473 3620
1352 3874
1153 3234
3122 2920
2717 526
1384 262
3294 1460
3216 110
3780 3540
1169 536
3843 1570
659 3108
141 1939
1223 662
3211 481
2796 3506
2623 2972
2711 1836
187 948
695 3829
3493 255
2854 1157
2606 2643
301 3633
64 3577
3179 2173
3236 2057
70 1886
558 2422
978 2124
3421 1987
1778 3707
3819 2631
3824 3733
3221 1538
1353 1533
2051 461
1819 2344
572 240
2793 3856
453 3516
505 2498
3300 714
1952 2092
163 3211
1214 1273
71 2627
1464 1733
545 2778
3360 3660
2008 1883
1017 3324
1109 2718
3344 3414
2707 4
242 2979
3621 1047
3796 952
3007 2561
2141 1276
2038 2191
972 2594
3317 785
478 1045
969 1343
1370 2753
2843 2820
1668 2117
1189 1292
1340 784
1412 2073
2454 429
630 159
2615 161
3872 709
3353 2960
398 1684
1915 2600
734 210
1656 2171
623 1467
2659 3109
2715 1576
761 2585
1409 2974
1159 140
3530 1995
743 1964
326 3452
2406 3656
3024 2354
336 1825
915 1655
867 92
2835 1238
993 3239
1719 1451
2274 3227
3272 996
2127 2864
3020 1192
1002 884
1594 1825
3478 354
407 115
854 334
2795 865
382 3299
1057 4
3097 705
1191 960
2219 3469
1018 641
2236 1783
2486 3427
3246 3010
1738 1601
2032 3640
2124 408
1207 1420
637 3802
2158 1621
2092 950
818 2429
1644 2888
2697 464
2659 1340
2781 2108
3798 835
1307 1633
3344 2550
2705 1510
400 3
1386 166
3443 2836
1502 846
722 3639
3839 3604
1688 2912
2478 1697
2476 1201
1278 1336
3523 907
1570 317
3765 863
394 3298
2183 2092
1562 2957
644 3277
859 2584
1984 3888
563 3079
59 1512
1291 3823
3639 2292
3580 3089
3170 1280
912 2521
2018 261
787 1116
754 967
1130 1261
3162 670
863 119
2576 3319
2399 1713
2031 3656
1766 121
969 2131
2605 3491
1232 1249
2922 3354
3001 950
276 1647
197 2857
2264 1861
1941 1029
2545 310
670 256
3458 2924
1647 469
1083 3714
1307 1689
3486 2814
807 1642
1311 1319
740 3467
2990 3143
2081 2917
1465 2910
1912 2284
3110 1036
2983 2755
683 2853
863 2201
265 3508
25 1395
3882 393
1461 1222
2017 2747
2529 1811
1633 3315
2522 3272
929 1174
3486 143
2435 11
138 589
1423 844
2726 3075
579 663
2704 905
497 3738
238 2137
1085 2868
237 3644
3397 2267
3059 2592
1695 3383
2236 497
223 2905
1756 510
127 3089
2668 3345
1331 2650
3688 1279
1305 647
1226 1445
822 295
1590 2791
3135 439
755 1975
3540 2420
2717 1431
2567 1372
123 1125
1800 1873
2255 84
668 153
2950 2851
800 2106
2548 1258
1818 3046
337 3633
1084 2307
2918 205
3488 2968
498 1646
1996 2428
3523 2807
606 3589
530 1430
2188 922
244 3443
1903 3462
995 3096
201 1855
2186 1467
1317 10
1713 292
3183 3270
2900 3863
3641 1333
2650 3894
2178 1304
3182 683
1762 986
2591 1436
2943 1523
3186 3037
3803 496
1916 2283
1458 2459
2666 1488
923 3317
1921 1118
1234 3779
1534 1189
2522 3561
1913 1490
390 3868
1992 3737
310 3260
2591 1888
1132 494
2336 2980
960 2231
861 1529
2610 3744
2048 800
3099 3390
2697 2501
2355 3448
439 3235
3185 113
2421 3398
2280 3524
2871 1620
3595 558
2458 3885
3445 1597
3832 594
2299 3811
3401 1034
2451 2587
3484 3146
2009 2978
3435 3726
1029 3339
3687 789
804 2231
2358 2876
768 1951
874 3888
3016 3224
3263 456
3144 2705
3866 3282
1027 909
3729 953
579 3064
2223 2056
202 2932
3585 3600
1631 1012
574 2159
2243 2289
2849 1117
1570 3622
2873 3749
121 2630
323 85
163 3038
2544 2495
1717 1696
1565 806
3619 922
980 3789
1941 2836
2875 2500
1710 1921
893 2194
929 2022
3066 2980
2386 2353
2313 1446
3627 301
345 1847
280 2863
2807 3195
1500 2197
1552 990
219 591
51 253
362 550
2327 1745
663 664
3414 2416
3466 3679
2061 1294
847 2496
996 2525
3565 2328
3122 1210
232 1821
2508 1929
1117 150
39 3465
712 3257
1472 2084
418 2691
2451 1240
2960 3291
1915 1398
1775 827
2401 186
2267 1630
2208 1641
2800 3427
2034 751
1340 2712
2758 3541
3863 2817
482 2846
47 161
3519 914
1221 229
2891 2244
626 3228
3063 497
1559 1634
2335 346
892 2668
828 2326
2911 2586
1089 1462
1226 3512
2945 770
198 3721
3228 737
843 1338
2772 2839
3741 1179
3148 3219
2921 3439
1250 2583
3414 2376
179 574
2572 474
3256 2824
3267 1206
74 3550
3675 45
305 3530
711 2767
2494 712
3263 1962
2748 3427
1325 2410
3426 2089
3025 1318
388 3381
3233 602
2156 2199
1437 1796
804 1615
1250 2922
3393 1464
734 2238
3474 1200
1421 1114
3855 1160
1051 1675
1501 770
770 1632
3353 35
2954 1615
437 1156
499 3355
3475 1180
1220 2158
2792 2179
1127 1779
2872 771
2189 2537
3785 2528
2656 3034
1481 3267
294 2494
2717 148
2166 1168
2744 1308
867 3135
1014 946
1817 2247
2751 650
345 2571
340 380
1311 687
3089 1300
2855 783
844 1390
573 3599
1886 601
2114 1191
3147 809
177 2498
3488 261
2778 1126
1570 2709
3098 3418
3326 65
2828 753
2253 986
1341 1332
3781 190
467 135
1473 38
3631 218
934 2662
1549 2489
3535 2325
1309 2335
3101 822
1853 3748
1760 267
2723 269
3721 252
717 1353
922 2538
1530 2906
719 2802
803 3528
1407 3028
923 1062
2146 3668
1097 3358
458 876
2825 273
1718 1062
1646 1176
2926 3786
3103 3687
1647 1335
2516 710
2510 1570
2844 3499
876 1555
3201 673
1466 2348
2256 2767
1266 1534
2084 44
2938 534
3862 183
3380 3718
2979 2067
1959 292
1634 753
794 2888
3880 3599
1503 299
1398 2517
140 3546
1262 1771
3882 178
2151 2033
1078 3682
1591 680
1377 2788
982 3002
202 917
3585 1889
1256 2055
589 1485
1271 3452
1715 2807
1941 3765
2673 1203
1974 3358
991 1282
855 90
1271 3833
281 3772
1030 161
1570 1972
3561 440
878 435
1693 3002
623 3741
1855 1065
3241 2973
2531 1763
1238 3532
1116 929
1251 1416
826 2094
3062 1445
1176 3702
1580 489
2037 901
2564 3787
3050 2980
3073 3426
21 390
3342 2112
1105 200
2638 671
1402 3891
3139 2201
248 264
539 0
3408 3522
2529 561
3227 3032
2910 3508
1044 3014
2578 1618
2385 3138
1710 2867
2670 2260
280 3135
1922 1423
1395 1677
694 1459
3649 2366
112 1487
2645 1285
2885 3559
1486 1595
3531 428
2688 2214
3027 3313
2705 2583
2531 2275
1579 1749
51 685
2608 3226
102 3064
1299 272
680 2006
1567 3248
524 2882
1158 1871
2661 77
268 3643
3105 3021
1854 3507
753 2106
962 3607
1707 3853
2789 2561
2654 1825
3168 2768
918 373
648 483
2640 3577
2773 2724
3521 3097
2470 395
223 1704
1139 1449
3692 883
1739 506
2464 1885
398 2911
3093 2666
319 2230
2358 324
100 2211
697 1226
1847 3531
2034 2316
1687 1168
402 1665
336 2945
3077 1264
3676 3274
3172 2982
1304 1231
2326 817
383 3113
782 1590
2538 3850
2107 937
1754 534
716 837
999 1435
1970 2827
17 950
2180 2485
3341 1220
3289 1148
3733 3888
1986 2439
3877 3804
593 247
1303 3627
213 2883
3374 2673
432 3857
1580 357
1030 2308
137 520
2444 3050
2044 2540
3258 2433
601 1189
3309 1241
1500 728
65 729
1806 3654
1003 3087
897 2843
583 2283
3355 1884
3366 2796
3844 2404
575 706
3413 1034
2064 736
378 828
1532 1782
3783 2367
2979 427
140 2207
206 176
498 3163
1321 2153
2045 671
2655 2518
3164 34
2278 3322
472 1415
2600 3868
3394 1460
262 1754
1313 1436
467 2979
708 283
3388 954
2484 1855
1948 2761
3493 651
1435 1024
3092 3705
1946 1662
1850 1776
1178 7
675 1973
996 1812
2701 1846
1581 1248
3612 214
1290 704
3471 3304
3117 1677
902 1802
3875 603
3117 1
3285 2078
936 867
150 245
2648 230
863 1126
637 660
1208 1456
1054 3233
2899 410
615 1564
3814 3185
1630 1751
896 3265
2270 2754
300 702
3652 2238
1695 1685
2639 2115
3250 2726
723 2171
1325 3720
3411 2439
1899 2804
3316 2185
286 1963
794 3196
1926 3183
2143 1455
2406 1630
1926 3653
1302 3682
2006 189
1493 2005
408 167
1451 3253
2563 2095
1940 605
295 3358
149 770
3396 2225
1531 3564
1434 2181
2654 1677
990 1153
2899 468
2468 973
2998 2472
3509 1239
2787 692
3855 3102
180 3491
643 407
1732 145
499 1002
1603 644
2786 889
3727 461
2205 2506
1555 747
1268 3100
2562 1631
1034 1624
1919 635
1675 2480
1469 3668
3760 379
1678 1743
1844 2323
21 1931
2769 1137
2792 37
2325 2111
1856 1670
3057 2357
3128 2998
13 3297
3593 1602
3238 2964
1242 3851
3516 1751
2078 2191
2883 2984
2571 1133
1390 1758
3630 2116
999 2068
3129 2658
1342 980
787 3407
413 2385
1446 2245
37 1279
2275 1558
1023 3335
41 1141
1278 1372
3660 2239
2964 1376
2494 2086
144 3141
33 1452
732 3787
1401 1181
1857 354
3675 739
3425 3454
3212 2892
899 1207
3071 131
2533 3108
3607 1788
3343 976
3797 3856
2880 3439
3316 1508
563 3479
2724 735
61 1338
1157 396
2593 1117
2482 2003
3693 1976
3886 2595
596 29
3047 1713
545 1135
3809 3508
1187 1214
3618 2952
438 1913
1896 3589
1823 1981
3361 2217
936 1013
3827 3590
3283 3492
2735 3415
789 74
1049 3615
1087 1400
1533 2248
2661 3187
1989 2021
56 3728
2375 3501
2070 1029
1375 229
2195 466
38 1657
1775 1925
1650 2820
59 224
998 1571
2682 2282
3064 1775
2421 3012
2862 1623
3335 2382
2515 2056
3864 1195
780 2128
1076 1249
1052 138
2544 1435
576 1292
976 3004
2515 2609
3488 2249
3118 1242
86 1719
884 2131
1362 1238
178 1363
3342 2795
134 872
3395 3277
1077 1321
3404 276
2199 2246
2134 1479
3807 3058
3181 71
685 741
3519 329
1001 1234
215 2865
1464 2516
1374 2978
2989 1596
3574 3362
2998 1157
1906 1310
3518 3464
1842 1594
2209 3436
2692 3143
711 3219
689 555
2817 528
1236 2739
565 2217
3228 3896
2865 3149
2392 2831
3551 237
151 931
1364 343
3089 1381
2823 1640
3591 2215
2077 665
2843 31
2300 3655
3788 942
1157 2919
1842 3057
1747 3011
1061 1980
3661 2950
648 3866
8 2500
1941 1037
2523 2799
1996 3299
1848 1979
1041 3559
1572 112
143 3774
910 3097
2659 769
768 197
358 615
3003 1290
846 2317
191 1791
2104 3058
3848 3359
656 3630
3623 2584
46 1815
532 3755
3738 2850
3837 1197
2343 1976
2432 3734
3564 3369
1035 1490
687 1750
1441 2236
496 2059
3156 485
1062 840
2062 1803
3649 1733
3397 1447
272 1322
2057 1280
1869 1124
532 2592
3348 2234
1724 2314
1173 508
3285 2698
110 250
529 3679
1253 722
1115 1519
2955 3899
1788 2336
3683 542
2489 2562
1941 2115
2729 2716
1950 230
206 1945
2193 3232
1617 505
3033 2956
1283 3178
1919 1034
3047 2821
991 415
3137 1033
610 2716
1696 2765
369 2021
453 1179
2707 1423
3634 3049
562 1466
810 1989
1040 1841
1790 2362
1260 3559
1720 629
1954 898
3163 250
421 2008
1692 1019
2476 1478
1652 3695
818 826
184 1053
2739 3045
806 660
3639 377
2841 3887
1318 3389
3296 3754
1574 3167
300 2204
686 2107
133 2800
3719 1546
2339 1098
45 1278
3486 1055
1743 2925
563 2433
2748 186
1722 2513
35 2043
1070 1740
2294 2889
3060 93
1479 915
816 1453
3476 3853
2708 3517
2157 3377
1619 2693
3472 3219
3227 966
853 959
460 2842
2664 1961
2758 752
1461 2592
1965 1382
3646 1961
2772 1623
3707 2498
863 2070
3499 1847
1850 1470
1531 2321
2487 1236
2754 2478
1107 3375
2689 3482
2639 2556
2024 619
1426 2956
2240 1005
2787 63
47 604
3841 703
915 614
397 2902
288 2198
2389 3831
118 131
2008 1180
2291 2275
3662 201
1729 2755
3650 783
2975 644
1422 1939
2199 3108
2227 787
2521 1919
1775 2579
1474 681
2287 1798
2899 1809
2207 3460
1973 2661
2273 828
2462 1917
1376 1399
1579 1618
563 2379
658 2843
3042 3087
695 3210
1982 2492
3691 3385
450 317
1160 2497
605 2356
1088 621
1126 2460
2203 8
2042 628
644 192
2097 1466
1638 2951
562 2929
277 948
729 3625
1165 208
2159 2820
1665 3011
3041 882
525 2453
554 1138
3002 3109
2131 2144
3686 3389
3172 145
333 133
1009 469
1026 1691
3830 600
3348 3388
1733 804
3702 396
3219 1390
313 528
2690 593
1273 1733
3402 528
1266 298
1394 1912
550 3246
1638 1573
56 1176
2488 1954
3139 1804
1659 3269
1126 3867
1180 106
2920 3420
3704 1371
3817 429
1832 672
892 2609
3537 772
1643 1463
3103 2888
913 345
509 1950
2746 504
3181 2959
3638 2691
2442 1323
264 1820
1036 1693
3801 3526
3857 513
1922 305
74 2693
87 3528
588 1404
3506 1493
342 3580
3392 2292
1668 1648
2955 2582
3610 554
1197 789
3338 3326
3001 1588
1715 3758
3140 607
3711 1934
3415 1193
1626 1905
2608 3108
1559 1359
3895 1876
1598 1587
3756 2057
3887 1561
1026 3409
3061 900
774 1552
224 3566
738 354
2470 1024
3281 1192
3181 705
3757 1905
1022 1400
601 2288
333 3262
3417 451
553 1642
188 542
3691 987
3552 1838
2867 624
2576 2429
3771 2719
2087 2242
2409 2749
565 628
532 587
2868 2360
759 733
3685 3016
1794 1459
1293 2962
1902 1733
2068 785
1275 3049
97 1200
1440 617
3723 3781
1500 2634
2147 1054
2460 3619
198 74
1930 1379
1288 3282
717 3470
3504 3164
2511 884
1343 2722
3452 532
1608 2632
3364 1304
956 2884
260 3842
539 3778
713 294
3179 191
3431 3407
2598 112
2086 3409
1652 1868
652 453
2167 312
3695 805
622 3519
472 3686
2940 2865
2529 3138
2430 3249
1647 76
2893 3046
3125 748
3135 1232
3070 2269
1204 1228
37 2141
856 82
2420 2575
3448 868
3462 2904
3287 1544
247 1368
3024 1643
2842 3173
2722 12
2525 955
423 1755
3129 3207
2442 1091
3505 3853
3116 3684
1594 572
3162 1123
1217 1156
285 1012
1229 1799
2170 157
3631 1906
753 1377
1188 1885
1921 1992
762 1502
3207 3179
999 2235
2701 3316
3399 538
2694 3823
402 3293
2540 2912
2559 3175
2389 2208
2851 3141
2486 1879
3337 244
785 2865
610 236
3851 1518
774 407
3120 1921
1367 2376
2828 2904
3738 2249
750 2777
1560 1044
2842 3820
1617 3861
988 1160
217 1411
240 2658
1197 1858
1354 314
777 536
2632 1545
1784 748
1174 1340
1268 442
2710 2770
256 598
2024 1233
2396 637
3326 2787
1313 2942
2946 29
954 871
816 2377
3155 987
223 292
3564 204
3651 882
3558 1858
3017 2026
1850 1394
1064 3095
3823 2597
3677 3325
1523 2457
3146 2607
1841 1794
715 3429
2054 2747
77 2681
3355 668
2172 1222
1623 3453
1269 3581
2586 3484
1101 1890
1154 1855
1454 891
13 354
1716 1376
3364 1899
3050 2385
2323 2005
607 2561
1286 1742
3688 2189
3792 1413
410 702
2863 3141
25 741
3794 1088
407 3063
3443 2054
2755 2721
979 1872
3365 1646
1583 123
2004 980
2489 434
3803 3317
1230 3381
1153 1138
1620 2398
1779 407
2147 34
404 1162
2556 3848
2894 3131
493 973
1684 1509
3357 3064
848 2319
897 3006
98 1958
3464 1942
822 550
1076 2611
823 3399
2910 2522
2485 1125
2588 2639
3398 3885
1085 2197
3657 2253
3869 2386
584 2240
131 1342
3093 775
2814 2091
3556 2871
2124 3269
3891 3490
554 3344
2723 2581
821 2279
1127 584
1589 1409
2351 3302
3569 3559
402 469
434 208
3205 2654
1881 482
2856 582
1165 2894
3512 3616
2721 3011
1776 170
2012 1240
488 1912
2990 2231
3836 2848
3723 183
3382 524
1484 2026
1636 1803
3685 2664
797 2030
831 3119
1126 3556
3314 2728
1740 3664
3239 2924
593 2251
2517 268
3036 1951
550 1011
427 3861
1628 3845
2532 2468
1366 2585
3328 3355
2309 3293
1468 2025
2793 2306
1381 237
2017 3499
1716 164
330 1515
2056 883
381 959
185 1922
2631 1626
253 3507
2583 2743
1880 3141
3090 2685
1316 1577
1983 3759
1079 3730
3202 1667
3299 2653
1551 1997
1753 2864
822 2993
2034 400
793 973
2611 1390
3410 2326
2023 326
993 1718
2539 2708
3734 1690
2758 3036
3394 1046
1954 3294
2448 1446
747 1376
2932 2146
1607 2463
1094 994
2612 80
2064 3134
3659 2562
1619 3585
3834 3630
1117 1713
2173 2888
1325 200
1820 2330
42 3719
2405 3276
2997 2119
681 3878
1831 3440
70 1937
3600 2333
2849 1740
510 3271
2477 1215
3298 3552
3041 3595
3244 2584
3837 1798
1426 3827
548 2831
1968 857
891 445
323 3141
2142 2383
1452 2917
201 3235
2542 1488
2389 1805
3876 2407
2973 353
982 1802
3215 990
3068 740
3352 3473
867 3214
497 1309
1255 3608
2205 368
1760 3009
1980 2215
1071 3848
2961 3649
2790 977
1332 2702
2294 1379
1274 2755
3073 2613
1834 3329
664 1479
1638 3434
1610 98
3775 2429
3139 3676
1898 3894
2773 311
2309 1087
1493 2858
1298 2158
2766 1289
1254 2886
1095 941
2981 2186
2570 1187
1302 73
3153 1475
2730 1273
2400 1811
3703 2295
801 2458
675 287
3506 3227
2420 929
2398 3277
1007 1795
155 2296
524 2931
1403 1207
2261 301
1216 1265
2009 1098
3822 1528
3629 2296
409 88
2443 1215
3433 1329
288 1774
1587 1044
864 3846
3625 3675
3701 2491
609 2777
1824 19
982 3324
483 2077
1605 63
3120 913
1740 1836
3599 1994
1869 3447
689 3089
2798 2777
129 279
1820 1959
880 2214
2890 911
935 3590
488 2998
1636 1080
1353 2033
1651 3117
1379 2661
352 1584
426 2193
1423 485
3684 1894
20 1089
2148 627
41 1959
2769 376
2557 2334
3294 2174
6 2038
3828 3457
2307 3533
2032 604
3825 1642
1547 1778
3828 3032
1504 3526
1706 3065
302 786
1368 688
1199 3226
3829 2757
3501 771
304 1924
2300 3439
450 892
989 163
3497 530
1677 2376
1792 411
1305 1924
2220 18
2119 80
2620 39
543 1327
3165 3608
1204 3454
2976 3431
1510 3548
862 3106
2220 3570
1559 1811
1658 2111
2546 1902
1967 3858
20 3421
473 501
3532 3700
1638 3482
3756 875
2746 164
1427 3782
3779 1859
63 2646
2338 1938
457 3298
2823 1735
2860 65
1621 1059
874 2255
2119 2139
1123 579
2715 3533
700 348
1062 2860
1271 208
1345 3875
1235 134
3191 2610
1998 936
1551 1362
715 137
2416 555
501 1862
596 3817
3706 3124
2659 1256
1339 474
1703 1598
2137 252
1322 1702
3797 779
2418 3402
1555 3161
1648 3422
300 921
3739 436
2551 2916
1896 377
664 667
1321 602
3729 3713
1775 2968
1185 1049
2501 522
769 3014
3390 1137
3769 2651
3747 3678
3793 3749
1130 1215
494 864
2835 924
2429 189
994 589
259 3119
2490 1726
2271 214
257 408
1036 1237
1828 3842
2134 2320
2715 2131
748 1273
1402 3442
2796 2084
1354 2770
1496 3326
3363 2749
1694 2806
2695 3096
3519 299
2828 1260
3364 1143
2304 3559
2097 546
2930 1934
2035 2640
3684 2859
294 2520
3724 360
1588 3340
904 434
2665 894
2983 653
716 3462
1410 1384
2623 2247
347 1898
1772 1212
829 3288
128 591
2941 1286
2464 2624
454 670
3726 1073
333 934
1401 3267
1247 3531
518 1729
387 2298
277 3864
103 3612
1352 2866
1415 578
1115 473
1558 2942
1448 1756
1871 1305
1769 170
552 1602
113 1143
1589 3041
2440 1023
287 349
3335 986
1531 573
2708 1326
3399 2277
2150 2904
2908 2809
1253 194
415 182
3098 1134
342 2829
2943 1233
562 3266
1774 511
1876 2797
95 2522
2433 3805
3575 3730
3767 509
105 3335
1929 1969
2392 2295
3042 1002
2763 3051
2307 18
490 1833
2023 544
2664 2848
1965 906
767 3280
1646 1982
1640 2306
4 2318
707 2852
1722 2980
1968 1518
245 834
2823 1184
2169 1015
824 3708
990 813
1439 3436
3550 1270
398 1377
524 3210
733 3091
3322 787
1314 2069
1716 2816
1331 2625
314 2720
3109 2217
256 891
2459 225
1065 2294
752 1921
1641 420
110 1876
1463 173
3204 283
3468 2391
2243 883
2274 225
3213 3154
3890 3016
818 1789
1425 966
1384 2791
249 1953
431 3698
881 2180
2151 814
3203 1969
239 340
2238 3607
3814 890
2672 2800
439 1605
400 2224
593 3856
293 565
2693 851
2249 3186
3146 472
1445 342
3824 2402
1219 1917
3381 1684
684 122
1505 3609
1251 2753
3144 3733
1644 518
1174 2525
470 3772
1042 2553
2966 1663
1344 2707
3056 1515
506 923
903 2433
2798 330
1201 1717
1982 3485
1853 770
2693 678
2510 3651
2846 3286
2389 2664
3307 3422
346 2392
2225 2388
908 3506
506 1722
2591 791
1992 182
388 58
3032 1593
1244 783
443 142
1457 418
3111 2944
1498 1501
2645 1716
1250 3513
2096 3180
3693 886
3712 2264
623 2203
936 588
262 3288
1208 2708
1599 3666
2735 1504
1972 1988
123 2679
405 949
1926 498
3561 3567
1495 1735
1168 1644
3578 1333
688 3888
1929 2427
616 1801
466 3292
285 642
166 2409
2400 284
2919 950
2545 2008
1838 1989
3272 3571
1619 3869
1509 3516
3542 1567
3006 1178
3524 986
3541 702
3603 220
1583 2652
1571 102
3116 3807
3150 3037
2828 1724
3811 2164
687 1071
2376 1918
955 1104
3517 2568
484 2397
2541 868
977 3353
1412 1745
693 2994
1538 1099
626 644
2744 828
779 2162
897 264
394 3318
2068 3106
3150 2692
945 2087
1873 2753
3526 3252
2664 2494
348 2910
0 1720
431 498
915 1158
3354 2280
2952 1498
3885 2883
3686 314
685 3758
1655 1671
2714 2471
1498 3141
2845 1629
202 1305
751 2873
2202 2334
1243 3013
3363 1428
1556 1068
1929 3508
2384 2663
1338 1097
1969 3737
512 332
3872 2743
2294 1594
2612 67
2531 144
2513 3366
2403 2724
3719 1150
438 2275
1995 3801
1551 1847
3796 3772
1478 2574
242 2320
1698 1678
3357 166
3503 2476
1369 2131
2307 183
1043 3287
3212 3654
855 1200
1847 1418
1376 1983
2756 827
1950 442
2187 3303
3723 3837
3129 184
2106 295
151 1851
2324 673
3429 1433
3028 1474
99 2943
647 971
3347 230
1297 2389
670 3604
3855 2833
1264 271
418 524
1355 1175
3764 2244
2136 1256
1263 1468
2946 3650
2231 43
247 3013
1106 273
3505 181
1663 3170
466 706
3070 2495
3137 2841
564 992
3458 3011
3026 2868
1892 204
3532 2656
3037 696
73 2883
1786 3126
3566 3436
1886 1866
3381 3322
2150 1437
2164 864
347 1188
2470 2364
2932 3014
2326 3423
2518 2254
1714 2508
2309 1233
1867 2590
1121 3405
692 2796
468 2548
165 926
3848 2441
383 1078
2889 1579
9 2626
4 2641
1745 2482
3045 1293
2158 3447
95 3753
2730 3373
175 342
112 2514
145 1599
1017 2831
811 3555
2135 3292
1934 3549
3534 725
3186 1044
2099 2284
1918 2293
604 3600
350 1632
603 2587
2563 901
2214 2543
3181 2667
3104 2687
415 3450
2638 2948
2203 431
1273 2228
2040 1472
2484 3040
278 3239
914 773
3321 2687
1873 2937
835 590
2350 3815
868 3003
2675 387
2676 2473
3859 389
400 2809
3869 2535
3341 1812
3498 918
1314 3476
1784 2005
28 3040
3182 3858
2429 2297
3646 1231
2747 1108
35 2509
3807 654
3700 3083
1019 1950
396 3481
1832 3473
3472 808
1980 3754
3795 2195
2795 1374
815 1053
1757 544
2446 578
2474 541
3654 133
2614 2500
853 150
2877 1168
1032 976
2718 173
176 798
2991 3402
2469 2020
3393 982
848 2691
109 3586
3011 89
2260 2034
1807 2714
852 3868
1817 702
373 3441
2013 1453
2276 1795
2809 1727
2182 2575
2083 1538
2632 2268
1712 3745
163 2803
340 3721
2799 3199
3426 1055
1822 2630
60 633
2694 1373
2671 716
2027 1988
3115 416
3217 477
2806 2862
1538 582
3704 2230
1213 2767
1395 2320
2306 2698
2060 1537
2460 1943
1050 3800
3398 2964
1362 1600
722 6
2325 2170
601 2074
3147 2459
1392 1582
2688 1599
3639 2333
456 3836
1032 1450
2875 3454
1035 2634
360 145
3558 1328
2465 1649
2092 2333
2601 3327
3571 693
3233 684
130 160
3848 1687
2448 688
1021 2572
1336 2340
1575 4
3035 1274
1373 3849
3625 2743
2868 874
3499 335
3462 2996
1625 2488
2977 3824
492 911
1177 2006
3662 2393
950 2687
1871 1393
1399 3011
417 932
1536 3081
3832 1327
1748 2034
3233 1533
2111 2198
2948 3808
981 623
3524 245
393 3046
1842 576
1976 928
2666 1126
1275 1352
3672 3382
969 1838
1783 1008
184 1644
1736 3057
3744 1670
3586 461
3741 329
1137 2930
1231 3432
3157 464
2921 1847
969 1219
2630 2238
1321 2098
2997 1782
1530 1047
666 2459
3625 1904
419 632
3656 1491
3797 3755
3304 2133
3120 78
3206 2830
2854 3557
1401 3586
1711 2471
3462 702
883 836
3208 568
3741 2628
63 2136
3673 2428
1208 3736
1260 1454
1998 3355
3355 3671
1288 3131
2246 486
1519 796
2956 685
2343 1162
1877 3099
3139 695
423 1954
2982 2275
3682 2594
1761 408
455 2163
131 1041
336 341
1207 1571
3866 3752
757 1903
2363 3060
3444 1248
2212 2055
3224 3141
2488 3695
48 611
955 3764
1556 3076
1377 93
1582 1449
1853 1163
1862 1854
2806 122
1279 2019
1783 816
3148 2568
497 1
1897 786
974 2333
3555 361
71 2646
3567 2345
797 1894
2188 1741
1494 369
1804 2497
2184 291
1450 335
2632 3852
3633 2781
3377 1569
2604 26
1962 3861
1465 2869
2938 2186
3881 2996
3627 153
2739 2119
611 3808
213 3249
1636 489
3328 2036
1430 3273
2346 2121
207 2364
2559 2231
3167 2553
2841 601
3678 667
3550 2575
2632 257
969 2501
2964 2827
2328 3539
160 2018
1108 2601
3412 2646
1002 460
1685 3428
1163 1287
3382 3466
304 2515
383 3835
2732 3825
3831 3611
3518 306
3880 3032
1247 1061
3125 3817
765 846
2684 3308
2955 3347
638 107
2826 579
904 2792
2544 2229
2439 457
1255 934
1105 1530
2993 2251
1839 2902
3435 2522
631 2898
1416 1599
1759 3154
4 2240
623 562
102 2309
2845 569
3152 507
3147 212
721 3563
607 2461
502 1415
3211 2380
3022 2170
2594 3199
1715 689
1764 2707
2891 275
62 3639
815 3249
1442 3840
2536 574
174 75
551 3298
175 2738
1571 934
1002 3411
2191 225
2102 1536
3237 3211
1882 743
3535 3549
67 2027
3204 2613
2821 2719
2695 156
3603 403
1093 195
612 2114
229 3364
1994 3385
329 3845
2923 1147
419 883
679 1930
838 2112
3373 3874
2975 2791
780 2590
408 2450
2641 2179
2209 934
960 1293
2970 3103
181 321
2600 1979
1070 1033
436 3144
2702 3272
3574 62
3049 3337
3384 2167
1871 403
2179 1759
3411 3384
1095 2056
3302 818
2455 1495
2276 1271
54 262
1399 1121
1122 221
1746 1662
2347 1952
1309 1890
2336 738
2716 1159
79 679
65 1511
923 2269
2828 5
2432 2910
663 1681
814 1671
3771 1894
1717 2076
1766 2185
2037 2811
3469 2564
971 3711
2170 722
657 2830
692 3687
1552 1613
1923 2597
3723 3784
820 2873
3787 3173
2041 2287
1457 2137
3449 1900
1744 1138
2563 446
718 3273
3086 1447
3783 7
2146 704
3389 292
3757 3149
2894 1684
1913 1182
2543 1617
525 1232
2148 2859
543 2661
3554 111
2906 50
603 319
2610 760
3326 1450
2918 2811
3607 3248
1952 1599
1884 1830
1291 353
3509 2304
1566 1273
3038 3356
289 1918
868 2071
2815 903
2528 423
851 1661
840 3087
19 826
519 388
1542 472
668 2404
1269 3656
109 2189
931 1967
2202 3433
2355 55
406 125
931 2827
3495 2385
3299 1364
2111 690
775 3803
2610 259
3573 812
1426 1777
1375 1550
3381 2645
1613 1886
366 3061
2468 2491
3589 2444
1859 2651
3317 1556
3347 2839
2092 1290
2807 1928
1766 2895
1873 1086
2838 3493
121 2891
162 270
275 3857
2338 3587
411 3162
285 2749
1342 3209
388 2880
68 990
2256 2204
1322 1682
3291 3417
2852 2976
87 372
3479 4
3634 3059
1154 3615
1981 2983
3192 454
1696 1668
608 799
3368 1031
3173 245
849 2861
2447 2199
892 3214
1070 3736
88 794
742 1960
1512 2255
1832 2535
949 2901
3770 919
2098 1751
289 1959
1018 1338
1088 1238
3769 3289
2225 1147
3448 3791
2603 2907
3559 3134
3493 89
2805 2393
2689 2515
2642 169
1669 882
1952 2069
290 2395
97 2408
855 861
1997 3548
3291 3647
1505 2828
2122 1459
3716 1959
3322 1385
2066 1744
2761 2638
1515 823
624 2690
697 2294
3244 628
2542 3413
1717 2069
1485 2896
3144 3652
1392 486
3176 3017
1012 2087
1801 1545
1653 1080
2237 3014
1813 2255
1564 2477
2572 1343
184 304
3037 569
2231 1739
3296 480
3885 2630
855 492
517 3657
2352 1545
1335 796
1146 3596
940 2237
312 3194
275 574
1096 553
1089 3751
507 2309
3296 1466
2274 67
800 2758
3109 119
3203 1605
1604 3743
2139 870
252 1832
3658 3261
2951 1477
1857 1084
3672 1006
94 2444
2566 2688
505 1933
1929 3494
3589 2039
1188 373
2965 564
93 3153
582 3519
3610 3303
933 6622
2723 1151
112 1743
1183 315
3184 1778
1231 3887
3768 3861
2116 1086
3749 389
1596 3355
2152 651
2700 325
1631 685
3210 3631
1163 1470
1450 2251
1552 2093
2910 86
368 3458
2098 86
2054 3269
3869 1825
2955 2212
1455 354
1976 7
1909 3030
804 287
3499 3809
2186 928
1450 766
1066 1388
2453 3057
572 2634
534 1433
3645 3860
2497 3463
1099 3833
796 3434
117 2266
3055 3171
3543 1104
293 3137
140 3747
1437 3431
1961 1327
2425 3783
1835 3124
512 3847
2301 1052
2854 1349
2060 3712
550 3384
3153 2695
493 3695
553 2780
3822 783
808 2747
139 2125
1495 2277
601 3280
516 2953
1776 613
3672 602
2650 3602
3212 986
870 3361
1393 1120
767 3523
3581 3766
2519 2471
3436 3435
1082 2565
3329 453
310 2801
1354 3195
1116 2089
1790 3326
1858 2524
2629 218
3672 1488
867 2012
1531 2207
2003 2926
2829 1658
852 503
3342 2235
65 5554
1893 408
161 3113
1646 561
254 242
1577 3829
1515 2956
2170 3039
623 1947
423 2124
1399 824
3412 2267
1571 3031
987 3504
665 2603
607 2844
1835 2107
3192 3659
2648 1033
2952 1074
627 2358
1316 644
1051 2925
3329 1021
3831 1024
478 330
918 3421
1540 124
2883 855
2265 2618
2276 3685
3422 3875
337 1756
640 849
325 2376
2870 1664
3520 433
3194 1731
1903 385
477 485
2776 2706
2633 3744
3458 3358
3898 2827
3050 3183
1813 2399
1689 3688
2757 2611
2299 211
519 2749
2324 3153
1537 2621
1606 812
1071 3294
682 1128
2776 3436
2136 1540
1688 3052
2314 196
603 3611
1592 3772
2833 17
963 3028
3396 187
3837 3596
3012 2577
466 3720
1973 3546
3649 649
2156 2465
2644 2078
2676 936
1293 2593
580 501
3206 2898
2187 2321
3817 662
1395 1490
1831 2506
3858 409
1583 31
3583 2423
1870 942
2646 3658
3876 1508
415 276
2938 1868
1289 2729
1480 1698
223 1534
3875 260
3401 104
2057 3120
1325 445
1584 2457
3148 2125
3276 3291
