525 739
950 847
882 1113
1574 892
434 380
832 1125
616 1126
1137 210
1115 1603
20 646
1114 1509
884 599
493 1223
612 1538
500 194
1006 320
1446 352
1169 1264
1348 345
643 146
310 823
391 1683
699 833
962 1111
712 596
873 616
258 1299
483 1557
625 545
1164 719
446 1325
464 995
1249 1498
1247 1031
1596 721
1271 1579
107 292
541 757
608 957
842 45
529 576
33 937
562 714
1226 876
1589 1431
1337 733
676 115
724 57
152 393
1587 27
640 628
1574 673
1542 1600
410 264
1408 1349
554 891
1656 172
1238 233
245 239
405 1569
792 1489
1239 656
1226 1367
765 318
1657 38
1053 1461
203 1000
359 739
83 1234
138 978
966 39
18 1147
1086 538
1574 1377
143 969
749 1568
1180 1640
1266 818
73 366
1140 1290
982 875
677 476
70 214
1103 332
774 442
1509 567
746 33
593 828
31 928
543 188
320 305
1321 805
1335 454
206 677
1360 256
1244 464
443 114
831 1064
1634 773
1697 742
19 792
1632 217
1413 463
207 113
1631 97
399 502
1281 1007
1355 1152
1558 69
835 453
1539 1468
386 626
182 26
1103 690
756 1099
6 247
1049 1352
1665 515
1034 782
1493 600
1437 1376
224 312
1337 531
1548 865
137 1512
1645 637
1186 455
981 906
1629 1195
857 1649
192 1697
493 1656
321 239
185 330
1437 314
575 391
182 472
1120 1006
100 660
530 588
1507 11
148 637
6 121
290 1313
613 1389
333 209
44 102
871 1689
883 35
1464 820
762 527
1492 1211
778 454
1277 1058
1067 687
353 968
1694 650
1477 522
798 1341
597 1579
1526 796
731 1427
342 1248
860 902
1307 1598
18 493
238 916
393 392
953 1159
1385 87
477 775
260 67
1400 1198
606 67
786 1549
200 1161
860 1029
751 395
1441 84
1123 1575
1172 1355
1620 1164
1236 590
549 1042
255 528
98 1282
1318 177
1656 391
422 1617
652 993
963 1558
426 1505
1366 1527
198 1063
1385 1301
1156 772
396 702
1656 1453
700 1236
540 1525
947 1320
1543 1557
1155 489
372 1021
1011 381
1635 1403
452 939
197 1435
177 305
1694 950
655 1561
312 353
1509 703
771 1213
59 27
636 693
490 1603
291 140
1102 447
1353 2
1569 133
632 125
1537 850
601 1097
749 737
1272 1425
978 381
579 1694
87 1623
462 1443
1160 1459
1259 1218
740 1325
1680 817
1125 818
326 388
434 1677
301 696
1455 655
1395 1266
886 619
1468 1066
1418 176
176 578
144 1228
1223 435
899 1532
269 1564
1293 606
881 423
628 1343
896 4
1399 9
1560 935
1052 903
695 514
1452 97
1391 813
1575 263
675 1351
842 1504
1320 662
800 1661
1627 1182
496 1066
770 1143
1217 505
1338 198
972 1017
763 1287
722 454
340 1252
38 1204
331 220
826 1202
1537 1015
143 1594
1283 1095
1004 1687
724 178
1514 1678
1551 1547
1630 909
1185 513
1580 441
864 1687
925 196
671 582
729 1169
273 382
170 112
310 807
877 1274
1173 911
154 557
397 714
691 1184
188 131
1250 1591
1688 1015
588 1274
97 703
1067 776
1063 350
1689 1043
530 1336
1355 286
601 500
1628 1672
215 481
94 1652
1441 175
1235 522
1376 317
1354 1674
20 175
993 1655
252 844
1454 1315
717 1377
1518 1066
280 1692
22 556
1407 1652
622 1592
1048 746
1164 152
1489 178
746 39
1521 652
200 1031
733 1604
312 432
1387 1389
697 1185
1120 1503
1535 242
41 510
474 1122
879 308
993 1375
1055 932
1245 588
865 1129
751 623
1030 173
554 10
974 1008
1296 417
1652 107
105 429
265 584
317 1439
1563 1017
1267 483
834 1048
38 1256
210 994
1164 1317
1456 741
663 823
79 1438
432 1090
867 37
1660 230
925 773
1456 28
571 260
1117 1073
704 53
725 375
199 1451
929 882
1687 93
1358 1515
70 1250
1422 677
1612 839
96 48
874 501
803 1059
1612 1183
188 1133
439 383
692 1561
1042 1402
1069 112
1567 1607
458 903
1160 276
1117 814
353 320
956 1455
613 1603
232 44
932 1586
774 1325
1028 18
401 1566
1384 1521
721 669
27 238
678 580
569 1163
264 434
740 1216
1367 1569
990 1274
344 927
1059 1046
47 1573
739 133
1425 563
1625 5
1517 753
415 1450
1254 703
1477 1562
1460 1003
214 1066
1620 44
75 707
467 832
275 346
1248 867
1500 1100
573 88
1343 766
1427 352
446 1125
1074 738
200 1585
220 1386
702 164
1420 991
54 114
914 1299
880 884
390 1581
756 1110
1674 1074
1153 1507
83 149
387 41
526 1462
1609 821
863 554
1293 8
1027 126
433 263
760 906
1348 1329
1034 353
1121 384
1199 1614
700 840
1622 1629
1598 1576
220 19
664 1538
472 1305
1125 701
305 1233
1101 673
795 1480
1073 1680
542 1192
64 192
799 784
1389 742
558 11
996 642
1418 682
171 9
1620 147
1009 1568
994 699
402 442
526 827
18 210
1352 1142
860 286
546 794
843 120
847 170
424 1615
575 602
55 654
864 651
9 345
1616 1165
927 1237
519 1433
1184 939
904 23
1261 1697
1497 646
1485 877
1211 644
1465 1379
564 326
1134 1698
1483 597
114 142
1290 718
1450 317
1187 1000
141 1611
1161 1652
863 405
483 66
1385 159
639 1131
1444 42
1296 1190
1549 302
175 1565
103 831
620 1232
1536 855
465 589
535 1628
1169 849
572 300
1322 739
339 1411
397 55
34 360
102 69
1229 237
1364 355
1475 349
1271 1329
559 75
1373 220
1206 113
1168 287
565 1339
1330 1539
811 634
51 418
396 1142
1024 483
889 572
637 468
1211 1208
36 972
301 107
1102 555
1566 541
119 973
340 612
802 320
790 740
603 388
595 710
276 1153
1530 1224
683 674
1330 699
834 1480
1260 1589
170 1601
1268 1138
1202 480
940 838
824 327
1261 1472
1330 785
931 1158
1375 1694
1596 1241
1685 968
1433 1324
370 1267
456 173
359 1577
951 620
1005 1325
1658 1077
136 659
1125 25
839 1581
417 896
913 876
377 62
786 1633
657 481
1511 301
1383 398
519 880
909 1209
44 872
900 1193
1581 939
1659 1220
616 953
1522 900
212 1557
14 243
1163 246
167 744
942 1538
571 1393
47 22
856 898
966 61
1273 236
880 747
477 1079
324 99
1366 225
1091 12
1446 1596
1324 688
652 193
1156 306
994 497
912 1202
1409 1143
304 884
350 1139
828 663
631 781
684 1396
378 407
72 1240
145 152
1394 1232
314 1228
36 472
559 1214
69 229
1343 334
1323 1600
1153 863
1135 537
271 672
1328 257
408 615
1671 1112
1358 1110
273 1114
746 1624
315 1289
1310 1097
1134 1464
693 1110
823 1503
1559 1412
142 624
1544 83
63 1138
615 1158
1230 769
1157 1482
1248 1230
796 1585
848 1524
993 1289
1384 1252
72 990
1420 1609
894 1105
488 693
359 1172
1030 1398
216 1107
1241 188
196 520
1594 1472
562 1022
1343 629
766 547
537 70
1294 669
1627 741
1293 237
690 364
1054 60
338 1350
1026 289
1258 1445
79 135
299 94
730 208
679 142
1661 360
113 725
994 1677
425 776
1480 1463
601 805
384 1347
723 951
1588 1033
972 1319
868 1060
479 910
1026 1360
1678 1437
727 1318
713 43
245 1138
956 1039
1072 1070
1675 386
1044 367
102 343
765 1211
1132 519
1378 486
629 1615
310 1597
656 1606
976 1500
1210 1396
1521 636
661 1307
1089 786
989 1618
1522 711
576 664
30 213
271 660
481 1031
532 551
1310 394
871 818
410 904
1302 299
1187 9
1112 1615
1343 308
1607 542
714 1495
644 1423
254 176
352 1074
570 530
134 1463
942 696
1528 81
281 153
649 421
130 448
1352 74
1389 26
1534 919
1030 1094
258 292
844 1665
806 341
1411 669
1494 883
112 472
21 1549
854 1141
1039 1252
1302 1155
87 1163
722 33
675 35
1575 959
174 775
33 1520
894 1224
1446 601
1645 896
1290 337
1466 569
371 1621
130 1264
1513 747
338 531
463 844
1153 169
856 1053
358 830
501 52
98 160
656 732
644 352
1049 1345
1446 1269
1069 1368
306 1162
160 960
1438 651
1194 370
517 224
102 1101
398 1302
1686 42
1062 971
150 1430
948 1557
347 510
1108 570
1254 1359
1302 547
1666 972
27 7
1179 169
1018 795
496 1258
1215 1037
380 497
780 1242
1447 281
1034 1070
120 635
1402 486
715 915
153 1040
1386 1225
1075 83
1381 427
547 1128
1548 88
1168 1043
1150 166
1052 248
313 835
1306 130
40 1421
315 18
853 1045
1138 32
1154 691
1560 452
712 1069
178 1028
832 782
582 1430
602 1161
846 652
1109 695
1541 1475
869 921
156 1065
635 183
609 1249
794 675
406 818
1299 826
244 347
1667 938
456 602
1641 216
1307 1067
1631 1085
1675 596
1311 828
713 735
751 1299
1086 640
1194 871
1651 825
1662 705
1268 45
571 547
122 497
1306 841
1295 1454
275 1298
1023 72
1609 47
1266 334
87 138
341 376
1508 215
452 626
1289 792
89 916
427 207
1478 1296
316 1575
201 410
186 24
1441 167
1319 656
173 316
1441 322
1125 1571
1021 1253
157 1586
140 338
810 76
578 623
668 592
1343 646
738 931
141 130
774 982
1287 1140
428 1138
363 1545
482 1037
946 1100
159 1118
1074 2354
1669 215
1309 456
1556 563
560 1082
871 112
103 131
1426 1523
576 1429
1288 1246
430 1142
1069 290
206 1022
1306 620
1075 1116
1241 448
807 1420
836 63
70 737
1475 970
1256 1574
1423 1243
1393 1339
1692 363
1508 870
1387 49
966 463
1297 1359
412 982
795 299
1283 1560
882 1597
397 493
676 196
1064 1540
150 1330
873 1480
18 326
315 1504
1649 805
458 1487
946 1241
227 1074
1373 659
708 1331
1422 999
30 1598
346 954
855 1579
899 884
127 323
1189 812
38 1664
254 841
451 1465
1591 1402
1601 1027
1506 434
23 774
863 827
215 95
775 1158
888 135
947 364
840 1477
321 363
1477 214
195 511
1616 362
921 376
132 1342
130 1342
593 1545
382 357
421 524
1022 895
1120 479
1149 146
848 786
1303 1031
1201 124
986 689
459 1316
64 1212
346 1578
324 231
50 1408
1569 1665
543 234
1600 24
1280 295
1318 1082
392 967
357 1237
484 711
114 266
145 921
833 1339
1205 589
1229 1511
785 1171
1354 719
1401 86
172 1486
979 1494
1534 377
970 256
536 669
1119 724
500 510
35 1439
1502 562
1133 1310
1199 1616
1132 534
973 615
300 811
893 1266
405 969
263 370
536 386
389 514
778 586
1679 63
1252 1644
1263 1458
621 1270
713 1103
648 1352
944 355
1602 1498
1300 997
920 1228
1007 1298
1070 600
1278 300
858 1476
1013 1125
260 377
971 674
832 335
217 739
1118 23
1350 960
1143 759
908 1547
680 449
1058 884
896 644
1629 950
576 1592
1054 245
1698 525
1026 853
1176 1038
461 343
126 463
1692 870
798 202
1030 1642
1101 279
1663 421
195 1124
436 250
505 1525
1431 862
255 259
1554 389
540 1100
1319 1691
1214 612
811 833
1171 1419
186 732
1409 523
1180 549
583 1368
972 654
497 171
1 1140
1671 328
69 1078
1643 232
1043 1383
931 103
473 1437
1313 1103
1252 110
558 1199
741 48
359 651
1104 1244
977 1577
908 447
1079 1580
809 1197
829 1694
943 1480
1680 683
1192 1672
449 1040
881 1167
1328 153
507 1564
974 1442
1578 472
1190 1026
992 206
596 1583
1078 1338
825 580
675 11
920 1223
267 814
674 808
1328 362
13 1104
1069 459
1315 384
164 104
157 812
1694 1024
91 614
1356 1066
1120 208
153 988
218 811
999 1610
657 816
348 1529
999 993
1451 1474
1313 1197
1527 1661
862 675
888 11
49 396
1320 340
170 1297
150 1286
948 265
99 543
774 173
417 1338
728 1673
5 65
1425 1107
556 323
511 1502
418 1193
47 221
828 1076
52 411
1349 618
587 370
1211 1262
1373 1356
76 1614
817 1146
1496 1338
1308 1094
14 1458
707 1065
1319 1150
1625 904
931 796
1238 1139
931 1204
819 178
315 567
627 534
1586 405
1404 146
424 808
1268 687
1661 1602
987 1194
907 524
2 963
1138 723
1465 431
1416 972
6 1611
126 782
734 228
816 423
954 556
613 240
619 331
36 35
1134 1435
27 60
403 1250
1681 916
1565 1021
563 1589
420 594
1266 1686
711 392
757 543
761 584
79 979
1359 1408
393 834
1551 330
1298 1389
284 886
923 637
1078 726
1606 636
1413 336
598 1604
1570 367
834 1490
162 494
664 847
1572 1357
160 1485
490 198
1693 956
1576 1233
1628 128
1561 1481
857 1608
454 1649
60 1541
1517 1559
437 149
491 760
1323 1144
362 1090
1678 437
1223 640
419 530
1124 898
283 793
1154 1090
1117 947
157 994
384 1422
612 1273
1110 424
1257 1338
1694 336
663 1542
1353 1672
772 435
723 109
321 901
701 1531
504 1345
628 406
1580 282
1317 1018
1449 1595
1257 262
369 1168
1591 547
970 1521
1605 196
1085 901
428 619
271 1677
269 1348
304 779
1408 1346
246 522
835 610
1116 1268
800 1564
500 948
1272 373
447 955
682 1632
735 1529
804 901
867 776
1019 1331
408 234
138 835
1172 730
512 891
310 422
454 297
622 643
1407 1291
1295 1465
1442 1046
430 1036
1 1437
141 1665
344 967
1481 706
845 777
977 111
1418 1065
1682 790
1654 674
1331 250
261 1162
1542 392
986 1101
130 387
531 584
476 826
1599 1327
553 284
1209 1323
1206 64
906 1320
391 731
193 3555
1036 698
364 1259
602 208
920 549
53 761
1570 1048
642 656
1068 655
549 1191
293 1646
1370 1335
401 1408
484 60
633 1158
395 326
177 1028
224 738
592 1369
1439 1155
480 907
1009 996
215 1090
296 1658
958 497
132 944
272 467
579 1511
163 299
773 261
91 43
1355 1269
1279 99
1446 632
615 1446
765 877
660 687
1020 555
1223 98
403 1113
401 967
659 1357
447 180
1291 1252
491 1326
227 1379
1342 1297
546 248
450 652
167 606
915 45
948 38
181 259
102 438
503 454
396 1124
115 488
1538 600
1423 793
353 1679
774 562
866 1092
1375 112
789 832
179 939
381 1155
1079 1166
659 1223
119 397
611 1185
1358 1338
1002 1443
826 874
1557 55
363 627
958 1611
1576 951
767 1682
1637 152
540 900
1321 132
1202 1570
225 409
1014 1260
1462 350
1544 1620
928 276
74 171
271 975
108 1280
1307 1425
1330 761
585 1389
380 1591
357 1438
930 490
1451 975
261 1293
1301 1163
51 1044
302 766
175 1243
590 1546
36 1140
1463 744
512 1310
560 1511
896 560
1060 1448
503 417
1034 77
700 1454
1597 219
434 879
1535 163
1576 155
347 1008
1562 298
1183 371
799 65
580 1561
1011 240
301 118
1437 1377
363 1155
911 834
953 1445
1198 449
1426 1585
490 99
344 281
877 894
968 101
784 353
144 1551
304 455
1171 1161
1471 1044
1267 1393
348 304
1181 147
72 1168
192 1611
507 1466
1520 1293
1551 383
111 1649
196 1281
1467 561
249 724
112 379
1015 601
1396 46
679 617
361 1496
386 500
673 840
802 1301
950 1457
780 758
901 1263
1439 1318
669 1312
1051 147
1314 600
801 1615
656 190
1343 1011
50 234
1359 815
783 743
731 709
1545 178
1013 976
1348 954
1561 1413
638 319
784 1540
249 841
150 377
1227 522
821 1491
1603 1344
1441 1163
75 290
1156 1162
1082 1135
1087 372
699 1184
1269 1572
1171 1081
454 231
276 1152
1257 1572
845 1475
946 260
846 191
1074 153
1342 852
331 926
666 1104
1258 1225
75 789
761 244
780 1619
679 494
1198 505
1001 1392
787 54
945 429
458 1076
71 622
53 1553
1161 790
787 798
63 618
389 33
203 1153
1091 1346
715 628
916 842
1688 801
1697 425
1415 617
900 1262
112 444
1590 173
932 341
327 1674
85 1336
1411 657
1216 1009
540 202
112 497
1628 409
854 911
1005 1574
719 1685
471 1276
28 1514
1539 513
778 218
1524 484
23 1265
1572 1014
332 428
210 189
885 645
1367 527
867 1578
1104 1211
779 245
618 251
1616 1643
909 687
483 115
415 613
779 818
985 1239
275 282
1351 693
203 824
589 1011
903 1011
626 1132
187 1114
333 1024
110 1654
1149 969
1047 1550
597 905
1005 188
821 1392
1347 1641
1375 1134
1602 332
1582 1071
1291 807
1511 295
1481 807
685 1137
705 1620
759 647
1014 398
1264 165
312 587
158 620
1405 340
621 901
1202 722
260 182
972 819
879 361
486 1218
768 85
768 993
1683 334
351 114
20 1334
556 689
1628 1181
559 516
1256 985
4 1521
555 1640
1564 969
968 1523
1150 1522
1563 1561
66 1656
144 932
1100 1689
1205 944
538 1200
58 306
803 1314
480 275
384 1160
1640 1059
1069 1565
691 1125
349 491
717 1109
1064 1675
21 641
49 26
764 1545
212 787
231 254
326 1682
61 786
852 1447
94 210
727 49
929 1696
1461 1134
1108 1340
265 1207
1329 131
1145 768
275 1364
137 1391
1615 815
409 1507
521 295
1163 1197
759 164
451 1034
1152 1450
1488 1643
1151 733
667 1242
115 1254
948 1094
1215 90
1045 178
103 1626
1384 939
665 804
1586 29
243 1098
1565 456
546 80
1302 292
1383 675
207 1698
979 1602
1480 150
1332 865
1002 163
944 1486
978 826
374 744
1228 1031
171 2046
812 792
1236 624
1488 1017
436 852
1265 639
166 1120
999 1115
730 1168
678 799
903 528
1378 926
362 65
1010 580
