4374 3214
965 971
825 3759
4357 2615
2917 3308
3431 3442
3155 3315
1385 3551
4023 2370
3896 1652
3678 614
1871 3061
2738 2737
4270 1279
4304 1751
2950 3662
3505 1766
2672 4315
3876 2511
733 981
2189 3013
920 3354
710 3073
3400 4291
1891 3567
1698 1274
4100 2713
4267 1176
2660 4399
634 639
4367 4111
3980 1073
2768 342
3889 3468
2055 1027
4388 3570
26 1076
1161 3001
2163 3904
2670 443
1879 1312
2964 1931
3398 2266
3623 4181
478 3148
3800 1024
2090 3634
1836 724
3960 1812
1293 1554
2728 1518
3038 1444
3201 2381
1036 1809
2445 51
4048 3437
3397 4104
3281 1675
391 4285
663 3456
611 2510
1226 1814
4150 3459
4345 2921
2061 2274
2022 897
1211 1349
1550 3501
3557 340
4055 4328
1179 4111
1650 1243
2657 2011
3823 3199
3772 2230
32 1997
2664 3991
3158 3716
1909 1207
263 2821
3859 982
3186 206
1586 460
1145 610
172 2461
1884 1922
1006 3352
2487 3626
225 3708
193 122
2599 2968
3493 1215
2097 3021
1502 3950
2254 1745
3980 2012
413 3267
2067 4397
1923 2055
402 935
2312 3773
353 626
2220 626
3283 4126
247 2402
443 2833
2222 71
1019 1644
2178 1603
3960 4120
1506 4231
1257 1378
288 2398
815 2641
3473 1737
1038 256
414 391
584 908
1448 3056
459 3563
2232 2814
1441 2263
2693 1769
3350 742
830 2605
2023 2743
647 2523
1797 1979
2736 1625
1320 1838
433 102
1200 2401
3730 2830
4039 2197
438 870
1923 2469
4072 4069
1383 1664
3310 1920
2041 2866
3098 3248
1854 159
1472 3569
3154 2075
625 3786
1940 2825
1653 4084
589 685
856 3816
3185 3616
1307 2266
574 3152
347 780
3505 3009
1247 4208
2089 2900
4186 4206
4067 163
577 2574
4276 1030
4263 3459
2309 2117
3779 165
4168 442
2179 1592
1385 3089
122 3262
4080 4128
1205 486
2915 701
523 4303
1385 177
3042 1757
1769 3767
3055 2534
2544 3232
1653 1610
4081 4358
1951 477
838 2555
1416 867
2261 1981
2759 694
1487 3576
1081 2407
658 2969
2694 3231
2541 779
3814 4112
2004 816
3516 1101
1129 2412
2768 2834
1322 2881
4203 2434
171 771
555 2123
1560 1432
3895 2936
732 1086
844 3619
2336 2152
3493 1636
4171 3478
3321 523
3863 3345
862 4214
3652 1488
1740 2767
4086 1465
3549 981
1322 3975
1984 2550
470 3621
4124 1670
654 3108
1170 2126
2930 1423
843 3780
1316 1896
2432 3586
4088 2302
3289 2966
2773 3166
2813 662
4376 3299
1624 2093
55 2444
1899 3846
579 3512
1596 2084
4310 608
4206 1788
4044 2769
1164 1585
1679 2612
3759 2361
2506 2348
1344 1888
1215 1708
2982 3337
1460 402
1472 4140
3575 3060
1871 849
627 2901
4251 2360
3131 260
3462 946
1410 3538
2157 3631
2973 2830
714 453
3249 1710
2151 2505
22 3868
237 1726
605 2395
1370 3639
2302 548
1217 474
3353 1969
2459 2900
30 309
3980 803
3385 903
577 1331
2165 2505
2420 3288
3745 1497
1266 1973
3471 3123
1268 1608
3417 4128
121 2338
431 4240
3957 2742
91 4112
2706 2940
3958 23
1989 4259
3923 1699
2892 609
121 3035
3411 2664
1262 2544
2725 392
238 149
320 538
3915 856
3617 3776
1390 4044
431 55
1564 3508
2403 198
4165 990
1589 1350
1413 1114
770 3661
669 1334
249 1752
3612 2663
773 3477
3478 326
1732 2507
2535 1284
3575 1478
497 748
4322 770
2960 612
1619 804
2991 1886
623 1120
2564 513
2856 4330
3254 2495
811 3004
3167 2595
1061 529
636 1130
2166 2300
1297 2443
397 3272
1081 483
2963 3276
2875 1361
2901 3530
2585 1771
2968 341
1138 859
1185 2749
7 4394
380 2233
2219 296
794 1407
1075 2981
3096 1986
2477 590
3754 2409
4141 1911
4166 1640
2577 1377
1357 749
4390 1257
1524 2074
997 1821
3521 2794
1317 491
2898 129
2564 1592
2806 3892
272 3450
1727 2722
2255 2707
127 1726
1198 1578
3919 2842
1943 2888
991 4129
1563 3707
4311 1041
783 3178
3292 1876
1252 2758
2047 2058
3038 3017
3007 3060
3366 2943
2463 447
1371 1501
193 4330
1683 498
1074 1910
1807 1160
1039 3466
1148 2855
1077 3904
918 1063
199 720
839 1551
3016 1302
1405 3599
1128 3490
2522 4278
3915 76
3093 2049
2421 738
3133 1889
2994 2400
1246 4200
66 3355
2844 1855
4113 186
1596 1447
2421 2593
2002 154
3568 4219
3365 1197
694 3395
4015 3797
3816 735
657 2626
2735 1050
3507 1948
3092 2669
3016 1081
1995 1801
1392 2905
3409 3299
1927 2366
4090 2636
107 2651
1069 2204
410 4295
364 3579
4042 3374
858 1228
2467 3349
2257 614
2967 4024
76 3743
3377 3537
3567 8
2971 2199
3143 2927
2137 145
3915 3509
787 3493
4337 813
241 2770
1726 2653
302 150
1845 2645
1551 109
3921 2409
4077 1239
2286 3852
3277 3556
193 2811
2785 3550
1799 1011
4264 995
2331 3312
4368 494
3105 99
844 1985
272 1006
320 1569
1725 415
4249 1086
1314 1064
3834 2094
1293 3015
2401 133
3044 151
1624 98
2871 433
663 633
734 1328
2806 3896
4129 992
976 2665
1927 962
2196 3491
3221 799
2853 2077
2968 3110
2529 4032
2734 4084
2367 4248
4223 1615
1121 1079
2329 2207
905 1206
2761 618
2552 3785
1237 762
2402 2669
149 3100
2061 3856
3811 1864
1559 1773
1704 3864
3927 3539
1221 2375
2956 2689
2467 1048
2579 593
3202 4064
1588 1246
1182 1809
3963 4275
1408 1316
1348 1217
3249 2865
4383 1116
2041 958
1092 1043
277 1378
2912 1386
1862 1637
4301 694
2966 3862
1775 1668
1910 3752
3931 2678
3 1322
2530 187
1256 1874
1307 666
4364 933
2767 1291
1691 2773
1742 3778
1651 1991
3439 3672
4373 3440
2100 2040
2075 2317
3724 2579
793 1083
1298 4049
3436 2793
290 4341
3071 88
2156 1323
4012 2715
465 2960
2735 2241
3162 526
3686 3405
2041 1859
3909 1134
2007 2269
1287 912
3836 1220
62 4078
2140 3236
3355 689
2415 3909
1529 1578
377 2616
3748 1736
2600 3857
983 1479
1181 4140
2227 69
2385 2909
1371 626
2984 2040
3756 4083
2531 3673
699 1315
1775 2146
2598 3223
2587 767
2076 1580
1944 262
1944 3424
2361 2688
936 1561
185 1983
4365 1686
779 1100
235 2032
3629 4030
480 2428
4390 1832
4066 896
3390 111
1840 2495
2797 3206
1690 4291
2603 329
3245 3190
3383 1699
2118 4301
755 4076
2920 658
1820 3202
2313 3452
2120 2
4118 1565
3560 1571
2215 3288
3357 1568
1758 2748
1431 1360
504 2338
3128 4340
1606 527
679 3020
661 6
2032 4310
2521 2798
3768 36
4377 3162
1535 3624
3891 1435
2414 2975
2464 4143
1200 440
2226 4051
3421 3376
3946 2141
3121 2251
3191 3423
2684 3408
4280 1880
722 353
3251 237
642 3990
1678 3375
4388 1317
1802 3897
300 1152
3663 1705
571 2556
1554 3880
3396 153
2628 2344
1036 2082
2900 2265
1003 3331
597 3063
3103 4082
3738 1748
319 3324
4013 430
3437 1645
3391 4140
293 2522
2345 122
1954 3599
1250 1695
3248 4336
4361 4103
284 1198
3634 1506
3047 25
3102 4360
2249 1532
2546 3223
2531 1706
650 2650
3965 3266
2118 4248
1293 1537
4194 3319
4361 469
4372 2907
2932 4362
831 1982
1076 3347
2164 1165
533 4006
1768 1021
4070 3444
1104 841
3328 1923
3496 3225
375 1962
3316 3600
233 2457
3262 1810
3380 1571
1214 1488
196 1561
1032 2610
2154 2756
1278 2639
3000 558
3286 540
3320 3069
1143 767
2621 557
2717 398
1569 1561
3388 3161
413 3382
3152 2577
871 1852
531 4228
3750 786
1112 3686
3793 2997
3173 2508
2789 2420
3342 3064
2197 2875
3067 1437
2140 1323
59 606
1822 2866
3266 935
2108 380
3294 4087
3430 2517
535 3433
1643 1017
4293 4013
444 171
2492 2984
1167 3758
3522 533
3648 1619
3841 4006
2833 3648
3863 1403
3409 3625
858 4045
3403 4014
250 872
181 1409
1951 2355
4393 4050
1233 3773
1057 2297
1047 726
587 2415
2823 2007
4092 2745
3995 703
737 2785
53 3387
3776 2515
4025 4064
3245 34
2441 3960
2089 1060
1566 295
2884 3825
4273 2970
643 1123
3978 795
589 1514
2768 946
1903 223
3919 1883
2752 3395
1784 3728
1902 4227
3122 1508
3879 2794
3918 2556
212 4099
920 761
95 2329
1081 3622
2054 846
122 698
872 2500
1987 11
2108 2411
1905 4352
2737 1496
886 1632
1455 1646
185 940
1996 347
911 3174
123 2882
418 2749
1007 832
3821 3078
3422 765
3546 3449
3616 49
3570 2468
3399 193
3476 4224
3384 373
1217 1262
3255 1527
2691 397
657 4025
3150 924
450 3139
383 1654
3656 3961
3313 783
2047 4053
94 1321
3098 1654
1042 739
3971 148
2891 3855
1594 4334
397 4287
362 4210
2035 3915
601 4025
1184 3057
3662 1340
4003 3721
780 4343
888 1092
3549 2153
2059 1
4362 2645
2903 4219
3398 4056
813 275
2331 2951
4224 2853
3292 4228
3757 1673
2617 1644
616 3097
865 3121
2786 2106
3794 351
1527 2921
284 3501
1107 2883
2259 611
3541 1504
3155 2370
3243 4013
382 1203
2349 1781
641 2064
3718 4348
3333 3817
3532 3752
832 1877
1841 2508
1100 3814
2530 1826
1904 3510
588 1476
1306 3107
607 2407
2574 2325
347 3412
4104 1112
3047 372
2029 555
4336 1080
704 1059
4350 338
3760 1084
3539 2756
254 110
3932 2963
2941 2744
330 2807
3186 3979
1018 4050
1339 229
3088 1498
364 521
4291 245
1284 3560
833 2752
3086 3294
307 3052
1955 571
3772 645
4253 1260
3611 3392
2231 341
2783 113
480 318
3322 3911
1582 71
1630 4260
3119 2921
2821 2684
170 4283
3053 3577
3476 158
2031 104
2031 117
832 2005
1261 1780
4113 2558
3362 1043
2161 3446
4343 2303
3283 360
3547 2175
682 4342
4196 2174
1424 2733
755 2569
3926 759
3990 1478
2982 140
1958 767
1636 3909
3393 1130
2739 848
3922 3910
2500 3321
956 2132
2536 2219
1462 2063
1783 867
352 2618
202 2076
291 389
2258 3997
3383 3675
2091 3531
1918 2604
1579 3996
3661 2593
2453 3802
2411 2289
2634 1263
3218 3951
3519 1235
291 3070
1241 2704
4390 1186
3941 766
2222 2260
3476 3616
3483 2050
211 153
4297 3504
2169 1308
3974 383
3386 288
2145 1288
393 1308
1934 3398
4202 1972
3030 765
2229 944
251 506
1798 3109
2393 2953
289 451
3623 525
4322 427
2653 192
1459 1242
1120 3335
2279 1174
1497 976
1252 1491
4275 3867
1710 515
3331 1922
2845 2888
3922 3046
560 2935
2006 1832
2539 507
2751 3105
3500 1955
2301 1119
4348 2393
3150 1084
2401 1824
1909 956
767 4105
4278 3779
3102 1234
638 2704
4263 876
3760 218
329 1223
4282 2134
2968 2108
1910 4146
1573 4071
588 1217
2728 623
3365 820
4169 83
4298 3825
3103 3938
2235 2370
1568 2023
2139 1084
1895 3536
4281 2602
2691 2505
2890 4326
3324 3578
65 3284
2800 1369
3200 4203
460 1197
1992 2721
1254 3553
701 626
3703 1121
117 4396
598 1205
4367 1945
1567 2183
720 2394
1139 1153
2856 1405
729 1976
1059 1803
2962 879
364 609
1738 890
3756 2280
3114 3984
4368 2451
2443 1675
3640 1637
1525 3632
3340 652
2341 2517
3353 2766
1405 3860
937 4078
1557 4395
2849 3707
1439 4028
2612 3078
1432 2808
852 4061
4379 1715
392 2761
1183 2148
4153 3232
273 1276
1047 120
2284 48
553 4105
820 1572
3170 4238
3747 1862
1358 56
3755 37
107 3326
1626 1484
1077 3620
1755 494
2826 1015
2216 719
2972 1475
1789 269
2004 3089
777 4346
3236 273
2910 3719
2181 2607
2535 1022
2703 3973
889 1180
1095 2221
1074 3881
3810 593
2990 4181
1752 1633
4233 1729
900 1904
1743 3016
1224 2396
4126 1720
1949 616
1549 1328
184 1080
2486 2567
2551 2696
2318 2086
1883 3480
1462 4276
2416 424
1210 285
1688 1292
1014 1838
534 1533
3721 111
1253 460
177 1997
1561 1923
54 1011
221 1498
3619 3076
3435 3075
3342 3512
3099 979
2729 897
2771 1517
545 2585
1212 4268
3428 1849
453 2924
4384 1240
2417 2118
3670 4302
827 1383
445 2708
10 459
1506 2331
3071 3835
4397 581
2923 3873
2304 2851
4030 2435
696 780
890 324
3990 167
3942 4243
1447 470
2782 1469
3375 3247
4120 518
2677 4071
4177 1407
2200 573
3862 3172
2735 2433
4351 2310
2141 2191
1669 4160
2595 940
2564 2664
1760 4028
3212 3156
420 1085
2737 405
626 3027
3827 2037
4323 3153
2984 2873
3335 1249
1604 4115
2407 2752
3531 4022
2374 3177
253 150
838 3164
1440 2604
822 587
1292 3108
2825 1
3439 2723
1426 2671
1969 312
3387 1333
2065 3325
3574 1945
462 378
1850 1126
2675 3622
3679 2036
4250 2283
3364 3744
3905 3125
4317 3673
921 1511
3723 390
1898 2971
580 2391
1573 3763
2785 4246
1890 3936
1350 2490
3800 1022
3036 3736
2603 3130
42 3061
591 1713
739 3805
1418 2295
2008 761
312 2529
2430 273
2328 3599
3002 1950
1236 3081
1881 650
1838 3605
1485 3079
2309 1010
2625 3256
4311 2149
1037 752
608 4077
1285 4277
3601 3605
283 2017
4316 709
4022 2261
2348 533
2378 4281
177 1552
4246 52
952 3889
477 1045
4298 3468
1116 1212
411 2635
571 2696
50 531
4143 2350
3945 2051
1163 786
1114 3545
886 1398
457 225
2088 1100
2385 10
1102 3369
3366 951
3181 1704
4250 1951
4323 135
555 4097
328 1810
1129 151
3588 4219
1461 310
3483 579
1493 2272
3475 520
3637 726
1590 2842
3415 2861
339 635
139 2363
4046 2355
2425 1742
888 2365
3035 1402
1081 3346
1048 301
1065 1760
1915 3009
2927 3414
1170 2461
3841 527
2723 3720
4298 4248
3208 2171
2393 368
3867 1874
3014 299
2557 2079
3967 3619
1503 3210
1809 1867
308 3641
1827 1233
3982 2712
4299 1536
2133 2246
3620 1183
1702 428
2967 1242
3080 3081
1830 1466
1674 3375
2360 2756
2247 2756
606 1691
2428 2262
372 402
3888 1855
1684 2482
498 1728
1540 2724
2241 2797
63 3757
372 2661
1 739
3770 588
1164 863
1707 3750
2984 2161
1678 946
1687 2890
2868 1793
2903 2699
1169 178
1536 504
2187 2188
1917 3208
3034 2167
407 3707
3600 791
1789 3992
1170 2038
3744 1522
2420 1708
3131 1463
3188 718
3680 133
2428 560
3949 1913
26 4248
1997 4117
1677 1761
1882 317
2566 2040
1345 1599
718 247
2206 1293
3062 3052
3926 2472
504 1605
3220 4186
3677 90
731 2783
792 838
1738 1953
3856 179
3181 3647
3692 2162
48 3498
822 4068
2974 876
1409 552
1448 4245
3015 3618
2 2163
3467 2435
1127 1997
798 3163
3692 3564
685 3176
882 55
1431 3785
4325 9
4332 3123
3170 4113
3680 3183
3717 3606
2735 927
4016 1925
2923 747
935 1384
1361 1245
2376 2757
1898 981
329 4192
1949 2729
362 1710
2930 2428
4393 3671
1937 1801
1204 1111
456 765
3608 977
1195 1839
3704 2704
1190 749
3274 156
3838 132
2876 4101
2758 2347
436 1600
1662 1101
357 1531
2021 1441
1068 2541
1871 3432
3418 3919
3025 1586
2893 226
2537 3453
3735 3836
4283 1995
3903 2754
2982 670
1814 1363
182 2659
834 3518
4178 3305
4295 2913
3381 1948
3940 1312
4266 3442
3145 2062
2256 642
2550 2315
589 3900
2718 3530
3119 1016
3146 1086
1997 2607
4394 881
781 2608
4391 2608
3983 2384
2804 1285
997 4049
2067 1202
3814 3949
3812 8
4136 2240
1943 2546
1403 4080
898 353
949 3162
15 2308
1992 1881
3757 3699
2015 1621
871 2553
2599 518
2721 2059
3403 660
894 1625
4231 269
2975 832
894 754
2726 858
2919 1438
1512 1123
3122 291
1633 4296
2041 1507
1362 798
2273 3320
3333 1788
2096 3376
2577 1863
1720 2857
3833 1800
2209 1205
1294 4059
2085 4170
4021 2823
3477 2633
3364 2853
2665 2568
1813 3903
821 4158
3901 2662
807 411
534 752
3292 2242
168 3036
2626 1028
3415 4035
152 4105
230 1933
4242 2093
2425 1581
521 1365
584 570
1327 2093
2335 2075
2720 1168
2466 1791
2964 1491
1598 2566
817 1006
1755 3695
1997 2136
942 1710
1297 206
714 105
2585 2863
1718 608
1079 2103
3802 1720
40 3830
3987 3602
2302 1949
4102 1788
3821 340
4273 1747
3425 2491
1517 3155
2076 139
3760 3214
3950 1271
478 949
2588 3973
2512 2485
1651 467
749 4240
1703 2791
2980 823
2916 792
2524 3746
853 4194
915 940
4210 2906
3602 4397
740 2559
2338 3413
1940 937
4343 4002
866 3233
394 1247
3618 1323
1317 4137
1824 2340
4392 2718
3636 1173
2744 4356
3824 865
1063 3684
3911 3457
1615 3665
1672 3721
2727 3897
567 3399
2744 679
3757 55
2169 3169
2454 2870
3319 3061
1192 2577
1985 3963
483 873
2687 327
356 1381
786 3503
3843 2548
2134 2371
3389 2990
2101 3965
1820 1749
2741 4006
897 845
1281 3121
1924 4389
1574 4041
4355 2226
851 3763
198 1143
3220 3311
4355 2962
1464 3873
3756 1861
2109 2038
4166 464
3294 789
2437 4312
2083 3443
1907 2518
3350 419
864 1390
3126 3736
1972 3754
1732 1288
2847 3699
1883 2192
881 4300
301 2270
1013 4203
1560 79
536 2484
3223 3717
3496 1827
2548 3363
295 2054
3532 2793
1455 21
3627 71
2623 367
2358 2512
3140 1874
920 141
883 3990
3572 90
850 855
1481 1233
470 2542
1796 1457
1735 4027
2382 3066
4272 4208
486 2200
2147 124
1178 1098
3961 3091
3871 3342
1079 3511
1664 1083
4348 2870
4242 1914
4215 1759
2774 2225
3125 753
2904 4397
3864 2115
1381 3564
19 3290
2985 2309
545 4250
1078 4100
2390 1723
3761 2886
2573 1143
630 221
49 46
3787 3312
2584 55
2658 4147
2152 4275
1320 2558
2653 1247
1755 1644
979 1782
3561 835
670 3872
451 506
2553 3116
3296 684
1163 3269
1854 520
85 3683
1267 626
1944 1441
3874 3898
4196 1495
2105 2471
3852 3796
3446 1903
245 3721
2906 2166
4076 3860
1638 3616
263 2936
2914 2676
1140 1382
2796 1616
1021 3242
2862 2483
1565 1108
1720 4251
861 768
2476 860
247 485
217 505
2524 231
703 1218
2929 2154
1970 3818
355 2308
937 2563
1451 3484
581 3224
2733 1909
703 3127
2842 2865
570 3882
470 372
360 1137
3300 3495
3961 413
3197 1732
2621 1451
3359 1845
251 1771
706 1316
2266 3916
822 1838
2908 3509
3992 1993
3883 883
467 2318
2684 3370
1539 997
2864 3642
4021 45
4312 3056
3259 2452
1929 853
28 3353
2533 4055
2983 3323
3161 690
295 3629
2406 3227
2658 2106
4390 4297
3372 2831
1232 4368
858 825
2263 2363
224 443
4044 2101
3595 2155
2228 325
2890 2074
4085 3092
1239 3823
4122 4027
2340 3008
485 4222
3409 2764
836 1567
1657 1975
4044 688
3964 4082
1145 3160
2214 9
2066 2896
3645 709
4157 4095
2766 4110
1764 1941
947 4176
1050 1840
3976 2911
1329 2534
562 2552
4119 2591
538 483
3901 975
3077 709
871 3489
897 561
3001 1007
1710 4014
3843 1789
3590 4324
3803 3110
2794 2704
2212 1487
2779 3271
3608 2807
2834 3480
2503 1136
1052 473
3964 343
3382 2899
2040 4334
1665 2346
3790 3564
1553 3492
2378 4186
2216 300
1311 1934
746 3230
1291 2068
1580 3778
1417 2232
382 678
2274 1649
4227 803
2209 1783
3369 3138
626 3125
4025 4087
1190 2169
2572 2939
2854 793
327 2792
2914 784
2629 702
3077 997
672 611
966 1708
828 1974
1245 4374
3472 4148
3103 436
2562 980
761 1753
4029 3565
2773 93
1601 791
604 765
824 3742
344 2416
2208 2371
1556 933
1114 1582
4115 1528
1598 4350
1818 1987
3657 960
2971 2113
3940 1470
1359 2238
66 3982
2767 74
3238 1068
3806 2316
3742 626
2358 4179
1552 1139
2046 1160
2367 2119
502 3583
4186 3936
191 189
1921 812
297 2867
453 35
185 3704
2123 1776
2903 4197
3197 3037
1666 2841
3357 3111
928 2493
4311 624
4070 3762
3906 2147
3521 966
4082 1714
702 3510
3565 3691
332 3693
2135 1113
1132 107
2077 4071
3442 1057
1963 895
1563 264
2218 2704
1818 737
4074 63
1777 2167
3271 324
1464 3168
283 85
1133 1955
3792 577
777 3364
3440 1202
2907 3323
1691 261
2035 2322
1492 2982
2237 2477
2617 3300
1239 2227
3181 131
1473 2171
2803 433
4176 882
1033 2128
2015 313
735 146
2035 2043
4066 3075
3530 4252
1114 3152
2287 509
412 2293
1436 4027
1708 1812
2236 985
1123 1138
2075 1890
2265 4219
4029 1904
2480 278
1832 4298
428 2675
1424 4119
3154 256
4141 4114
3964 523
2922 1718
1719 4082
2332 2840
2009 1878
2109 1284
3698 1054
36 3504
1294 3192
1539 2461
820 1450
989 3323
270 1207
2018 2236
1237 3805
1608 1969
824 602
1351 2192
457 3311
2737 2615
2020 3437
3405 3370
4093 2300
4143 3657
2149 571
3717 1581
3752 2833
160 4241
230 2674
2797 1885
3085 4173
1007 541
1023 2306
1819 160
277 385
3952 2844
4272 717
2401 2399
2327 1984
832 401
4386 4040
1416 2469
3282 2975
663 2462
2491 648
2822 3150
783 1461
1351 2778
2632 1350
1690 4377
3009 1404
972 827
625 2763
12 119
3686 3181
2731 1020
3018 4356
352 3209
324 2536
3381 2312
3934 510
3473 2756
3742 105
275 2220
3684 1770
135 3984
3887 323
1657 424
1308 3418
2483 500
44 2921
1364 430
4160 1298
2672 2092
1204 3087
1966 849
581 1031
3858 4019
1680 2701
2247 3015
313 1715
1960 4328
1749 3148
3515 1703
3732 1694
2858 1421
590 982
3696 2635
473 3494
1997 1074
1172 585
3430 3023
1795 3415
3692 3710
2152 2020
2263 895
2682 195
4302 1190
549 1481
966 2252
3838 652
629 1012
1440 2313
369 472
120 4276
1226 1248
4297 2378
2801 2644
4013 2547
3140 1162
3098 2660
375 3817
4060 4208
1008 1326
4372 702
894 2379
317 3862
2471 3325
550 2182
189 759
577 3553
45 538
2536 1334
2468 4102
1782 3342
3677 2794
4137 3935
2859 4151
242 526
368 3411
582 465
936 1641
1765 2674
3957 4381
228 3104
167 2429
1017 3136
3447 2835
3235 1120
2049 184
4371 876
380 787
1578 1258
2856 1390
2625 1439
2498 4217
1855 149
4278 4264
315 436
2194 2407
2670 1532
2083 2766
1795 2261
575 2880
2543 2702
2078 2093
1991 2610
3909 504
482 2696
3104 754
2780 3289
2684 1525
3907 1549
1518 1869
3346 3390
1507 2576
4024 1998
1333 3887
3140 4117
2119 3140
4367 2914
2942 3883
3590 1714
1196 974
1331 3327
857 1016
4263 1039
4192 4363
3014 3374
3139 812
879 3398
3388 3676
4310 938
1730 66
3615 34
3124 3252
793 385
2309 517
2261 242
3860 3640
3458 33
3430 3362
2743 3334
770 158
2204 3516
2105 3082
3637 383
3825 3630
2971 3892
2588 1949
745 2162
4361 2643
3888 2078
183 2559
3415 2054
129 491
979 4227
3275 4246
3999 657
4120 3330
3656 2234
4069 3977
4200 1886
1381 3418
349 1231
1225 2082
1876 169
4011 3862
1719 2815
1832 1245
2273 512
4201 3962
2842 2313
460 166
1700 1716
2884 3676
624 221
2633 1982
333 2565
284 1014
2302 2752
2636 4262
4135 3370
3918 4209
964 4182
1645 3762
2118 3382
3486 2890
2523 1846
1358 3976
3897 3891
3258 288
3958 1370
4107 1070
39 2938
1356 3139
3827 3867
585 3310
3955 136
2838 55
3433 4072
969 484
2730 1435
4213 3022
4378 4272
3139 1886
3746 2851
3247 2401
416 4274
2237 1451
795 2529
615 3303
784 1780
3124 1644
2111 3642
1606 1468
4028 1257
3615 2406
4018 436
3665 3819
1466 1753
2273 4382
1300 3670
3623 2292
2992 2236
2741 3018
1868 1756
3874 2230
4282 238
1681 2166
764 161
83 4149
63 2829
517 2876
81 547
2359 37
2369 2086
3851 3546
322 1939
1462 140
571 1963
3430 2768
1662 3121
2352 179
4355 15
3317 1823
416 3971
1232 1781
935 1847
2671 1338
1980 1038
1579 1983
2113 858
3253 552
1329 3611
815 4206
2485 850
2661 815
2582 2387
1830 3219
1696 2841
403 2218
2078 1379
3186 3569
1288 940
3759 1812
486 4073
32 3709
3312 1339
4371 3434
2196 3092
2695 1117
3778 2918
1844 1005
3047 3719
4024 473
2404 1761
3774 2781
235 2709
1405 397
4134 1712
698 3294
2372 2070
2571 3028
3408 955
2970 2406
1743 2417
3394 1454
3510 3339
776 4252
214 3951
2505 234
1973 4202
2156 3915
4250 2542
516 2700
1333 807
1061 2444
4104 2619
2544 264
2470 2063
1212 3151
647 2774
867 2724
2933 4260
4326 578
3590 1425
638 938
3222 3082
0 2647
640 2769
2492 4131
4248 2532
3987 2834
2969 2667
1394 732
6 4251
1135 2153
2063 1016
2095 2068
3378 3319
2897 2882
1019 353
3851 220
1466 3235
4207 1831
1904 418
3369 1077
437 2940
1352 1588
2488 2234
150 1797
1172 1282
1750 1799
3132 2809
2777 546
3363 4342
1501 2255
3610 3633
2291 1268
455 202
651 3038
1022 3782
894 3367
2463 99
1736 487
3691 2989
1760 1862
548 3578
581 1279
609 3231
1686 1169
4203 2566
1134 2287
470 983
2011 3319
767 83
1354 336
2495 3295
4272 2588
1577 253
455 3261
4102 2871
3219 388
2618 1077
1792 1460
2850 3950
2906 2917
3085 1066
3049 997
3844 2934
2231 296
1687 2209
4302 3584
470 3267
2035 2297
1240 1998
3721 1547
1996 236
2340 4290
1002 3304
1131 1642
2900 201
3193 3139
4366 2616
448 3668
2311 2706
1482 4028
1107 4153
397 404
4359 2822
2106 529
1553 1305
387 741
1329 3761
4023 3973
3799 3350
3035 53
1018 4052
1814 31
1634 1954
2489 3874
1124 4208
2937 1191
24 48
3434 4255
3271 1274
2154 3401
2230 963
3064 2800
3722 1337
2095 880
3655 2069
2178 2073
3865 2563
1350 2972
1662 3021
566 930
2926 3091
2263 444
136 3591
2490 2805
4106 2037
3079 3076
188 960
2763 798
1722 808
33 2936
3788 3975
758 490
372 2074
780 3870
3652 3837
285 3144
1337 2607
3114 4272
1335 3989
383 298
1411 1658
2932 3815
359 2692
2931 3492
469 2386
192 2320
2940 3569
458 3996
1968 4206
2141 1274
2777 1862
1329 4152
1178 3609
1939 3494
2539 2780
718 1554
2694 2878
3478 629
1243 2307
3329 2375
3392 2396
1650 253
2521 3527
1394 3955
1759 3426
2413 2788
896 2203
759 4294
2628 3779
745 643
3623 2498
2636 3489
1351 1364
2497 2531
2716 224
2634 137
815 2969
920 2739
4008 2973
706 563
2392 4331
3071 447
1967 2081
4369 1589
2843 2500
1758 3514
687 1945
1644 411
2395 640
2216 2245
637 2144
1331 1887
2324 1101
2505 3157
1917 2758
3663 1040
1324 3595
2520 3072
2345 668
2757 1579
884 2269
2503 624
1238 3990
514 1460
3462 3574
528 2494
1364 1031
398 558
2565 4220
3479 1815
3660 2519
2171 3246
1090 3928
2396 154
369 432
1269 27
3331 4004
632 4248
2737 4268
1906 912
3355 3306
2204 210
4244 728
1825 1384
4294 1067
4071 1806
1289 4116
3356 945
1019 965
1151 3586
2893 2529
2295 1257
3322 2763
292 4359
773 208
4000 1364
3118 2705
1442 3574
304 1817
1039 1811
650 2173
557 1614
8 3969
2933 589
445 3303
3252 3323
639 978
4190 4265
2239 489
2544 4256
2852 2135
1377 1154
963 2990
787 1662
1581 3532
2332 2274
53 758
3452 3930
3884 578
1898 1942
2715 3169
3071 4074
365 1384
4207 2544
934 127
3375 1080
4307 2258
583 767
4303 102
2918 3341
2512 4038
3900 3512
4396 4139
1161 3926
1131 1178
335 4336
1098 2839
2822 51
1193 2711
3644 1824
1442 307
3078 834
1526 216
1352 3583
1654 2732
2381 3816
3675 1515
2612 1003
882 495
2247 1624
2775 494
1913 1952
2445 189
555 2521
1048 2994
2058 2222
3655 3112
4185 1731
3409 1516
167 1015
4139 2644
2157 2210
3027 1182
1014 4381
3052 3734
1467 3425
4358 1714
2250 2152
3081 3896
1890 3376
974 1791
2494 1566
490 402
2252 1199
3832 81
3176 3961
4306 2162
2873 1120
4044 2357
3496 1716
1597 37
681 4056
1018 3113
3000 525
4273 1323
369 4173
1087 4032
3723 2420
2382 1078
2146 2313
431 540
1295 4330
3408 3658
983 1141
2810 546
957 3395
3129 2990
3668 4238
2152 1417
3574 2724
3065 3546
3226 1060
1471 1274
3205 2436
1256 247
2607 1333
569 1169
1009 1087
296 3937
2456 1414
3472 906
1529 3854
3621 3351
2785 1802
3573 3588
983 3695
2134 3769
1441 888
2369 625
2912 1907
3723 1625
393 2280
268 4291
3328 2106
910 3722
2883 758
3764 1904
2240 8
2308 3348
1652 2669
2019 1727
2002 3316
3275 1197
1068 2925
1051 1784
3264 1699
2315 1264
1986 2598
3643 3416
1426 1424
1143 4218
1594 3002
473 890
1495 3239
3371 759
1009 574
934 2974
4360 3845
4061 1865
877 3176
863 2117
2586 2233
4189 385
3919 4114
3929 482
90 4134
2662 1091
626 2725
3362 666
592 2478
1709 2694
3531 2751
2004 4084
1726 4183
1263 3153
184 1325
355 4074
4320 4298
2868 2143
835 2145
923 454
3404 4062
2336 3083
3422 3036
2740 1029
2369 2401
1406 4084
2374 1220
1984 1367
4073 2879
405 2746
3442 2671
1481 4300
712 2104
709 4126
2675 1638
2533 2568
732 1518
4376 1461
3075 1699
3892 3903
13 660
1603 582
2184 2642
4046 1577
572 4160
1892 71
1679 1299
2663 3903
3013 3977
4291 2243
403 309
2059 3819
2254 1960
4339 2182
501 2317
132 1083
3816 1531
2383 3422
2659 2845
2785 127
3883 3357
847 3756
467 2844
1823 1542
587 2799
1954 2177
1846 1172
1490 4116
3543 3682
1987 97
696 2062
4009 543
294 10
375 994
1164 1800
3087 2508
3514 1148
1691 2733
1377 2319
662 3286
1742 416
2791 1420
1137 3204
3771 3719
1433 2527
959 922
2287 1499
1799 4237
1435 197
3534 1270
2726 215
3770 134
2621 751
75 2687
4094 1007
2832 643
579 3566
885 2008
3320 1772
1485 3784
1146 4354
953 3157
1278 360
514 4218
1740 1856
3016 988
374 463
3191 1679
600 3980
3907 3237
1614 417
3329 2001
3484 719
4273 666
3342 4126
267 715
1949 2353
469 2503
1211 2520
4046 3610
1563 3055
2698 1114
1632 4372
955 3292
1840 4054
3832 2915
1108 4200
3804 1748
1375 3973
1438 3125
3832 3902
473 2051
1078 2303
4359 3491
3528 3967
575 2784
766 1174
4039 1235
2743 185
712 2625
2887 176
93 638
629 313
2327 447
367 630
3377 3261
2202 2721
1530 1269
3738 15
4148 3165
569 3778
1176 689
3208 1497
724 2987
1392 3507
2099 961
1075 304
1767 9
3764 3416
1477 1159
2896 2068
1500 519
375 410
2996 3477
3563 3543
3295 2153
964 2485
2223 449
2701 428
564 3879
2975 3205
4000 1074
4391 2889
3177 1320
3942 664
2873 1888
1222 549
1414 2933
612 1534
2201 2055
1711 3770
2637 2812
2187 2891
3990 2500
369 339
3772 1882
199 1587
1650 2582
3335 2623
1559 1391
239 2269
1609 894
2021 412
3328 398
4005 3217
1198 959
1720 3500
881 4265
226 1241
1763 2606
4297 483
4399 968
1997 2851
2959 18
3496 2390
4278 1059
4227 2812
3447 788
3282 365
1984 1283
1741 3894
1191 3216
2796 241
3904 2037
2175 3442
600 3810
4295 494
641 4278
564 823
2330 3434
4332 1122
441 3431
37 4233
2936 3720
3423 859
3690 4106
529 2769
120 3663
1406 1389
2221 1954
212 763
1386 2997
3761 4313
3654 3527
4098 2675
3894 4129
2873 4023
357 4319
4250 3815
1584 3068
1714 4204
1489 229
4373 1767
2693 3408
3362 3348
1260 3750
3669 1464
4397 1483
1994 585
3956 1487
2425 2012
201 1084
1954 2248
2445 3024
3061 3946
4243 517
3374 2819
3561 3179
844 2508
2994 2663
1357 3354
1602 3252
4344 3995
5 2120
2502 1888
2556 2866
3037 3253
917 3615
2331 1883
1894 3244
2171 2119
1621 3478
3383 2180
407 1645
891 2595
3363 3847
1137 2547
3266 3649
3375 2619
950 1455
4393 2035
1508 405
547 931
223 2030
3208 1283
3010 1801
2048 1874
2234 709
3953 3459
1646 1841
2645 2785
1148 3685
2292 323
177 3391
1342 4154
4244 3606
2375 3959
3119 683
2207 1481
3931 3117
1501 1637
3224 4123
263 2766
3302 3924
2513 1428
3107 4090
3312 2009
4064 805
57 1102
722 1364
314 2348
3443 3919
2693 1166
1426 4328
2709 252
2653 1311
126 1011
3994 2052
3414 2480
1373 696
1673 1691
392 1932
3933 2368
1141 1131
2196 3272
2985 692
2263 22
950 2319
3749 4222
2896 4240
632 400
521 3321
1600 2274
4140 3914
2990 3227
2050 3012
479 4172
484 1116
4131 3193
1869 2139
905 2597
3435 1057
3049 2332
899 2217
1693 2361
3886 728
2637 3464
2323 3375
38 1622
2258 801
2262 2372
2843 4158
966 4107
3193 333
948 681
2190 696
3484 105
411 4081
899 3569
1756 2243
592 325
3775 595
343 3369
3695 1605
2163 2659
3249 1275
1792 1455
1210 760
1538 1628
3643 2467
1637 2083
2826 4119
2786 1528
2398 3639
1066 761
3494 1903
3570 4132
1255 2949
3612 3158
2465 3327
1886 2285
3964 3742
160 2094
3652 311
343 2979
1470 1315
4218 4124
4070 1164
1421 3094
3783 3048
386 4378
3414 2418
952 3708
2251 1203
2205 563
2508 2208
2920 3352
2696 3773
2940 3832
3933 3503
3450 1268
2071 2079
3430 2136
2694 3979
403 4296
3482 3686
2910 2773
910 3360
3540 415
1886 1456
2369 1237
1510 2365
4086 2313
4168 1612
214 2351
2778 788
1293 3475
3706 4141
1101 1801
2030 151
503 4128
3196 1143
1635 288
1443 2044
1068 2387
3349 1920
3466 4384
4385 2954
1549 4242
1409 2384
450 1095
2093 41
3030 276
2745 1441
2309 22
1874 3862
2637 2307
1184 1199
2452 1199
3961 188
1890 2859
2227 408
4093 3463
51 2347
3871 3752
998 4188
2422 1269
986 1620
168 2683
4203 2941
3360 3057
3606 1578
4201 38
2699 2512
1910 2453
724 946
2780 2011
1068 4282
3709 1167
1710 3
3634 2384
2587 3476
3220 4317
1207 2167
1303 1245
4273 615
467 814
1277 1255
3312 219
4240 3328
2493 3575
4279 2451
1885 1494
1397 2172
2335 1691
647 1463
1161 684
2981 2732
80 450
951 3542
3719 2908
3729 2338
3137 3683
3469 3091
2180 1063
3492 2114
141 1001
2632 3954
2169 4082
993 1186
775 1120
4322 1995
1496 2113
2967 2889
3952 4248
670 4231
364 2509
3871 3283
511 1
2728 416
1099 2047
458 522
4057 717
2026 581
1125 3602
4212 3886
2089 3202
3827 371
1891 2788
4038 3278
1958 3860
511 3452
538 2261
173 2796
1905 2478
3012 3652
4152 5
4022 4381
2965 1610
3760 3886
2979 1082
2291 934
3352 4260
1294 931
2767 2759
2853 3087
870 1578
2400 1258
230 3414
2498 291
3370 302
1459 560
3247 3183
2701 1518
3479 898
3536 3458
2457 3598
146 589
728 154
2166 2990
3262 3968
2680 2689
1574 2301
2003 485
1139 2533
2847 4076
3504 3684
1770 1691
2324 4319
2722 3313
2929 4265
2812 1061
138 2066
564 3704
2655 3273
2337 4329
4102 1281
1940 23
3784 2498
1197 1729
4309 679
2842 4169
948 3509
3085 3384
1371 2491
1849 2315
3512 2404
1657 986
2874 89
1133 105
351 244
3410 2872
3930 3680
3292 3317
2752 332
2450 4049
3664 1118
2471 400
1325 1716
3088 1066
4233 1285
3831 111
495 2695
1259 2855
1261 665
1970 4310
3644 3584
1212 1599
3182 352
1877 2752
451 144
2918 3323
4072 3184
536 548
3501 1926
3623 3414
2608 3235
2351 2545
2939 293
1430 2590
3703 3429
2134 1715
364 3329
3877 3761
2342 4196
546 1850
2821 1457
1261 3681
2977 4303
2356 794
1128 3966
1254 3792
2966 2888
2646 2501
1168 4050
414 1988
1789 3761
1837 2242
1297 2282
3215 3059
1287 4130
1063 4329
90 3732
3259 3767
2624 609
3420 1604
2820 1729
4305 1564
1726 1015
1167 1568
3169 1011
3191 284
4017 690
1836 4393
2575 3216
3807 2889
899 2461
1961 4384
3941 3532
3204 2451
3224 872
2006 920
2195 178
860 333
1916 550
4127 2884
3939 3276
453 1452
1673 202
1030 4315
476 1318
1897 1191
2288 2712
891 404
1067 766
4300 519
2972 1850
3830 2602
2681 3142
2250 1208
2453 2712
4089 2968
10 288
1435 230
3960 350
1488 620
3674 208
2049 2321
1217 361
4242 744
287 2270
726 2793
3282 1610
1183 44
3868 2961
3745 3793
1883 2545
673 1597
2617 3204
3215 879
578 210
2877 225
589 2404
2043 4234
2442 3827
3617 2176
3415 3663
3416 587
382 587
3285 2068
3006 4262
467 4252
3812 4293
3964 2569
693 2875
1187 331
923 346
4017 893
3387 1875
2715 1463
207 874
3356 3792
948 869
1700 3985
2690 2243
2429 293
931 2937
933 2844
4242 1207
1997 1327
866 4362
4061 494
3304 426
1505 1428
1542 1588
3557 2252
1252 1922
1416 2381
461 4181
2352 3025
1027 2661
3098 707
832 463
2203 647
1083 237
2440 1619
1427 1764
2943 4075
651 631
1297 1851
2082 3464
3612 3293
2222 1759
2168 1866
228 4307
2222 2509
486 1973
608 595
2329 2700
3161 1039
2338 4010
1634 298
3101 1134
1534 1399
154 1731
355 4213
1701 3382
3462 3277
3743 3220
545 1867
3518 2562
3299 1290
1566 2678
4292 2648
1298 2451
3459 2121
1307 4322
1807 4023
2788 3051
2766 2342
2152 3043
2733 1878
16 848
965 2882
605 3271
2422 3813
2174 934
2179 3756
415 1118
1401 4326
1166 1960
2429 3608
619 2409
3138 1518
2107 3088
1395 1756
2137 2620
1843 4114
3434 202
766 3582
3899 3195
2012 2395
3737 3797
2002 4311
2061 3008
3940 130
3250 3537
2475 2834
3572 3171
831 3539
359 4128
2001 28
4209 1152
120 2494
1493 3065
262 4357
2317 3492
2550 3601
403 1792
1684 798
2524 496
4280 4254
3858 895
2417 3257
604 1892
2858 2283
3804 2576
4172 1356
964 756
1632 3405
1254 3680
95 493
1159 1494
1272 555
2224 3181
2157 2918
2433 818
2250 737
1537 3416
2370 4390
1504 3704
3209 237
2580 504
3278 423
2845 432
323 193
4340 1214
1656 3454
614 999
2334 163
1536 1504
1235 1806
4186 3517
2972 244
1872 3892
1137 1094
2395 2525
353 639
3231 2552
2311 2317
2013 187
2484 1273
777 1719
2764 2180
2134 4214
2685 3408
1212 739
2489 3513
1036 2277
1653 350
522 793
2617 3360
3417 4012
920 1894
3541 2370
3434 3513
4202 3766
2181 2867
2 3182
2347 1999
3931 4393
4380 621
1174 520
2587 1077
1724 3591
3870 821
2363 4215
1856 712
3886 2985
2385 341
3835 3112
3805 8319
2163 505
3922 3411
1815 3593
3458 1913
3829 2511
444 2226
4341 1551
4214 2366
742 4110
3338 1575
2992 4248
3731 2671
312 752
673 1173
1088 2242
2616 1655
1961 1908
3323 3825
1397 4172
1377 820
4349 3771
2402 818
2492 3703
928 1254
1575 3238
4388 2096
3721 886
4147 398
4078 1769
1469 1446
3948 2062
2147 4336
538 1819
386 2112
1118 2870
1168 4224
2838 1491
3058 653
3762 1400
3911 1032
1660 3692
2485 2061
2550 4317
270 3376
175 177
1262 243
705 3573
2116 36
1258 273
1307 3075
2212 3436
3060 3650
2211 700
913 4101
3387 2949
3088 3640
300 2211
4290 2000
3291 2899
1063 2185
238 1899
1800 3295
3315 1674
3601 2297
3725 1242
649 207
2717 34
3263 1436
3673 984
3715 2990
171 3636
2686 1258
2041 3983
1182 3565
412 4010
1714 158
3023 379
1871 1583
1398 962
829 2018
248 3691
2769 3271
1915 3676
4167 1923
3883 4189
2795 2845
2966 2679
2004 3795
39 501
1694 3273
4173 1095
4163 593
1943 38
3958 2486
4382 1042
3003 3970
2527 22
4246 512
1171 3837
2478 4140
1021 1614
4142 2486
976 2899
328 3045
90 312
342 1112
3409 1726
1759 1383
569 2671
2882 1785
2015 4347
2193 3375
356 3201
397 2461
1785 3674
3386 585
148 80
928 4204
797 2300
3869 3365
3591 2620
266 909
3614 3011
3032 3829
3897 2202
2518 859
4108 2068
2707 4316
3886 2976
2938 2995
3329 3319
1215 4303
451 565
3076 1827
960 3333
264 1911
3634 1173
2541 380
6 3897
788 2989
3468 2843
3735 4337
1915 784
3587 1965
2718 613
784 1509
3487 408
1647 723
3567 2211
2751 4368
3855 2020
2235 2240
3678 3224
211 1691
2159 325
3526 2853
2501 1303
1817 430
766 2242
343 501
4394 3238
1796 376
2087 1809
815 1143
2571 1678
3860 7
3532 3547
2828 1218
2095 3592
4162 1371
3547 891
3682 1279
1129 1809
3279 3047
747 415
3745 2202
3830 1398
3626 1392
2013 2133
3828 3697
235 4136
153 267
3613 2783
110 3459
809 4377
2476 530
1519 399
1980 593
3515 413
1423 2320
1140 347
1623 1647
3381 1818
4390 32
3461 73
3425 499
676 2007
2912 2529
4324 1203
1716 2917
2641 2672
2614 3444
1487 20
1224 3885
1152 975
3818 3004
1006 4057
1900 3672
811 3172
2603 3964
1442 3601
1034 531
2649 1134
2909 2460
1126 3453
4197 3693
3163 3664
323 404
1135 3248
2187 2297
2395 428
631 3615
1229 2463
3156 3273
2396 2170
4093 2713
4026 1681
1987 2740
2047 3250
997 1409
3527 3055
2338 1856
3194 3485
2088 855
499 1557
343 1944
2144 3063
1032 2974
37 1791
3572 1622
3021 4256
2322 1179
1551 1084
3296 505
2185 1589
1100 1811
4187 2910
528 928
866 3371
3897 560
3519 1560
562 3213
340 2357
1954 285
618 3214
2478 419
3170 3240
2620 3173
2326 439
3685 2552
3099 4029
3574 1351
3414 1502
3428 3651
2888 1151
2761 580
247 4316
927 3470
810 2056
1112 3583
976 1727
776 1556
3454 2280
3759 1531
2611 3510
3527 4276
986 190
4278 4192
940 1218
1008 76
655 540
4381 3975
3950 2087
3314 3790
2646 3366
3743 2056
2107 3640
3284 3629
2581 2643
833 1619
3130 4381
2760 176
2377 1498
2593 2515
4096 2112
2394 366
3419 1638
1129 3020
3706 2651
2208 112
4173 2642
4347 2494
159 2923
8 3154
2524 2333
3188 2398
1823 1856
3582 946
1885 1175
4298 308
2664 698
3989 1727
273 3010
4288 2487
637 3853
3531 1866
3235 1233
303 3506
3055 4013
695 4088
1574 2491
1308 2402
1414 1618
876 477
2825 3992
2519 486
2375 3253
1397 1169
4372 3778
183 3245
2509 416
4041 111
442 4134
1584 3915
609 3170
2566 33
2183 2480
2687 4307
579 1560
3590 3205
3153 3714
2617 205
4000 3109
1631 3482
3065 1149
4338 833
3340 1754
2860 99
1928 1125
1938 2922
2791 3694
3367 3826
3812 1008
783 2756
2890 3862
1521 542
538 3159
1943 4350
1416 4381
213 1069
3539 3796
3412 40
351 3677
3162 2218
3969 4242
792 3350
3958 4340
704 495
544 3536
688 2506
3135 2352
1503 4379
2039 3869
3507 1773
3619 1506
3405 46
151 781
2226 758
3210 1598
2294 4184
552 3474
3847 208
3170 1113
3011 2141
2176 2563
1623 1608
821 2153
3478 3586
2781 1448
4242 2797
4182 504
4250 2961
2983 1786
2559 3406
3761 801
804 3281
4225 1624
2851 2527
3263 641
3286 3662
2263 2061
632 4307
3730 2327
2793 790
1167 1258
119 3138
1283 2803
480 521
3034 1778
177 1717
3528 3338
4009 4296
3937 328
3631 1221
321 1712
3452 2775
4234 2722
4167 1935
1672 1996
2476 2875
1906 2249
2263 1122
687 4391
2883 588
673 3478
3450 1838
3971 3148
3767 2243
3595 374
2432 1926
2956 537
1865 157
684 3815
1623 3775
3052 1405
771 885
729 4392
1270 30
2461 2135
3143 781
707 4172
2990 3614
278 2717
3780 3398
3844 2711
3225 7
3828 1346
4370 1058
2465 3103
1005 3911
898 973
322 744
1144 1467
3208 3293
1139 2760
2544 704
529 3383
1874 1960
116 3583
2563 2003
831 2142
2368 4139
925 1997
313 1452
1006 1918
1357 700
782 4082
1421 520
4164 503
4192 3904
644 3262
979 3833
2689 667
1354 337
1011 3446
4392 2351
1552 1583
1335 1463
139 1694
3764 2957
2198 4200
3802 3282
3172 2302
2569 3258
2448 2735
1138 142
2835 3869
4035 3564
2422 3133
3386 12
2085 2936
2567 1230
2556 2015
610 2719
1297 3067
1270 1979
797 2786
1913 2412
3064 3958
2089 3664
2880 71
2084 1640
4374 2153
3891 2925
3605 1680
1189 2862
3184 3415
3236 196
3046 1841
2230 2246
2436 1447
3891 3000
3480 4271
3101 3438
1246 2877
4096 655
457 3252
536 549
575 3221
1434 4112
2401 2712
2256 1418
4294 344
2276 1957
1603 3049
311 1809
3993 453
1903 1610
1291 1219
2555 2429
2346 3977
340 3707
2606 3272
1891 3975
2068 2262
425 2329
1983 426
2670 3013
4108 3791
4393 1989
2726 3643
713 1555
3618 2186
1246 4355
376 1683
3223 1917
159 3148
4185 4072
3076 2137
1592 706
1767 1984
2693 1948
1922 1608
3812 354
102 1696
2345 2121
3651 2332
3727 2224
3284 2025
3076 729
70 2050
1541 593
515 2811
1521 2843
942 2971
2684 683
3053 3543
3907 3821
2878 2776
4198 2598
264 1871
4295 4019
783 1935
734 2718
1091 2344
2022 3919
806 3620
696 1150
2664 2330
3969 1526
1201 4288
2179 1685
4186 1870
821 3537
2344 174
856 3829
1222 3631
119 376
3326 4184
409 1550
675 3513
4391 296
3086 1870
1396 2391
611 1789
798 542
320 1198
3008 1541
450 2890
2689 2698
4243 1340
3309 2546
4116 4085
2253 1149
530 1116
2293 1255
1224 17
827 2874
1985 706
2271 385
169 2327
3803 2104
4127 1304
2376 1423
2697 831
1642 653
3732 2408
3770 2033
357 3317
1438 516
1313 493
3782 1802
4182 2644
1478 2648
1684 246
1819 2031
1100 3453
2892 1670
1299 883
1983 726
1170 2689
1476 3118
4062 725
146 1047
751 2882
876 66
2751 562
224 990
1472 3798
3004 1605
1274 3742
3245 3670
3489 2147
1429 3517
1807 3074
2760 1854
883 116
1315 2370
981 2488
1578 2552
132 4034
3901 3804
1439 1708
1974 5
892 906
1105 3175
2024 2124
56 617
3548 1005
2186 3938
3048 137
392 4157
2798 2875
428 2555
2158 2051
2966 3143
1834 2519
932 2164
1701 2737
3517 3971
2301 2550
2330 2481
4353 4102
2929 733
3105 3759
3264 3031
3329 4172
3507 484
1801 379
3969 414
1244 3516
969 825
1715 710
2341 1824
662 1732
952 2413
3014 1724
457 3607
1993 2223
988 262
1171 1100
297 1730
3502 2912
1596 761
1702 264
3224 4064
3652 791
4184 3425
2660 2802
1044 1346
2485 2089
2284 982
3836 3136
2916 1693
1893 44
2508 3607
1544 3433
1899 1237
2244 1223
3704 1200
3035 1878
4340 3395
1129 150
3623 3091
3057 337
2165 640
1814 3188
1037 1475
2115 1784
3566 311
4361 1055
1542 1588
3395 810
1545 3638
1782 4376
2794 252
3786 984
1289 1149
1839 3103
1241 3397
1630 1861
1469 3740
1086 2378
3358 872
1520 6
1723 3913
151 78
2494 4178
1975 2419
167 2248
2873 2276
2088 3298
3416 1299
2635 2880
1355 3605
3475 2280
607 339
2110 1164
3184 4206
4116 2536
949 3136
704 1255
2293 1805
887 2661
3721 4391
4009 974
1424 1377
227 1317
3433 3227
479 162
3232 3005
985 819
1192 1471
1022 2179
721 756
2979 695
2519 1351
3295 4309
3367 2206
87 384
190 219
1652 3854
767 3538
1170 3994
17 1780
1095 3941
1971 1257
3758 1368
1469 2653
3600 596
1124 49
4079 2954
3913 2050
254 3879
1504 663
2335 471
2664 2180
122 667
3275 1755
2247 3717
1731 2210
1625 2703
3799 1167
4311 1867
1025 1440
1880 3989
3134 1416
3467 821
1921 4116
640 4225
244 3019
2069 1743
2444 1283
3537 792
631 1521
503 760
1733 4312
2280 1666
3088 3843
344 305
1786 4269
3627 217
306 1421
1803 3451
3554 4192
3817 4279
1783 2942
3997 1132
3038 975
3340 3595
344 630
1254 1850
2298 2699
712 1428
3043 4279
2164 3917
922 1864
3739 3844
180 693
437 3937
1919 1531
4189 973
3663 1701
1195 2865
258 2858
4303 2935
2209 2513
4183 3965
1205 3535
2861 3928
3476 465
2160 1892
2583 2405
1342 1097
361 786
3067 3194
798 3657
2160 2808
829 3587
2018 995
3724 2217
2878 2176
470 3331
3343 2277
860 952
939 1329
613 4356
4064 2890
1139 3240
230 4382
1652 1738
193 1899
3969 797
2918 2490
2679 1660
2695 2677
2175 1264
2829 1418
3980 2290
4289 2983
3537 2473
3175 2165
2316 372
1751 338
1763 404
153 2374
2154 1937
2013 3367
1885 2957
356 1992
3200 3397
2814 2572
689 547
1345 760
3158 1569
2706 711
1225 312
116 2231
2301 1126
1370 4288
4251 2382
2554 933
878 3913
2129 2995
1159 3499
3965 550
381 2353
2602 3835
2004 1862
1580 3408
1833 3060
2918 4216
72 1991
901 1627
2923 3101
2637 3401
3391 730
2141 31
756 2888
2081 3586
3521 2492
948 2841
209 276
2064 471
510 4044
3652 3701
664 1183
16 3519
3234 2971
256 4325
3642 877
3587 1377
1587 3580
2327 808
2129 2017
3330 1081
3936 4356
2127 4355
3248 194
1780 436
1281 554
284 475
4024 1559
134 2623
3755 1911
3384 2584
