2317 2534
735 558
1743 1841
2678 427
478 1541
2630 1575
17 2803
1528 2981
2249 2657
2326 371
24 338
1897 2816
836 140
1396 1533
2278 768
2942 2817
295 915
1952 2255
769 2061
2203 2465
1795 1972
2340 958
2974 689
2335 1820
140 30
2638 2109
374 236
826 1613
1575 1602
2945 501
2077 193
2382 2466
351 2213
2675 2987
1917 196
2581 2353
507 2380
1873 2099
807 2545
1817 1807
1694 463
121 2405
578 585
455 1713
818 1619
2730 2531
1520 1352
2383 2804
3053 2933
1779 244
2776 3059
1114 2892
550 3088
2652 276
1371 297
2717 2321
1713 1603
2451 3074
97 72
592 1702
1194 1841
739 1352
3034 435
1448 1059
1021 1250
648 771
49 1238
988 116
2001 2305
2889 1414
2378 2235
2196 934
2791 346
2852 2313
1773 133
2901 1923
2179 491
209 768
1589 980
226 1823
171 425
3 2767
945 870
1856 2199
2094 1145
20 829
57 1969
1642 243
1730 2005
2513 2806
2030 2267
1705 3008
425 954
623 286
1181 2612
49 140
440 2365
2766 1178
372 2057
2245 2795
322 2444
322 652
2184 1444
1671 94
1973 1819
1189 1941
819 2776
1589 606
2925 3001
1282 171
1755 983
77 3035
1002 2002
2903 2365
1413 24
2825 1478
269 3093
1298 1912
2886 2548
282 1485
2619 1557
2244 197
721 1886
2373 2131
1501 721
1240 2367
450 1173
873 166
1122 717
1770 2751
2552 286
1134 427
1412 2884
2948 24
16 1345
345 886
18 2554
214 2051
2311 2167
1697 2353
2598 1397
1347 1009
611 1118
1382 2103
808 2913
249 2909
2382 2693
2333 711
2105 1714
2273 2493
313 119
358 2443
1081 3010
1520 3054
3022 401
960 1759
2729 381
2874 1690
850 1834
2448 593
2076 2915
2850 3015
2227 2472
1990 1504
1557 1894
1044 2583
2866 562
1686 2223
1627 2502
1905 319
461 1081
1195 1417
1836 666
2986 2466
1170 69
2627 1880
2995 1234
2732 1741
2222 2774
2432 2336
2861 1980
1961 994
2470 1377
1396 1294
2250 1561
3057 582
2381 2491
1018 2367
2452 2951
1137 572
664 610
1595 2500
583 1086
1448 378
1623 717
1029 1733
2719 801
584 2053
2398 1662
462 1545
2825 2328
2677 78
3021 1307
1289 1929
382 1221
602 2237
2855 1611
3099 866
717 68
1365 2094
931 247
1903 61
1609 308
746 65
342 564
2546 1374
2324 2110
2908 2244
2026 2009
1331 2076
2472 1347
822 297
159 1670
652 213
3070 1215
1747 1863
822 782
351 919
2793 1026
938 2229
484 1666
1529 643
2019 2463
2682 2080
1195 1185
2914 158
1760 1913
730 2291
317 641
2070 556
1188 3008
2726 1523
2067 1320
1213 1063
885 2522
84 2358
1851 201
1855 791
758 940
1119 2082
1573 1558
2912 2937
2620 116
147 792
661 434
2653 2661
1068 1226
1582 1183
1043 1862
588 702
1551 2733
2133 576
157 2829
1764 2586
2877 1456
2332 3085
2948 1962
2698 2540
3014 239
1508 244
370 1710
2416 131
1059 1913
1896 1194
1837 2868
1565 206
1761 149
783 1658
2422 411
2207 40
468 2012
508 3097
1751 479
179 299
2161 2643
1654 594
921 2505
1912 1119
607 746
727 2053
142 2958
432 705
1230 2057
1288 401
1111 2129
2397 1073
2551 1255
1271 2928
2774 2375
1777 878
2452 1583
2544 1179
1009 1043
637 2835
1454 2348
72 2588
297 912
1697 1330
2417 1754
2736 2537
392 2072
278 1830
2398 1769
794 2196
2270 2056
330 1577
2641 855
574 646
1423 2648
47 1936
298 976
273 334
1019 2221
716 456
1204 1963
2901 1733
3032 907
2438 2245
949 435
2068 93
1587 1819
843 589
819 1900
1020 1913
183 2884
2906 227
929 2033
2324 1324
771 2815
1048 742
438 2009
3001 1218
2692 2308
1800 124
600 2248
445 149
1376 1472
980 149
1017 2701
1838 1305
840 2639
633 2667
1106 3020
481 122
1938 253
699 1709
542 254
1796 2064
127 2638
2841 1554
1219 453
1021 914
2478 51
1681 1077
2809 1031
2593 2785
1690 1540
2545 404
180 2855
150 2375
2476 2798
571 1226
710 653
884 942
1982 1776
193 2691
1630 9
1193 3056
2048 1296
2477 2341
726 2289
2336 1791
194 621
1390 1910
1953 529
2349 68
2916 1635
1292 1086
957 2507
687 761
3080 2004
1784 1391
1445 949
2124 497
2507 2491
2185 1309
2716 855
916 200
1115 860
1368 705
2172 2691
2137 1577
906 1305
2940 1820
1143 1487
2188 1161
3066 1228
2098 579
1997 379
1602 1287
1170 460
1957 2293
1735 2074
2687 2479
2502 1678
1270 318
2268 759
2226 2137
107 2594
213 1675
2132 2802
1467 2773
1451 1177
1022 2549
2468 2926
2691 1422
950 2402
1085 1809
2522 1141
3007 1490
2163 400
2626 576
2479 2409
1153 813
1251 1303
3040 1381
1644 359
461 586
2100 1576
1881 987
331 1211
2552 911
910 2519
480 1894
2399 689
1928 286
2461 24
2026 1114
720 1744
1769 2216
2577 2852
1321 502
606 2938
2037 2476
1212 3083
2243 120
490 3033
156 1782
2519 561
1067 1019
2669 2821
1612 1926
2561 423
1319 2142
2731 1700
2882 1900
1089 665
1488 1852
1156 2728
1927 750
2572 1423
60 1752
2766 2833
1888 627
1016 565
1323 1996
2828 598
1065 2168
2554 889
764 2879
2880 918
1525 1835
1913 2674
724 2249
1573 2328
955 1853
571 2788
2992 667
1185 2857
1418 453
1722 916
245 301
2628 2758
486 2769
2121 2546
2971 2346
1035 1905
1289 153
1786 1890
1342 2607
2573 2439
614 1829
2898 257
362 665
3081 248
980 2457
2917 848
476 1786
2613 1100
779 992
1829 2685
2838 2089
2495 2269
402 2951
1310 1299
1014 2496
185 2848
2663 405
1573 2552
2347 1771
3028 1243
2761 2767
616 2382
1398 1384
939 1205
233 2698
2066 1312
2674 854
1294 987
1036 1937
2621 475
1124 475
387 2243
2206 1082
971 2212
2435 876
451 1309
1398 2154
3095 1622
1521 1381
1179 1864
2959 2407
1570 1434
2083 1427
1415 1247
2844 2099
2822 1152
2660 532
2676 2909
2452 2176
1560 148
1029 2859
1963 1511
1282 3003
387 2668
2359 1043
3011 2742
2917 334
1719 254
624 2402
1506 2420
9 2760
694 696
2677 671
1184 2013
140 1050
1377 626
1983 526
2322 232
2085 869
264 136
948 5
2736 53
1176 2844
1297 2785
2978 1946
1240 2118
1719 2805
1261 2152
776 1049
1447 2228
958 373
2702 2716
851 2384
2778 2636
2731 385
1589 1613
2294 915
534 68
970 2249
3053 508
845 1047
1055 829
2570 1805
586 2013
1169 2397
921 581
1586 2816
382 1431
994 290
2934 2108
2425 843
1111 1457
2011 2985
3097 1140
794 1857
1478 2677
2909 58
632 3018
1023 349
425 1801
1068 2294
2471 2012
2613 808
1266 1827
640 378
2041 355
2914 1199
1781 2770
200 2207
1954 2704
2537 659
105 293
3062 1077
1379 2373
9 537
947 377
2340 442
2291 1526
478 837
1365 1544
708 174
1665 434
1330 2488
1704 798
17 1082
2963 2497
1168 1791
2489 1540
2007 370
228 828
732 1413
779 1916
299 784
286 2674
1157 1623
328 2758
3028 805
1441 1123
1813 2814
1107 275
218 3084
561 2210
1696 2167
2047 994
230 184
899 1054
2313 2924
2970 2452
3063 2813
1376 2645
2411 1917
770 1925
2518 938
136 1649
2380 1155
1458 394
358 319
1017 2243
1337 673
103 371
2933 1247
2080 2044
3039 667
208 1444
1096 2179
1230 2994
870 32
128 2681
935 691
160 2434
462 1981
1903 2211
906 2706
841 1965
2897 2217
1088 522
1492 107
1912 2112
1150 2609
164 2207
1420 2355
2890 1710
1793 467
2633 1442
3010 1872
1980 2750
2699 2849
1124 2322
678 1397
1870 359
1838 1976
2079 2513
1037 2524
1197 2937
386 339
2310 2223
1697 2330
1670 1732
1005 1971
286 255
1049 647
2988 657
1588 466
1845 791
422 1685
3033 2070
2387 1578
1607 1531
790 131
1276 476
564 657
2348 1306
49 611
1708 2516
2624 1720
406 2650
3090 2234
668 2292
4 1313
1163 494
2674 432
2048 1305
24 1451
872 455
1832 1450
402 1396
167 2334
2739 1710
2586 66
2902 2134
1545 1030
2754 2745
2974 331
1315 2335
1363 34
1945 3055
325 2000
609 1084
1382 362
2476 538
1835 447
2545 1022
575 2107
489 2225
1684 2167
2118 3012
1872 944
1641 1645
5 1108
955 729
2265 968
2924 2454
544 447
2054 768
1212 1016
2656 1445
2767 1369
2955 861
2489 1916
2614 1876
305 1075
706 1235
65 2566
2544 599
982 1692
2975 2042
375 1860
612 2130
431 2279
3061 2712
922 33
1590 270
1251 828
2582 1206
1056 2692
197 2819
75 1280
548 2425
3029 2586
655 2009
2583 2915
1535 203
1628 2330
796 753
3006 851
2681 1597
1616 2752
2102 1802
1421 2428
1532 2483
2148 1612
2139 3066
1267 768
1322 1357
511 570
3053 2380
502 258
1807 959
496 1426
1672 541
2592 844
2349 2070
563 610
1744 1965
2119 1970
1503 3047
913 2856
863 2921
2517 61
1687 2760
1452 571
195 1584
1644 1847
951 2642
2700 2223
2997 2799
2230 1592
495 1627
1526 187
1022 2211
1170 2156
2925 2947
2516 2767
2642 1351
2253 2529
1734 2653
1890 1692
1780 3065
1128 2904
2487 1205
2543 1465
2319 1203
1480 312
866 589
1509 490
2895 140
2289 2088
2776 2929
776 866
288 870
3078 2268
73 565
159 2562
404 250
652 2851
2036 283
1645 2806
2009 1490
1974 909
1781 1395
665 44
729 1711
586 2637
2546 1105
2097 1925
2212 77
1089 552
2463 191
2814 2189
1360 1565
2846 518
1248 2793
954 1631
3096 1866
684 1266
606 1614
1124 928
764 2658
1759 1279
2485 514
1208 1547
698 1191
1010 2562
1452 687
1180 2040
3084 128
603 2940
1244 1746
1991 2683
595 1815
3097 2619
1504 1181
3089 2211
2101 2611
1289 650
2899 860
1080 953
1915 3089
1869 2375
1383 1150
1628 580
463 3041
359 1186
492 1974
2131 124
1019 1463
2466 1676
2267 2468
245 2789
776 888
1363 302
2967 1020
2321 63
3050 2960
2013 3086
1290 1871
1838 2481
2730 922
814 854
1312 2878
1114 1695
2907 1709
663 2489
2255 556
2226 870
24 1407
1471 192
2617 2389
2423 1296
412 294
912 2338
236 294
2026 2518
808 249
743 3046
948 1730
2700 872
1696 2893
1196 1003
531 1596
2867 705
1233 41
1763 762
880 1303
1963 2081
2613 32
1356 1637
1953 1296
572 1916
2058 96
1271 3084
1729 2508
1754 2350
69 2350
1484 701
2769 1489
248 1631
972 2966
620 426
1394 1895
2940 842
148 382
2306 2987
1573 2401
645 315
2076 680
2250 1486
2693 1838
2511 742
19 794
921 650
2848 1894
1729 443
925 1590
2166 2811
930 416
562 278
954 1660
2713 2074
548 2788
1393 1586
1080 1753
2400 2679
2005 108
1684 2300
1721 1327
657 1588
2232 2884
2327 3042
1979 2177
2373 1977
2564 1403
1493 378
1934 1798
2847 1060
1842 1685
18 2582
1757 687
1636 1279
1538 1037
2691 2895
1556 1842
632 726
2989 218
2777 696
2091 2803
2552 2256
1860 215
226 2889
501 2631
2426 359
923 2836
182 1818
1197 2281
188 627
1478 1277
46 2884
1980 755
2008 2497
1219 1496
2048 248
2048 1260
2656 1277
1450 349
2620 2649
2978 1637
1295 621
707 1270
1336 2496
388 1245
2886 2157
379 2673
952 1918
2220 2210
2460 2631
850 2259
2578 2171
395 2880
153 1746
1898 1388
2419 720
2938 758
6 249
2538 2935
2520 414
499 258
483 2291
1555 932
450 695
1596 2627
3079 2626
882 950
377 1673
1683 2678
2923 757
2360 1080
1892 1234
1680 1848
946 1071
1468 2942
1823 2260
322 1647
1814 2616
1404 1279
2135 308
385 2682
1054 640
896 2613
244 2806
2313 1352
2113 597
280 2042
2938 2032
2909 261
2017 311
1085 719
1715 2999
992 1714
585 1624
340 2156
2831 2236
2843 2511
40 2319
2814 393
352 657
2044 2788
369 182
1878 589
969 170
892 2602
317 946
2638 2778
2031 2987
1741 901
1078 2015
3021 710
30 2877
281 1698
2219 1018
873 1733
1840 1678
1681 1203
2289 800
2666 3006
962 528
778 107
1667 2275
141 1332
2852 2732
711 2225
470 2317
1 1523
373 1068
755 2306
1489 593
9 218
1332 359
2343 222
86 724
2672 1131
187 921
1338 2325
2939 2509
1599 589
140 237
299 1746
1945 1310
1394 635
355 212
443 33
1807 2337
2686 2575
220 1506
1319 2095
2183 3080
1988 1239
1254 3066
1565 2685
2144 290
2456 1292
794 2083
3075 1397
2070 51
483 2766
2344 1739
2790 985
2505 2588
453 2205
853 923
3069 855
106 306
2018 2928
131 1210
751 278
1759 2129
1657 721
222 885
2867 567
1727 2139
2787 1305
1548 1254
1059 15
391 3044
1084 675
2110 184
844 410
177 2577
2494 1362
2484 714
775 1063
1552 603
2984 873
2212 817
2782 2523
650 2510
2636 2080
1040 0
2435 1064
2512 628
1556 1761
1311 607
364 1475
1589 1861
2425 2521
447 2726
713 776
1423 2094
1162 2867
1365 2028
1341 2896
1024 1152
2377 1421
1111 2335
2917 2098
2721 468
758 1472
828 1388
714 2048
34 374
2673 1842
1555 1537
906 88
720 1427
1896 403
1516 145
387 2306
2824 309
1906 819
905 2728
2050 422
2062 1240
1372 2543
2486 1569
1682 2916
3027 1504
1235 841
1449 1620
1618 349
2642 959
1700 2846
1870 570
821 3000
1240 1641
2878 1767
1343 2178
273 2936
323 1512
908 7
2288 1112
483 2850
158 207
2660 297
1608 1839
1520 2681
1446 249
736 1331
2793 88
515 2884
418 493
899 2059
1832 746
3004 1904
2180 101
904 475
2054 2725
425 4
1217 1856
1338 2638
852 1446
1345 1117
1752 1241
1282 3091
743 110
1636 2404
2499 1703
2632 2163
152 1912
307 2229
3088 3033
2018 319
2841 1333
1706 2524
1021 370
2858 1348
765 2260
2156 2838
2052 1683
3012 1381
2024 1497
1612 582
687 1529
1937 1689
2679 1231
2631 845
1004 2826
2948 388
1592 2356
3035 2971
3037 1241
629 884
1491 1577
2533 1090
1961 844
456 2110
1870 3013
1752 1904
1133 2622
694 2968
1858 1496
688 2991
1192 515
1740 1429
1851 1622
19 1425
647 2845
2905 258
1159 2851
730 2066
689 1938
3068 1849
803 2393
555 3007
1423 2034
995 437
1984 2667
1949 1070
1524 940
1976 2063
1798 398
2607 1471
1597 946
1696 817
2004 1820
940 418
2526 2771
678 1786
1086 1711
2579 1515
2075 1270
560 3058
2937 815
638 2855
1811 357
646 101
330 1597
534 2227
3064 2140
1368 1217
1859 600
690 314
273 1909
1208 794
2919 16
2801 1328
1442 540
985 1135
2502 1257
2640 1339
2986 1938
2601 2503
2386 967
745 1565
1436 1536
1423 1371
1358 2317
1042 2905
2829 1378
153 1964
615 2739
2987 2814
2919 566
2774 363
1802 2221
287 468
2357 2840
1240 1650
1966 2743
1471 1519
1417 1537
1991 782
1719 2969
3072 1969
420 1966
2892 2244
149 1638
337 1848
2508 95
2627 182
2701 1118
2342 1959
2460 1134
1237 2597
2479 2278
2966 2176
2946 838
534 1650
1906 2868
1205 1700
2880 2411
2471 691
381 2681
2154 2656
1143 1851
1428 1157
955 249
2350 2432
2535 1983
2335 2089
440 1599
1446 1751
2940 3053
3015 108
533 2856
2280 1668
1242 510
2889 2277
3072 2782
2399 305
309 862
41 2219
2329 14
2010 2611
721 1449
390 1061
417 1191
2268 1982
699 1634
477 2983
2594 1819
22 427
166 2140
26 1064
3060 831
751 2798
890 1864
603 1972
1414 800
102 2708
2291 480
138 1949
1294 2950
2728 2859
1695 1971
1398 756
1852 357
3083 1671
571 256
882 238
3035 168
2047 2120
1798 485
2760 2373
22 1624
1176 2842
1681 1734
694 186
496 708
365 1804
3047 313
1649 970
1051 1712
2158 842
1526 1061
281 1147
217 1895
658 1484
1672 702
2477 3073
625 1470
3010 3043
1447 1388
148 911
1750 644
2883 779
468 1625
2762 346
2816 1398
807 1905
2876 2549
2258 302
840 906
2869 1824
637 2274
1230 2069
2056 2305
2132 1970
812 31
1723 753
2336 2251
2627 2233
2523 1850
1188 2954
2158 1839
3007 356
330 612
907 1895
2238 785
1091 49
865 2864
1160 688
2474 1458
695 646
774 1286
2831 1247
1367 1104
1277 1802
2193 2696
1833 2893
105 320
358 595
1951 2272
699 19
1834 2358
2909 2335
1880 2082
2365 379
1384 173
1230 484
1043 521
2304 554
2389 568
2144 2774
1553 1175
2692 2608
562 1821
2767 257
1881 395
2578 1201
1637 911
1330 1678
97 1492
2767 513
2772 473
1054 1337
600 1640
1974 1425
485 3015
2037 1465
709 1479
1717 3034
2436 1190
1643 940
1382 1899
524 1146
2277 1364
919 498
486 2672
2212 614
692 603
178 2087
156 211
1353 1676
1052 844
1487 1663
2655 1333
1580 2524
683 1490
1417 163
2616 2122
1733 2841
3068 1978
916 1482
521 1083
677 2607
1227 1470
2615 107
921 878
2441 2680
1448 2428
3031 2031
1161 2011
1621 596
335 2570
2066 481
1188 171
418 1270
1902 985
1904 1248
711 1726
1879 1763
2986 1483
2461 2721
2509 2106
2318 1804
988 1339
3052 1179
2011 975
980 1225
141 2337
2521 8
3025 2718
1241 1190
57 1821
2571 1838
811 2760
736 534
1580 2278
2507 1329
917 1698
17 488
3032 1205
2847 1593
2539 804
2589 2288
1476 1137
527 1790
2812 2915
1299 1564
655 2089
2638 1126
2019 1973
1934 2893
2509 2839
1026 2930
313 874
1584 533
760 2169
2787 187
343 1082
2272 2224
2592 175
931 728
2438 223
1144 553
1831 1662
1909 1330
885 2209
1683 388
2837 1409
1949 2554
1140 1054
1064 1518
589 1851
2253 2451
1556 1045
1513 2142
365 2226
2986 1806
1060 509
316 1484
938 823
399 2359
2886 284
697 1869
2201 1353
416 964
2927 2242
137 940
1434 2309
1320 582
2714 2949
2344 1173
132 1060
12 2184
2669 2480
2099 901
830 2878
1729 926
754 771
843 135
2372 62
852 1243
2118 486
407 1678
1151 493
1961 1068
1953 2511
3037 1941
200 1998
1691 2614
2396 2474
2898 405
2269 937
1206 1553
2240 924
128 779
2658 1129
2385 2113
1509 1331
2411 1421
289 2259
760 2793
2468 433
1768 2087
1661 1523
1418 1596
2720 2126
1187 1676
1619 888
2859 2137
1225 313
1262 1531
2851 1710
130 236
1256 1343
3067 1988
851 1277
2840 2737
1900 1345
90 1934
2348 888
2471 1858
2402 2405
2323 2536
2502 812
1675 1750
194 2461
1932 582
848 1933
264 441
434 28
960 1439
2541 2129
2341 964
2877 550
977 1371
700 2477
650 908
2510 581
2739 1999
1760 2481
2871 2815
2844 780
1930 2949
1856 733
2522 2108
2869 1681
7 107
2100 1179
772 158
2343 2640
2422 2577
161 194
2937 221
1067 2347
2045 2085
1760 1778
2382 1150
2442 858
2123 1251
2847 2667
2633 1493
2623 962
2238 591
1578 1169
213 1178
938 1244
1213 3072
735 2870
609 1155
591 2828
1667 357
2158 193
2393 602
2243 355
845 1849
774 1570
429 2272
2656 816
1247 2084
1221 177
239 1526
2509 648
507 1585
1535 2266
1092 288
920 1447
2483 2703
579 2255
151 938
2594 2100
1611 1650
3044 1159
2976 949
634 2925
892 2221
1061 923
1695 1116
741 1830
2786 2823
672 1105
2910 2381
1011 2076
1459 1036
1414 2003
2857 3083
1628 1232
709 2138
2805 1130
513 852
1863 2339
347 2450
2728 1577
2892 2942
1194 576
2408 1795
2158 2916
414 1595
2576 1703
1673 411
719 1939
2331 2274
933 455
735 2858
2989 2594
1330 1160
2320 1240
418 1220
2436 2800
2602 2106
2616 1328
843 1132
442 187
2925 196
2862 361
2795 2428
2979 2532
1492 329
900 445
2721 178
2121 2820
2263 959
1077 98
1179 150
1720 2567
1679 913
1434 1929
1800 934
1787 773
2046 2561
2902 1844
1743 1132
289 2289
1616 1861
115 2642
1627 660
2976 2940
2749 2235
194 1704
2988 17
2101 3000
172 43
1853 520
1200 690
1925 1859
2882 2322
748 1538
811 2338
241 2523
276 1810
912 874
1833 302
1606 2085
2916 1998
3014 839
2091 2412
2117 2880
2328 1052
1522 791
1365 675
1268 2225
2544 662
1004 2061
2226 491
615 2270
596 2252
2428 2801
2723 2348
324 2444
847 1938
151 277
2063 387
754 2347
2513 1736
1626 1524
2637 1038
2301 2422
509 2207
326 2851
2695 870
1312 661
23 771
870 1996
2333 1908
1989 1461
2891 3060
2195 2015
1063 347
364 1400
1999 547
700 1921
1539 2466
191 1851
2596 1644
2501 1895
2464 268
1455 2021
3097 135
1140 1542
1095 2797
2517 2487
1031 308
222 206
257 1039
2581 248
2307 1293
1502 2520
1462 107
2082 2400
2218 864
142 2458
2116 1612
1628 570
60 771
2456 2663
1777 500
1892 2227
2495 1462
1094 2949
2484 2800
419 1810
1552 981
1557 2468
1124 58
1243 680
699 1173
2677 3006
2206 1618
1691 731
621 1981
2643 1639
443 2183
2879 2665
2905 530
1725 936
932 2737
773 1511
631 1585
977 401
572 151
2645 1276
2590 1209
894 1373
1052 987
517 2769
2522 2723
169 2234
1285 1650
561 2996
1078 2256
3060 215
1685 2618
1588 3031
2772 2127
1246 2156
1573 2328
2572 2204
2843 1109
313 885
773 3014
1713 168
2795 791
1389 2312
3048 2680
1930 2649
2945 2176
2375 1806
2170 2756
1650 1862
394 1016
2468 23
2693 2059
836 1103
2507 810
2849 2664
2853 2920
2723 243
1771 2679
2909 174
906 1369
2034 2796
1011 2345
2474 1982
49 1286
2189 1739
2945 457
2094 2300
319 864
1178 714
1774 1598
2335 1993
1884 2679
1096 587
1139 72
787 3035
2344 1510
2686 1460
2779 1105
1321 290
797 2197
744 99
2222 512
2413 1274
819 30
2977 2092
75 1810
627 917
2870 3066
2895 2364
59 370
1600 311
638 1150
185 2618
2775 26
2547 565
2862 3012
756 321
2581 1394
861 2684
1336 1061
801 983
1150 1918
481 1050
2503 2759
2888 2133
602 2017
2724 3094
1641 2065
2096 293
375 286
1529 865
3048 1408
804 2130
977 607
1549 2209
428 1594
2058 53
2637 2709
1300 218
2415 350
643 2699
72 2285
1150 108
919 652
1577 339
552 2879
2411 2349
399 140
2888 1178
955 2355
2367 550
146 2252
1833 1478
921 1681
2877 2351
1790 2479
85 774
842 398
1588 2329
2626 1731
1698 2818
2501 2358
400 2878
1543 2064
248 0
1262 2265
2241 1592
1646 667
1845 775
1112 1949
488 1435
1360 763
2497 1801
1919 2280
1444 2150
516 2420
178 486
95 2015
1382 314
2948 257
721 1254
699 931
528 2884
548 2808
1927 2668
1974 1824
325 133
2261 2294
1588 2185
836 2870
1718 557
307 2030
310 536
386 1882
1427 1191
1430 2678
1846 1913
1565 2948
68 1009
2780 1651
2517 2773
1586 2172
544 2629
2765 2139
840 1889
2953 2174
1428 2444
197 558
2241 884
953 2919
2684 827
174 287
1455 1808
2381 2591
204 2854
2862 1002
1489 2665
2773 627
3056 2903
224 1166
1043 3043
2001 38
3097 2598
388 574
2495 1898
1912 1790
2673 864
1706 2753
1252 1821
1550 1437
1834 121
222 752
3042 2393
2827 1438
1122 2908
2406 964
1744 1769
2033 1747
1836 2819
598 2853
1040 457
2844 2710
137 1349
427 1171
594 1924
761 1103
312 210
2920 2242
169 2400
2986 821
786 1490
1416 1736
783 2999
1364 298
2214 11
897 1184
869 2186
2049 1341
2317 290
513 314
752 2279
1613 251
686 863
40 1922
1240 499
997 2552
732 2811
1680 986
2717 1834
1314 1705
994 307
2763 938
733 2284
1426 2302
1394 2804
1208 1637
263 1060
2151 2758
2302 490
1038 2187
2265 246
2310 1599
2659 1706
1055 1491
293 1390
1857 921
710 3057
2226 2764
2204 256
1508 1312
1613 2741
2289 1237
3029 1612
1955 140
2403 1781
1467 90
1332 2245
1193 1258
1893 3047
2305 1402
2131 2119
1298 1946
620 2723
837 1741
1418 730
1890 296
317 2755
2822 1449
1956 2874
2044 1509
2492 358
97 2430
2947 319
855 433
2364 1554
1559 1944
520 936
423 8
2949 760
1243 2197
460 2558
2169 1223
2096 585
2552 1249
2183 2235
1054 1365
2470 2032
1321 2328
576 2077
2644 1796
256 1692
2707 2332
2739 1014
1536 1458
2653 1416
178 2709
273 1135
2244 2019
2240 499
2668 2402
1139 202
450 2279
2673 127
1915 779
2934 1810
1103 2714
555 175
2919 938
564 2484
1385 2918
2928 1031
2245 744
2861 1585
2904 2393
1319 2249
2108 2599
171 1005
3076 273
2104 1015
56 871
2054 147
860 2909
2083 2309
1933 1339
2359 651
1908 1767
629 2374
1892 1647
1329 714
2844 2093
1405 1671
2502 2413
2775 1670
95 1222
2412 1573
1266 1761
1939 2284
69 2955
1001 1985
846 2794
2073 323
2412 1092
1698 1115
1907 765
796 1576
2169 106
2488 3013
2272 2171
3051 613
816 3057
2910 1343
2166 292
2217 1684
1819 2137
1045 1767
215 872
693 395
1255 539
293 2100
1150 862
1246 3020
2103 1634
166 560
764 1465
2331 24
1190 751
1335 2883
989 1733
3080 1428
1580 2592
2975 2783
875 292
699 757
725 98
1330 892
2200 1791
127 2193
1165 92
1980 2815
1496 872
200 2953
625 1601
114 144
2613 3003
596 1376
2384 398
1875 1541
925 771
1328 2250
727 266
531 95
2747 479
1112 3020
1839 1211
1842 2346
2966 2095
1509 1988
651 2233
2910 1650
660 2510
42 171
2162 1564
580 178
915 1396
874 893
1849 1635
1666 2245
1574 2427
316 2493
2302 2353
944 645
1916 1191
1883 998
297 2764
66 361
600 1303
1945 1370
2411 46
1291 709
1695 2579
1915 172
346 2953
2725 2602
3017 1450
2427 535
1910 516
3097 180
1592 1803
1561 611
242 338
147 1138
2435 602
118 2357
350 1643
2960 2417
351 2905
3031 935
2914 612
2665 1635
1752 2592
3002 2187
2982 74
1087 2031
801 943
1939 47
2556 107
2977 3027
1523 1109
1003 835
2748 241
2434 908
2602 2965
416 8
1270 112
953 22
2199 1054
500 2893
1546 1593
2272 2603
962 760
389 3097
1723 503
11 2950
1850 1862
1094 1545
2145 1143
2655 2581
1115 711
1964 1657
2610 2161
2124 1893
823 248
453 2480
1340 2782
2969 127
2385 213
2983 1266
1160 1041
1959 2038
2878 1685
167 1531
1868 20
1853 2577
412 1272
2795 535
393 526
673 2683
1826 2140
937 2133
2205 1285
33 298
149 1503
1398 2185
462 1967
2947 2035
889 405
1760 1260
293 1370
2093 894
2304 1620
931 1217
2004 2245
2149 2776
121 1912
1781 108
2451 1182
1705 2698
3038 1329
1765 2312
1734 1739
836 2361
2326 574
1591 1549
2141 2103
919 582
2999 2213
1390 3016
2878 2728
592 1672
1620 2228
2776 2492
1570 748
430 2839
2479 2163
1265 744
1316 755
465 856
804 1529
631 654
1527 2248
350 643
2333 1633
2619 2848
2008 2713
649 1328
1499 819
1654 2297
529 678
2951 3010
1214 2048
2608 2639
805 2856
2273 2337
2425 1969
2850 2236
382 2088
23 805
640 2238
1568 173
3082 1022
486 2059
1893 1603
790 1689
860 277
263 2522
1337 1968
1834 863
2578 95
442 764
1654 1223
1442 1668
611 1239
2509 1717
1845 1684
409 1242
2060 3041
64 1782
1907 284
1011 2297
2100 1173
1340 1043
1801 1989
835 269
2054 631
1297 2621
2193 2263
990 434
2300 2848
884 1868
2364 994
238 2387
2335 1741
1297 100
1500 2426
902 1515
480 1789
653 1585
2633 1330
161 1213
2292 1077
1992 1925
2504 793
543 2340
38 2672
2270 1198
2598 1545
2658 1267
312 57
1297 1996
1232 2966
1552 1387
567 114
884 250
1786 2228
1070 2419
3018 2122
700 139
523 1928
1386 1921
2983 3052
1491 2214
2734 924
2374 540
1939 1592
1800 340
2690 801
1950 2157
538 683
1640 1983
127 2649
2449 564
2664 2565
243 570
2147 282
756 3034
1741 451
495 61
1749 1863
2244 790
2345 1838
2623 2411
2356 748
0 2642
1537 2460
2821 496
500 1649
841 956
283 2900
2968 2607
424 269
1912 2283
2285 704
1350 102
970 276
1623 1061
3058 1220
1095 2950
2161 534
2819 2048
2755 2481
2167 542
638 1151
1187 2311
3011 2957
2375 2381
1398 859
934 1279
783 1647
2312 2205
2273 1864
713 168
1566 1725
1438 1468
2894 581
931 2652
2017 1815
1926 288
2568 1259
930 60
372 2402
2428 2892
1066 360
832 944
2214 1572
18 375
2223 1962
1826 1573
1329 2328
2582 3086
1994 3058
787 2977
2511 2293
738 186
706 2047
2535 213
70 1889
135 1801
59 421
728 3036
1252 355
3030 1855
2327 800
480 138
90 2931
2893 1039
1689 1305
1823 3097
2341 2795
208 2649
197 765
1021 56
1184 1593
2288 1759
1393 706
290 1848
1219 145
973 1630
2669 1883
1452 1461
2963 2049
5 1499
2699 3017
1892 2259
746 697
898 2953
651 1622
905 1774
1783 334
1319 570
384 1215
2271 2780
1684 1876
2979 1195
2637 2283
884 2324
1242 1631
2136 2111
2193 358
3030 2714
372 2171
1781 1064
2607 1609
1846 1492
2067 453
817 1619
1253 1531
114 3064
1266 466
608 443
304 1019
1528 1732
963 871
688 1546
1170 2782
1092 560
2565 1557
2393 2540
194 1015
1525 1816
2568 808
324 2246
983 2287
820 2528
2071 1514
85 488
2113 752
2339 2021
528 87
608 1969
2478 2327
639 2371
718 1528
1303 1153
794 2500
2154 751
981 1681
2617 229
1862 2726
53 368
2653 2584
2752 2533
1216 1425
1686 1187
515 1721
1787 1335
709 2626
1174 1121
1790 218
2377 2178
1669 867
172 2173
607 2003
2188 3023
2795 2589
1580 148
2909 2252
1262 2163
162 1727
1576 1258
1929 3035
2143 2180
2200 2142
2490 1412
1535 2769
1864 623
2058 481
339 1621
1754 1294
1353 2445
1577 1036
2521 1803
2479 1687
2424 2276
2454 862
2974 462
374 2312
103 1057
2642 760
1074 69
191 828
989 5
1246 2786
1496 797
2042 2066
1369 2725
912 830
1117 1047
943 2883
512 960
1628 1938
3019 610
2758 3005
2395 657
943 1960
2355 544
723 1095
2290 1731
1935 1873
687 2632
978 547
1406 1547
2528 2480
364 1347
1772 1482
1327 1978
372 166
884 272
2784 2500
2291 2473
1868 90
372 57
311 355
2585 1818
2688 1803
2883 2017
96 2562
1601 1801
882 594
1121 426
1635 1207
1694 1382
427 355
1604 942
618 2462
1402 1664
64 2585
1130 2420
2354 134
1720 1613
2145 1671
1633 2446
330 825
567 2258
1277 2020
1273 1685
2940 1018
2099 765
436 2000
2528 282
1042 808
714 2650
1363 3073
1033 549
1029 902
1753 1220
2343 1323
1512 2621
1989 1370
958 2099
261 2913
27 1136
439 1839
1796 1730
67 50
436 1338
1984 161
1346 2756
893 2824
2743 1099
33 1845
2378 2612
1209 773
3085 623
2961 920
1371 106
2783 1041
1015 312
2475 1666
3068 1433
624 709
1095 475
2834 1817
1234 1837
2391 1900
1575 2240
607 2885
3057 1696
719 513
883 96
2777 1879
2383 623
1734 66
715 999
2490 728
286 1171
412 1488
1825 2861
2290 912
546 2714
1576 1238
1219 2198
1010 3025
1672 481
3065 788
2795 941
822 1247
24 321
1562 1558
688 1977
722 1336
1716 2527
1318 1632
2351 3040
2333 1198
2018 274
488 281
2940 363
521 881
825 886
1008 1806
2408 332
60 653
2816 688
1943 1229
1001 2496
1799 241
2004 2346
1623 1533
1117 428
1839 908
1426 1793
336 2606
1413 1033
1271 1790
251 3095
2515 651
2767 829
2143 2319
2849 2252
2994 2021
2780 607
2911 2477
2980 947
137 690
126 429
1460 1437
822 1828
447 1493
2630 1533
2389 522
29 2277
2090 2638
503 1082
731 747
2761 1667
2538 1448
1417 122
3085 907
2739 919
2238 3096
1615 3035
1308 2616
502 1606
2637 2325
900 635
263 251
273 2075
10 1696
1505 814
179 2564
795 754
411 790
325 1136
1060 2064
985 2601
689 1623
2783 906
546 47
2614 2756
978 1303
2711 2635
2484 976
198 1670
74 760
116 1748
2604 2618
2690 647
26 1053
1819 283
873 2082
393 553
47 1775
18 1853
2131 1181
1467 2133
1839 2035
2438 2437
810 621
3032 1825
574 2248
2385 1230
606 977
248 633
1414 2219
3004 2393
771 1783
1757 2456
187 751
426 1134
3075 11
2139 290
371 784
1818 389
2027 1518
2702 1884
3026 458
2436 1318
1365 2793
2176 861
1995 2620
2996 2531
2412 857
1240 1497
605 727
440 783
2145 2447
3099 2625
1718 1239
3074 2447
2228 1771
1106 424
2771 2786
1836 342
708 231
1833 2446
3049 2654
586 309
62 2082
954 201
269 2136
759 1457
1283 2170
1863 2185
1772 207
2187 210
2716 1421
1067 1245
492 337
1741 1916
3001 365
2521 3076
445 2407
258 2948
1602 3053
2107 3075
2464 330
1804 2124
3031 969
3024 751
1302 618
2484 1556
2201 1510
2917 153
1693 335
1888 2325
2238 937
143 2532
2546 591
1281 1886
2684 3039
2283 3019
1900 1325
1354 104
2458 139
2708 1182
331 1646
1582 1947
673 1572
1624 122
1998 2619
205 1569
2876 2886
2823 2594
380 783
411 1135
2928 510
866 2594
572 740
543 1009
1939 1224
1204 2771
1976 2863
417 1913
277 2414
3040 756
2812 3071
2427 1020
2974 2680
701 2528
1359 2359
1419 473
2181 2635
2564 1091
1717 2524
795 1243
64 1676
433 2072
1847 1786
2455 2680
373 1124
341 742
402 3004
1391 942
1350 2883
1577 1256
1472 1951
3026 1587
565 1647
181 2075
1533 761
775 1990
3063 852
2621 2004
422 1571
791 1477
1821 2727
643 1576
1137 1985
1312 231
1366 1464
182 2234
2650 2294
1075 1060
390 593
1877 1229
1343 2370
1862 966
181 870
1081 396
1692 1702
2851 3020
368 2241
1458 2347
3003 928
451 114
371 337
958 1433
718 2645
887 1054
292 1533
532 2921
19 2540
2361 102
1926 2424
2138 2431
2014 706
867 1881
775 1223
1826 1162
