127 2066
856 952
432 1498
397 2457
1601 1926
1704 560
783 396
408 779
1266 643
668 100
2244 1780
1562 489
1036 571
996 1547
1736 1712
1695 990
948 1968
185 1611
636 692
782 214
2158 1312
1128 551
950 1942
1704 1779
227 1574
261 1557
1804 2411
356 1440
1531 2427
1541 2345
537 1051
1658 1993
459 298
1646 1971
2361 479
1046 1320
518 1712
2456 1669
1827 1614
2316 1083
2313 651
1312 282
2302 563
2031 787
1452 2278
1986 1327
1450 2189
2171 117
1236 971
968 1777
1242 1139
873 1436
2316 1324
578 148
2357 2143
283 2272
698 1674
29 1625
215 742
1902 1772
789 1580
250 1365
2375 2358
406 1105
2194 1493
2049 1391
1435 1378
1898 2101
645 1841
760 2421
1329 1241
1106 1476
1235 1759
592 2176
1474 2303
430 434
2255 1609
1760 963
622 2366
567 2302
935 2414
1399 1755
721 2094
2410 1600
2194 314
744 2461
210 865
361 535
76 2054
2225 2249
1751 1543
2439 503
1879 537
590 2412
646 1586
1489 1836
482 1523
861 1220
2303 1426
1608 304
1133 1489
701 998
216 1826
2491 232
1809 1390
65 1990
423 865
1476 591
1039 47
1872 1310
1040 2237
792 2374
890 323
331 2109
2274 459
1346 1174
231 1452
1000 258
512 1648
1045 900
1282 512
1187 606
2130 1929
1751 1907
416 1964
2188 72
610 531
2130 716
1604 2208
41 1940
993 2307
2094 2365
1676 1956
1355 487
437 2031
1159 790
1067 924
2058 2452
254 1823
613 675
786 236
507 1995
596 2393
465 811
33 752
944 639
2300 1648
1724 402
660 1261
416 931
2460 300
1469 59
316 869
208 1866
705 920
1529 346
2412 2319
126 869
1777 962
1061 515
667 1260
1422 2224
700 2098
685 1808
1582 1182
993 1784
2268 50
1102 1575
2036 2285
1576 991
319 2403
1773 1833
752 1732
948 2367
1389 1378
1096 1699
1367 2304
677 1402
1912 307
933 1452
1608 1889
192 1944
1678 1801
1302 2336
2425 1770
1267 2298
1711 1184
1025 547
549 757
1833 1441
1805 2221
1532 2088
1949 2324
68 1853
249 1229
1388 905
1101 1472
2200 1054
976 1090
578 369
2469 849
799 1401
2141 1787
1047 593
222 1392
1597 1567
376 2396
1825 569
2233 1299
519 1400
1322 503
129 2496
1004 640
2405 713
2401 1360
94 1076
2298 786
854 1723
1402 1361
97 2450
541 1125
1356 2301
710 2450
1781 791
99 2482
2066 1157
1907 846
1153 2305
1159 1777
732 1415
138 1055
1030 1161
350 1152
1458 0
2493 1937
1679 1662
600 206
1670 771
444 931
289 1881
1094 2237
485 1967
549 764
2255 1683
356 1566
815 1879
2001 2399
1573 1681
370 989
2133 1140
379 1187
1883 1223
589 813
164 742
1593 1863
280 1304
2312 1496
2009 2118
1468 387
2348 218
572 2448
2124 1821
2090 2081
956 140
2482 1623
218 1411
495 1484
711 2051
1934 1256
2109 1556
922 983
1084 43
852 1878
324 1334
2318 358
1384 1688
2071 675
1973 1508
736 384
547 2329
1398 731
1658 453
1613 1179
1731 1430
512 1249
5 1006
518 186
534 2015
813 1872
1256 1723
589 1494
1879 226
2201 903
1024 1714
567 464
1857 713
1898 1908
1523 1950
626 260
793 485
1499 2424
2272 1729
1498 2421
1902 1011
1840 1530
672 133
201 2302
876 918
1822 1644
2320 454
1000 1073
1735 591
626 1836
438 830
333 1340
1091 1167
727 1479
530 579
1565 2162
643 1872
1654 2224
1296 704
1205 2338
1419 2084
1038 289
1922 48
1222 2132
493 1532
1306 2341
2300 2033
2391 1369
1361 1469
591 1380
1399 2277
495 1131
1522 1894
821 862
1932 996
1781 2202
1430 835
393 755
1320 2064
50 2192
1402 563
533 668
2488 399
227 1929
220 2315
2261 700
128 1236
2385 1071
1278 648
1110 923
1333 609
2186 1463
863 0
1039 86
1856 746
1902 510
91 836
1173 793
486 236
1505 2004
1128 1324
880 115
1111 1914
414 699
2365 114
61 1604
701 1083
1327 2352
331 534
2051 790
2064 2030
2025 1748
1251 1313
792 239
826 2284
1910 680
1205 1292
1739 2309
1518 1749
1078 1602
925 2205
1714 1077
2322 918
1924 905
173 1526
2331 987
1618 1860
1881 1644
987 1304
1556 852
1756 1583
441 375
670 8
2076 1341
656 2403
734 1344
2474 1601
1388 1302
2435 1950
1130 1450
1322 1835
389 1028
901 424
2366 1117
2291 1241
487 602
1085 2125
955 1944
1136 2080
1945 2104
2317 762
1074 597
1825 441
2029 1419
1180 1792
2029 1984
1414 1010
1630 430
1642 1506
2068 2212
955 2361
1802 2466
1227 522
1439 1264
1206 2099
1871 1614
1437 1281
1836 1458
838 1569
2304 1135
437 662
799 1466
1416 1099
815 1277
2159 1202
1788 2355
554 851
1577 1835
2248 439
1421 2493
1006 2114
722 519
2253 579
30 1754
697 2487
452 1343
1847 1453
1523 2009
2429 2201
866 457
21 2492
2014 857
1517 1120
1908 387
455 1446
1170 921
2254 436
2119 2259
1919 154
1924 2425
789 1092
2059 1083
1908 1073
2386 1683
1113 1340
512 793
1689 936
1784 199
1431 2380
315 2208
1876 812
1117 731
1862 370
1603 2441
757 1865
397 2247
962 862
1811 1531
374 1579
1422 2298
287 485
2121 1010
638 283
589 1130
713 2258
1546 695
2107 2342
2131 2352
2431 2163
53 258
1146 803
269 2389
1406 649
2093 1742
108 2177
1630 1237
2216 1407
664 1224
1732 1087
1978 51
127 1150
2124 2248
1169 1794
1011 2227
1877 1232
348 1674
2358 1142
2433 198
1031 1209
897 2161
2406 689
351 1713
2396 2116
787 431
2187 1745
1773 2157
220 1177
743 862
2104 377
481 1632
2051 960
1096 2357
1617 101
16 2286
242 1020
1439 1848
672 2357
2284 1545
1638 1885
1889 1079
2023 2001
2042 2013
1058 1823
989 671
126 1912
1906 1895
883 1568
2192 1030
2040 1988
1795 1974
854 521
1835 155
1646 1970
1554 2241
215 1920
777 2063
1645 552
203 1638
958 2067
940 1749
706 2045
2 1569
878 1463
1898 1422
985 638
545 901
1548 1978
1481 1178
2156 705
328 1605
2187 149
781 2176
335 328
2431 1432
2091 1369
1770 685
2472 1626
883 209
2299 606
8 1521
366 1649
530 1887
1084 2243
1141 1916
515 996
1482 905
1049 2259
111 90
1067 787
743 1651
479 183
1140 103
328 1105
275 51
1264 1356
376 1835
198 1120
2099 2312
2177 1685
886 1042
2086 805
2005 1310
2046 2075
2172 2293
2168 375
1977 1923
1510 462
1746 2334
1898 44
1150 852
310 186
2432 1572
1813 951
1895 1857
1456 2143
266 2396
441 1111
1872 87
1286 2356
1192 264
2470 1133
245 1725
1546 1729
1940 1027
751 2109
507 2418
972 2080
1117 711
2019 1722
1735 1833
281 1474
2192 366
2356 1781
680 1073
92 1291
208 1548
1353 2402
449 2340
1785 161
778 1979
1518 1530
714 1455
1115 2277
1551 1885
568 2405
266 100
1975 970
279 1219
487 137
1176 1051
13 1579
2073 2361
1122 1252
704 1873
1552 1077
1820 1695
314 578
2028 1303
639 1190
2110 1670
665 696
2069 279
739 1866
2204 1856
1570 1941
1288 1957
436 949
126 1059
1979 65
1615 59
1262 127
1970 2074
1317 1004
2096 2136
1523 1586
1506 1686
892 383
2038 1265
1565 1207
695 2013
2174 831
349 883
434 2152
518 1586
1634 1644
548 925
1568 1859
1975 306
858 234
902 1564
2272 1445
1158 1940
2479 2370
2288 1322
684 520
1764 646
713 2262
370 1925
1531 1153
2109 1965
1762 1068
127 1938
1650 242
949 717
50 1227
2083 1091
1082 104
1240 1
1833 1258
2160 1126
2429 1553
1315 359
2429 766
1312 2108
1051 1556
126 1701
783 699
1507 451
903 2363
1398 69
2427 1767
499 2159
92 2495
2139 1597
302 1521
1096 2458
604 1840
880 807
2309 706
1402 2263
981 464
1235 2054
1201 692
872 1118
1000 243
2004 2098
2215 865
972 2122
1143 1749
2298 896
1170 1340
300 921
2084 1654
2343 1703
1585 2308
709 2395
2418 2265
74 20
1776 38
1183 118
1752 1766
1033 2278
1052 739
2473 1751
855 1379
2498 938
26 1435
1235 1811
338 1138
1052 1555
2178 775
1447 1386
525 684
2005 2354
1481 1767
719 212
309 1075
2298 2135
1160 1512
2387 506
2135 1228
1640 762
604 1550
1369 956
2246 1513
1898 931
2006 479
599 46
2039 1181
1174 190
250 1498
1340 1674
45 386
1623 234
1966 472
2312 1052
904 501
1874 2153
1174 1538
2155 1741
859 118
1491 386
1159 760
2166 791
1120 1415
1882 46
985 31
2191 534
620 2080
2332 1487
2151 2371
1308 1936
726 710
2001 783
1523 293
404 1769
722 2231
53 1898
1556 1514
1338 1683
452 1930
2233 1175
1713 2325
211 599
1175 245
1657 2386
2117 1777
2349 462
2044 2253
1285 824
2451 1052
216 2269
1351 568
566 1717
1397 265
995 892
2450 439
2027 1672
1986 922
353 898
1654 944
222 714
2289 858
1658 2374
1087 309
258 1052
2218 280
1468 2263
441 1910
2224 1731
1550 377
448 705
2403 382
32 1663
512 1901
1252 150
713 1402
1427 977
816 570
1424 585
1895 1108
56 1714
2384 1359
1632 1301
849 316
2492 490
499 2434
2421 2038
1386 918
1312 582
1484 818
1549 2391
2495 1558
1687 325
1561 2149
1157 918
235 1582
1498 1207
70 2491
1654 1338
666 1459
1382 2192
1104 1964
1371 1260
296 124
1970 462
252 109
2071 1593
2161 689
1852 866
1708 1727
129 341
848 676
890 199
346 1890
1448 495
2350 1247
66 2439
2478 1147
1601 1842
417 1303
100 1759
2218 1598
962 2437
79 582
620 254
2485 864
938 1271
1653 246
1506 230
50 1582
2014 1911
2034 971
2124 1945
560 847
851 216
104 2300
1312 104
2493 2029
1971 2374
1248 1762
364 947
112 2168
2091 1807
2156 867
784 831
781 253
207 2102
737 2283
1216 866
2050 480
2050 1255
2190 1038
2364 2234
1277 54
885 992
965 988
1433 590
74 1700
2221 689
2127 2435
566 1403
2175 2205
1291 104
1965 1809
2002 1092
1504 1931
1890 2010
283 1358
1658 342
342 1041
1889 1819
105 1269
1761 1139
1205 1946
1042 353
1042 1972
1701 794
2401 1508
2451 1450
1955 1730
317 289
2194 1966
2233 1225
1858 820
1899 2413
1989 1042
1249 2040
501 1796
1857 1526
2163 1915
1402 780
1982 807
678 1432
1833 500
1918 763
1318 756
1267 478
2020 1482
1386 1904
1064 767
771 538
868 1081
724 390
2233 930
2261 2390
2095 299
688 2461
1487 202
1627 2180
1125 2208
1765 1967
260 727
14 1395
1427 2431
894 2356
205 859
322 2287
909 603
868 1613
68 943
2321 905
657 959
1460 364
841 121
573 876
1763 887
775 1502
1018 1430
83 548
2185 226
863 1847
196 993
116 1546
2479 830
749 1802
1412 1270
1980 1441
677 2421
482 1942
199 695
2267 994
361 1903
1108 97
771 1470
1119 2452
2240 789
2356 1628
1258 469
1793 2493
186 195
1751 2056
1714 691
2256 1203
368 722
1167 62
1442 2257
2255 1851
1710 531
2213 455
201 250
96 912
399 1325
198 2112
207 1434
509 2012
1862 1234
559 2007
1729 723
1964 146
1424 2335
235 316
629 686
2264 1786
1178 1918
1973 1740
845 2491
2403 2240
1346 1143
1180 1789
2446 1260
1559 665
2315 292
417 2275
2427 1382
1375 455
2287 842
821 216
2421 2143
10 2381
2226 862
845 997
402 1029
2112 1648
1649 1117
2259 734
968 420
645 2286
1225 1931
1568 1789
1225 1603
1591 919
732 2429
413 1007
1270 1024
440 1190
2444 366
396 1493
1209 2146
2119 248
145 457
2398 1251
1737 442
1485 1948
885 1436
1324 1332
1002 1703
1986 1804
67 982
2328 1364
1055 1280
1799 1126
2294 18
2130 908
2086 673
439 1779
1816 1621
1569 217
1284 937
2409 1195
1322 592
1017 2364
95 825
877 1930
1624 123
865 1211
142 223
224 525
2083 854
844 706
1252 2480
2114 74
236 43
1437 2399
358 2398
2383 1639
64 2365
2172 1458
2176 282
1148 1651
1799 254
208 1684
360 2046
1453 1466
1719 2334
2397 888
2008 1339
1858 305
1816 2281
1513 2445
1595 1840
1632 2184
511 2113
2061 209
2308 1345
2207 321
1129 373
450 1156
1672 2268
1075 211
390 1826
1350 2073
834 683
1789 1988
1324 2145
2330 271
78 568
12 2313
407 1538
1999 229
1132 819
2314 1033
2376 1327
1211 1590
624 2107
2294 1090
1720 514
310 133
2309 868
1985 1306
488 118
1583 1878
16 1545
635 1507
2108 2490
2246 1038
1984 1267
1013 1931
454 1255
289 1239
2396 1472
1286 552
1558 946
165 1397
102 1137
1332 524
441 547
2164 937
988 1184
181 1202
1727 935
463 1557
199 2262
1808 399
2298 927
1394 501
422 133
2299 2365
1238 394
804 732
1869 1758
1400 1794
693 1938
1202 528
1332 332
198 1601
683 239
1769 1997
1834 955
478 1332
1688 998
1774 1422
1220 1562
825 1416
370 1058
1034 2242
1981 2341
2090 756
2490 2
1524 2204
2369 1438
1034 90
2076 968
2360 2186
1737 559
197 2263
505 1923
1960 961
1123 1294
699 1046
2261 1082
1084 1211
463 727
594 402
247 167
1299 72
62 1062
480 159
1966 744
2229 1517
1571 1058
1339 1088
1355 1000
1028 2495
994 70
423 251
755 1598
1061 2104
2459 1926
1096 1363
1832 548
1506 576
537 451
2066 2013
2233 1638
1031 2009
509 2011
1338 851
416 40
2007 1295
134 745
1315 975
860 1011
1382 1204
2148 2414
2388 1648
377 323
362 2168
871 1541
226 651
1177 241
2319 294
1615 2054
1524 1112
1642 635
504 737
603 1132
1985 682
249 1583
1862 771
1251 2174
353 1245
1410 2415
1185 1825
383 2093
737 2443
570 287
1864 1236
692 2048
978 1982
1271 1077
448 933
1824 2498
1187 1163
84 1787
1833 337
2388 1911
385 102
1392 232
2426 1990
15 919
656 1547
1521 307
699 1008
85 253
1220 894
170 126
470 1204
662 2312
850 2015
575 1287
1016 207
266 1849
890 2046
1365 1422
718 179
2216 2042
1221 440
717 1677
154 1393
682 1560
330 888
2015 801
182 508
2056 2237
730 2110
1465 536
62 260
2318 1646
918 935
1811 1825
1511 160
1425 2190
2233 214
74 757
804 1123
630 1457
488 687
951 2248
669 776
1280 374
935 2496
286 2468
171 2313
888 1777
1575 1055
1669 1649
2317 2274
1808 332
1280 385
1892 1006
2454 2014
2258 197
2238 1425
1756 882
2242 1301
732 306
341 1069
550 1108
620 1504
199 1884
1234 703
451 2378
83 812
2482 748
2142 1792
603 1162
2307 247
1241 1492
1560 968
240 479
598 969
932 2430
1116 2192
1018 1661
2044 1371
1024 271
1344 550
1285 572
2341 1611
1558 2329
1694 2044
896 480
1256 557
736 265
1981 1861
1010 1216
1792 1211
1386 406
1432 1330
1180 9
1360 2001
2298 2135
359 262
696 1991
2068 757
1513 472
786 941
745 780
1395 497
463 1693
2127 440
1006 555
2376 843
2399 2185
840 35
398 2430
1087 727
362 940
1728 2325
666 1055
2339 1828
479 1956
1725 2371
1768 1986
995 2477
1902 1723
676 2468
208 2477
39 826
18 755
2154 1278
2434 986
2198 1104
1372 2133
1067 1096
1089 2388
30 1664
59 1806
682 573
1036 334
1353 679
328 312
1557 563
68 1258
960 2250
1169 813
1448 217
738 491
1164 1520
1132 1614
371 410
1588 198
666 2247
626 2193
1098 2265
9 2448
1932 2222
2426 732
939 1783
1007 1626
2468 1218
1517 763
259 2186
1698 611
401 739
929 268
1958 797
2043 1834
423 1051
436 1766
726 1037
671 324
1221 2335
739 981
2360 2345
1687 1453
2282 2271
290 32
496 1666
1064 284
950 2334
1404 747
1735 2423
730 1470
759 59
1612 1281
1152 2082
6 830
275 468
1737 534
1369 2169
62 340
74 2039
2403 365
1465 1997
1873 2069
438 848
328 446
109 69
958 551
1433 2439
1175 601
1373 671
1807 2135
698 1152
585 737
390 2490
1527 1345
1637 1025
2357 1893
103 2210
1070 773
1266 1849
1862 866
673 263
2077 1729
1466 396
213 446
197 1370
1285 1461
2327 252
410 1086
1743 2161
1422 1725
570 1345
2187 1017
410 1503
1478 2354
2237 1009
666 1734
580 977
141 1521
1208 2225
265 2269
936 1205
1199 1813
1777 2125
1446 1862
1915 662
1123 1740
1558 1339
2338 1584
66 1230
588 1547
1023 2277
1136 1387
580 986
1377 721
50 1698
1296 174
1690 1813
1607 155
1641 1028
1158 2301
1412 2097
2331 43
1444 312
238 2063
1866 896
1179 1127
1301 1224
959 1096
278 235
512 1370
1381 1855
1266 1372
1770 1154
1124 2060
2230 96
937 794
1465 162
2116 1524
1616 1091
35 1957
2008 2404
2464 236
2326 2486
2295 858
878 680
569 1885
700 1457
2366 163
810 2235
2347 2274
192 2166
396 1109
377 40
2240 393
1099 1033
1260 1995
819 472
1860 145
759 288
2202 480
1052 1581
1553 1440
2116 1123
2225 2416
1509 1078
1694 534
1156 993
131 1175
2270 1068
246 708
1973 640
2430 1188
134 1430
1748 442
1483 149
754 2335
1248 2162
1365 2321
708 2057
2259 127
1418 2221
1319 2021
1209 53
1465 180
862 382
1382 1407
628 18
1888 2257
291 1507
2042 695
598 769
1120 559
1526 1830
70 1314
1512 1220
915 2015
2422 1917
1917 557
648 1282
1427 2495
2418 1186
1816 2024
206 2199
475 890
2204 2147
604 1384
189 208
903 1303
537 1618
355 425
597 1991
418 2109
402 89
2271 971
616 1652
1465 657
210 1595
864 1761
1979 2005
1847 2422
10 341
269 185
1335 151
1456 251
2015 1830
2380 1096
2274 1410
776 2068
628 1663
2408 296
2013 1652
1319 1725
846 2159
255 596
2098 442
971 593
349 875
2365 2446
2217 945
19 780
718 1242
2109 177
980 1633
2212 1829
1661 101
897 550
740 325
356 200
434 1452
975 2395
607 2245
2164 2168
857 1819
297 2219
1426 1078
2455 2290
2040 289
306 619
1586 1001
1827 2303
2477 724
1999 1107
1968 1732
1156 1817
2202 1499
754 1617
1967 998
1118 1539
2394 1126
19 800
1626 1359
985 864
1271 1345
2055 1953
2416 877
2328 659
1132 1848
1347 1973
1286 1080
561 2345
1990 1063
2287 53
1617 2134
2004 45
1500 603
2269 1361
1814 1491
2309 1862
2064 1016
721 1653
11 1693
1141 2376
2473 829
2071 26
685 1740
1409 372
1013 1674
414 489
2038 996
1479 1630
2123 912
1349 2238
665 1226
1874 453
2463 758
874 1138
1186 1730
1379 1699
2186 1986
13 217
809 1863
800 1980
1297 166
1192 2476
1736 1364
59 1456
2370 499
1821 1923
1520 2024
1981 557
536 1401
1276 2184
2046 1783
169 1976
1362 1600
928 341
955 590
604 568
2432 108
2003 978
214 115
804 1048
2091 1373
2284 2304
214 102
1642 1729
615 1183
2230 2110
30 680
1861 1282
592 2007
628 1524
1071 971
18 918
192 688
1885 2002
2282 1599
909 1412
680 1034
379 1313
1103 2231
276 1626
896 949
824 850
1231 129
1096 765
458 1695
566 1317
1915 1861
2149 1046
1875 1445
2072 1026
1600 2014
1014 1936
515 170
1768 710
1472 1295
1940 999
295 763
751 1591
1687 415
434 110
1738 35
812 1903
1277 1185
131 2157
270 208
1022 2461
2012 2340
328 1439
1962 2252
1897 1796
689 6
226 1161
2403 1585
417 1285
2193 2185
1398 2405
949 1257
2464 384
1385 1429
2065 1571
89 726
1746 1583
2155 859
1355 430
906 2137
1932 1997
856 1749
173 943
666 55
436 1340
926 363
1112 109
1063 3578
1459 2374
351 1447
727 1664
2352 1732
336 1717
2365 1587
501 19
2381 723
2422 2343
987 1798
2478 654
1448 1903
344 2176
2138 54
910 1072
821 2327
840 268
1414 2220
1086 971
1529 513
596 356
2273 1559
1079 989
448 2497
216 1622
545 1244
454 1805
1277 202
2381 2203
441 522
1366 1552
761 2466
859 1756
1735 273
2067 766
2276 2187
1923 1595
2092 1224
80 88
393 370
2005 1280
1689 2201
266 2197
2434 2101
1563 2206
2320 2045
18 883
1745 1014
860 1717
577 90
942 956
568 2484
1161 1655
1893 1666
693 104
238 1211
266 2141
2161 143
1534 1723
162 2428
2026 1549
1859 1354
268 1601
2335 2175
1546 1271
480 1366
1657 623
1178 1107
1934 166
80 1560
785 1761
2053 698
372 1614
2488 1970
2403 1871
2167 1131
1362 105
1971 1386
2108 646
45 698
2483 2355
700 170
1949 1366
1506 2012
990 1428
33 459
741 354
2203 481
961 294
987 103
1576 861
1623 1271
535 1133
1755 1205
773 481
1735 2286
1534 2281
2338 269
965 488
2467 43
1329 2331
2416 671
605 1673
447 2159
1683 2094
1641 746
1675 1341
659 303
1085 169
2119 2450
1892 1688
739 1063
491 2119
165 1708
1515 970
430 1032
291 1054
382 223
320 836
1495 2140
1832 1477
870 1075
2085 2287
183 1682
704 802
2171 358
309 1885
587 1065
1290 1220
401 1235
1807 2093
2152 504
985 2194
2198 1312
427 2309
1361 416
1694 1923
1030 1333
2116 18
50 1318
361 512
224 2121
1014 1817
72 1544
916 953
190 2146
2110 2051
555 2449
1505 189
1493 1593
37 1758
1790 491
1872 353
506 2205
1220 308
1117 2047
942 1229
161 891
978 2157
518 1428
2299 336
1061 980
1211 1021
475 1581
1756 1467
2293 959
1082 2456
834 2005
397 2166
2217 206
256 215
1816 1399
2188 1928
734 1995
1063 1651
1477 706
1000 880
1049 318
1259 2159
1194 1599
562 283
1684 546
2344 695
1620 2215
1811 150
1295 981
1309 1553
1155 1988
1755 1130
148 1685
1677 864
2488 1576
383 1430
2362 187
1862 957
78 1935
1528 2153
1646 2430
488 1687
1005 1928
1721 358
2452 1842
582 96
962 52
216 1045
1350 1211
1753 1852
968 304
480 673
1485 776
1215 1386
1256 717
2096 354
269 2370
2448 2184
2154 1980
2186 294
573 1192
1660 1757
904 2365
985 1620
444 1863
383 318
345 1005
2035 2470
637 1997
1286 2084
68 598
339 1777
807 2427
956 138
2204 1539
1436 1977
461 1457
366 2005
1811 278
39 2368
1959 477
1710 2432
343 1079
1813 1840
934 1113
972 750
45 672
1170 446
2187 272
1824 2356
758 725
1702 559
144 1594
2489 2114
1969 111
2115 2428
345 1062
590 1953
14 874
712 1395
2032 666
69 1955
1005 41
815 1002
1826 338
2418 220
1763 670
1388 724
2187 1158
196 888
1726 2164
879 621
1372 578
1712 872
341 1755
445 2080
232 605
1624 1892
1222 1720
2072 1732
1998 2197
941 1300
2162 1747
358 937
521 2047
372 585
52 2014
997 1518
2120 309
1576 2127
1225 1641
393 1114
2121 1341
973 1122
1537 897
319 277
601 2129
1359 522
836 1735
1519 678
1230 454
1032 1748
2173 1655
183 2243
1939 110
2377 948
870 303
1258 1746
2215 1120
2494 2499
1782 2392
314 1584
1490 1385
216 2224
1877 805
249 1470
742 1302
1089 489
454 1709
171 625
1483 1618
1864 124
1848 43
1202 2095
807 546
1072 624
2172 701
1855 833
894 881
121 1639
1932 1779
2483 2249
2234 1932
1563 495
2167 435
1183 911
1955 889
708 915
1938 2064
863 65
1140 2177
278 2005
1488 1541
952 909
904 827
1254 1047
1147 1736
2409 283
2145 1520
2105 724
1240 901
117 354
60 2370
162 2342
1774 322
2087 461
2406 283
2489 798
830 1994
1695 452
1004 1037
2054 1160
668 2269
2195 209
1999 1501
1879 1874
2104 167
2436 525
544 1490
1157 922
2462 742
1072 1539
513 1181
40 2151
1790 1550
2410 844
862 448
1169 1778
1048 1088
1189 1195
541 1528
2439 234
21 678
2363 444
2273 465
1598 754
830 734
2320 929
1230 334
2373 792
2496 1536
1364 1488
11 351
1492 1321
1266 999
1007 2016
1378 485
566 589
797 352
440 2144
7 2390
964 1869
2076 848
1465 2021
692 711
1584 1812
2407 648
272 1913
14 2031
863 1041
1148 353
629 536
126 867
414 65
2392 703
394 340
1800 1258
684 79
2198 775
1001 375
2139 1692
1202 1493
445 1583
532 17
131 12
193 1758
140 1074
496 972
1729 391
199 1455
1864 742
2152 2245
2318 384
1818 383
749 319
294 1410
1980 580
2274 525
1739 2203
1783 451
750 2485
223 1219
1043 1074
54 2115
928 2169
1708 587
1895 1413
1340 2430
2172 1633
1137 971
1941 1484
382 2186
858 1836
1677 926
1164 1870
1977 1428
1668 2275
84 338
2065 1533
660 25
2086 2036
2202 2352
707 1020
41 1888
1951 1293
537 117
2086 1134
2116 400
809 1743
231 1902
1427 950
722 1683
968 1334
517 661
1046 663
578 127
2039 2229
1828 2344
273 975
1623 2142
257 2488
51 2455
1748 2198
844 2267
737 1947
1963 150
1463 1029
1706 445
306 1793
1317 2201
1733 653
1684 2496
2431 2135
931 998
2312 247
1218 2000
2104 1817
1615 1047
2466 315
2277 531
1959 1534
2085 866
1821 874
820 877
55 269
2161 406
2227 1630
771 2293
2443 1416
782 2197
1963 1070
2354 710
243 2457
2456 2150
1841 2268
1449 1157
714 896
1602 1630
213 1137
1886 1655
1590 1094
696 248
2160 1305
257 1217
1542 198
1502 2986
2214 263
314 295
2303 2350
92 357
2363 967
2440 414
1155 630
2006 1687
555 2463
1892 1939
1651 2455
1751 2452
1512 1539
333 869
1565 1234
46 1175
266 2413
1897 91
2224 15
1673 545
991 1543
917 43
1988 4796
190 1898
503 339
779 825
610 1819
1506 1083
2210 1416
534 1198
1643 2443
1541 158
996 29
59 1244
736 481
1743 533
1081 1171
406 2126
1565 2281
1439 1520
1778 1513
2288 700
1119 1764
1688 696
1116 946
1347 1805
1145 242
506 1826
1620 225
2135 1094
643 652
2261 1355
629 1163
1118 331
1616 1585
1030 536
2256 433
708 503
1985 1950
1012 424
1071 2292
1991 446
1959 2015
2412 495
513 2222
1680 1755
2212 1361
112 1499
1799 2196
1596 808
2026 1200
1763 1974
1866 2319
143 1967
1946 1116
603 520
1769 2297
631 1388
101 342
253 263
635 135
1773 955
798 1782
2372 2199
2199 2238
2046 2345
2002 496
1950 1042
2134 1440
27 1191
786 1672
2492 1123
1712 781
338 1728
1900 307
2322 708
690 1333
1458 1750
318 137
800 2301
1925 1662
1698 929
1989 1499
842 824
473 2491
1938 1592
2123 1220
1425 2305
1814 2021
2132 985
544 2454
2491 1173
1362 1990
832 2379
564 928
1638 1824
29 371
1087 161
1462 450
784 893
1859 109
2471 1926
702 1410
1544 1478
1337 1437
825 557
1856 1159
1779 1058
1339 1157
409 1294
2442 385
1860 1640
287 589
1378 876
1586 198
744 735
676 2265
2055 1417
1653 1256
1194 398
299 2295
1922 993
309 497
1068 2111
2118 1704
2339 2169
467 1909
1167 1030
1739 2057
1798 659
2332 1485
1570 2324
620 1463
980 904
520 1843
1123 274
1510 1886
990 1640
2298 1678
2388 644
2389 195
2118 962
1277 144
430 5587
