4662 4058
448 2566
3279 3868
1018 2144
2150 2144
1074 4344
4856 3918
3318 20
1615 3157
2291 3303
3046 4708
1594 2698
4348 4047
32 3214
4256 3997
224 4600
1261 4350
2735 950
162 1794
1627 814
3521 3037
3625 1005
2761 4246
2722 4196
4579 207
2041 2639
2294 183
51 1840
1807 4098
2835 1432
4376 4762
1978 926
4939 3615
2024 352
1996 58
3745 3125
1049 967
2015 3861
3086 865
1367 2760
1217 4319
2875 4275
1399 780
316 2202
4617 692
3737 4319
2518 986
1664 776
1078 1487
1096 3711
2625 702
2097 3267
834 3714
880 971
3483 1064
3475 3491
2222 457
1861 1535
2365 920
1495 1580
1014 106
324 4574
3895 4723
1335 3748
2658 2300
842 2928
2789 3266
349 762
4825 3243
1650 2908
676 1770
2121 912
1517 650
629 3094
4867 4958
3626 658
1731 1183
2329 4650
4269 1935
3913 3637
3858 4898
3620 2318
2003 4196
4523 3920
769 1285
1639 1739
2596 73
3821 205
4930 3453
93 2741
2023 2844
423 1752
827 591
2563 2942
3677 659
164 310
3658 3147
1095 3782
89 2310
1830 2847
1614 2148
3571 4477
153 419
163 2493
2482 4614
2226 943
772 452
12 610
251 2030
823 894
1227 1186
4691 1165
3814 3845
50 4691
4634 4462
162 621
4269 2301
2628 2942
2213 2
328 1036
4073 3209
2703 2216
1533 2371
1932 3756
358 2313
2712 136
3491 4153
2130 621
3059 3555
783 4914
2697 4141
3011 4429
1049 4475
2844 793
758 1354
2950 2725
2433 3571
3297 782
4648 3141
1180 1187
2809 579
4676 4453
4513 2005
1021 1498
3381 4194
1843 4135
3452 2570
4093 274
1711 4490
3055 626
4654 2329
4155 2910
2593 3759
4204 4722
2847 4998
414 4481
4422 1552
3821 988
760 4304
1112 376
2655 660
345 1957
61 4496
4293 4546
2354 4358
1659 2294
2250 2601
4650 3226
898 4162
1651 1955
3879 3129
552 1747
2596 2877
23 4910
4862 2366
4696 3482
3285 2343
3207 2080
201 1474
2365 88
3150 2292
377 345
3534 1351
2047 2221
4202 3174
3555 770
1741 2435
3988 4333
4252 3788
2696 4138
358 853
431 1974
4620 4783
1798 485
412 1749
3371 768
1872 3863
1032 1462
1926 2407
4414 875
900 4897
1400 710
2651 4096
3632 372
4189 571
777 3066
2811 2327
3907 39
4895 4262
1037 3632
4498 4373
994 2566
3668 2899
3610 4138
4414 1381
124 2264
245 4726
573 305
1934 940
791 2258
1008 3350
1985 4986
4770 2425
3927 3337
3842 4858
2838 2964
759 2630
2870 861
4748 2588
1396 4568
2546 1620
155 2472
2696 610
4759 3391
3754 3026
2517 3388
2451 1015
3394 1639
1144 3935
535 4728
4826 302
3598 4430
3807 4939
875 3171
3678 4967
514 4092
6 2689
3585 4295
4362 4087
2305 405
4586 680
1583 2887
4257 1676
873 3740
1127 540
1471 1280
4403 2766
4152 1065
4142 2361
3886 2803
2518 4671
3415 3676
1581 2664
3233 841
2070 4163
3945 134
3068 4088
1191 3517
591 2873
1202 534
1492 830
364 4101
2351 111
113 1130
680 748
2257 665
567 3777
3672 3041
3997 125
439 1386
1176 2850
320 3623
59 887
1507 1492
2720 3384
1688 1137
1835 3319
3760 1620
76 996
757 660
912 1792
4498 1513
4317 1975
4992 3330
1912 4148
407 3606
1709 2190
1149 1772
898 2480
918 1094
3185 1159
2880 4904
1720 2276
2729 2039
1238 3865
327 1036
1316 4792
1884 4831
3117 823
317 2520
3492 2640
1677 769
3193 3365
2554 1568
175 1993
4524 3497
2813 2705
3365 1423
3838 1321
2354 4371
1696 683
724 2853
518 3010
675 2855
1706 2916
136 2618
4251 2198
1701 2472
3622 4570
1316 760
1924 2844
601 4983
112 1026
4020 3996
1235 937
671 3516
4390 1708
1736 2108
1515 2624
643 3637
2265 1211
2120 1770
3306 2378
4124 3165
2250 3682
2423 4119
1806 3014
1049 4366
4327 3135
2993 4496
674 3482
3460 1214
3125 2858
4694 2148
143 4111
1073 3141
1293 4367
1975 3684
3717 1360
3237 173
985 639
2590 313
4305 1283
3056 217
1405 1515
1488 1449
3310 3734
2405 2934
4400 4513
3803 2122
2471 4746
2127 492
4114 4252
4546 4277
1176 1971
1900 1132
3245 3263
3846 1724
2313 1862
2859 939
798 1642
692 4763
2197 2074
871 1038
4092 611
4539 3362
3317 2175
2467 900
29 2174
4388 4672
31 49
3805 2935
1437 4550
2266 1753
3218 4244
4901 1546
1655 1976
42 2857
865 4553
1004 2947
1771 3790
1073 95
302 2344
3456 930
1161 4442
2522 2250
1582 2212
2980 4152
4170 2046
4887 903
4952 498
2554 1793
1604 1490
2981 1456
4279 2761
90 3817
692 1213
3882 1205
3893 2562
2858 1314
475 3130
1720 2767
2672 4624
2637 188
754 3301
1361 3167
1783 73
4238 1147
1688 2243
2578 2883
203 4764
4580 973
945 1981
4618 2673
3800 4329
3773 344
4430 2941
2970 1338
3187 2523
3837 2984
1249 3390
1900 3368
4251 2472
1637 4046
3615 3271
1653 3911
1305 1791
4446 689
46 2401
4404 3487
1082 4120
4005 2113
2510 3260
475 3552
1137 1671
1863 614
1618 277
2795 1284
3719 4714
2779 349
2493 3579
3985 464
789 4510
3197 3899
3991 133
1565 4682
662 2061
2838 2087
1928 4965
4183 980
1784 50
4583 4276
4857 903
2691 1591
1073 2202
4509 956
2007 4554
1387 3168
4579 580
635 597
1681 4029
2777 759
2138 1250
4189 3479
1367 1075
1796 4930
978 246
2577 2332
1811 2399
79 198
1507 1029
4414 4567
1433 3376
95 4638
4047 1806
3990 2357
224 4070
131 2745
4352 516
4997 542
4904 2146
3300 4192
4556 4655
1377 3100
1483 2273
3844 4212
2931 3391
4313 1898
4150 3145
321 20
1516 4321
3008 2597
1311 2530
3792 2693
1381 2286
2570 4822
3334 2279
4452 2367
4938 3275
2643 2118
4813 4538
1382 886
1811 3499
3740 4153
1642 1170
1476 4278
1312 2550
1791 1315
1306 2952
564 2654
397 3478
3648 2941
3125 1748
2911 2853
2552 244
4748 3032
3766 1565
712 2080
3576 1071
1867 1376
4938 862
4076 4377
469 4740
1350 681
3629 1689
2234 3609
3364 3798
1883 4213
1146 256
1434 2870
3114 3391
4590 3364
3474 1198
983 1349
4518 4901
3760 3451
4649 977
151 1153
1753 2790
4722 2525
4037 1859
4703 3057
4542 2883
2983 612
3368 852
1833 3910
1364 3880
175 4976
1043 4873
3855 1017
2433 2258
216 1238
747 3208
863 961
4982 3647
637 3850
4142 4329
1070 4323
3303 2681
569 3868
1516 4894
3415 1111
2266 1155
3474 2527
2831 995
4219 4297
3637 2825
3400 229
125 3726
216 3366
257 3668
1101 4235
1347 2583
509 466
4515 4483
2396 2619
3817 1449
3009 3240
4887 2579
4587 4196
4858 4854
1264 2265
4661 2112
3099 3804
1058 4839
3680 2787
3958 4401
2932 4518
264 4506
4206 4907
3830 391
1347 4524
867 3545
2171 1995
1449 4597
2006 2965
1559 4217
4818 3180
4511 2649
269 615
863 1415
2201 3356
2177 113
2808 1814
4193 1276
333 713
3651 3479
2333 594
2079 4690
1512 4628
2826 3309
2416 3133
922 1445
2981 1255
118 4121
2138 3610
2879 1603
1831 3271
2334 1338
3028 7
380 2779
2439 3897
2248 512
3411 443
1168 2489
2621 4136
3152 3735
1595 2400
664 2240
852 3581
597 1820
6 481
702 4078
632 2757
1281 3550
2668 3341
2090 3235
2272 1727
4487 3894
122 3794
2355 4569
4806 459
4109 3902
269 2962
2268 1325
3379 3931
2001 789
3605 2768
4729 1476
774 596
4422 2122
813 475
2177 1583
2508 4638
3702 3460
2286 1154
4251 1199
4022 3312
3862 4640
2945 4391
4051 1096
4712 3236
4391 1946
3564 724
796 2114
1037 1680
4432 929
2337 2999
884 2907
1078 4922
967 4679
3468 753
2981 3045
4330 619
3791 2583
1163 3770
1272 1406
2076 997
3177 3885
558 1423
2761 2890
42 2053
3701 2233
494 1292
4064 1499
4458 368
3367 4931
1151 4098
2172 89
1533 4521
2972 2664
271 1265
3103 3122
4942 3497
492 2611
4734 4526
2190 1426
689 2285
2311 2508
566 254
4288 907
2278 2508
2098 3084
2691 633
2180 4734
3941 558
4241 4758
2370 3351
4629 1472
3984 2413
700 3712
2770 3990
2511 734
3574 2519
2044 2255
3031 1441
2496 4680
1164 3337
4148 3374
4812 482
4298 2961
3828 501
4762 2391
78 1072
421 2756
4519 229
2005 2047
606 4593
3383 2176
4316 3949
2270 4998
1564 4657
2005 2205
4505 2588
2337 3116
1046 880
2025 4677
206 3771
347 1669
1473 4608
1668 3547
3391 2932
3019 3886
2996 492
1434 1910
3512 2923
2682 3781
834 2306
2107 3487
632 3064
3525 2019
4606 2049
2197 2518
4592 611
1295 1741
846 3683
821 3256
323 4390
2721 4663
505 756
3373 204
3838 6
2636 4279
1971 3200
2676 904
846 994
3827 3439
550 4456
1011 2144
1190 3034
508 2243
3337 2118
3036 4599
2192 1325
2022 74
571 1947
4108 3705
3666 4904
2577 1477
71 2558
3430 1935
2277 241
476 3796
2817 4903
2336 1020
4283 820
2394 1334
923 3654
2021 946
1110 3049
2593 4098
2679 1040
3548 4142
4746 634
3615 914
2356 2477
4716 2054
3622 4553
3070 2363
2432 1195
3881 3165
3363 1500
4792 1097
3655 1246
2197 796
2899 875
395 3365
4346 4025
1295 2632
434 4254
4021 4224
921 2260
2695 2048
4704 4329
3584 1055
369 3325
1911 2262
381 2081
4367 4798
846 2929
483 3523
203 373
463 4039
2938 2730
2993 4644
4679 4864
4950 2050
899 2999
4402 2017
2384 2403
687 4844
2633 3001
3790 810
70 3589
1228 3194
1692 778
4979 4530
3147 516
738 3092
4602 4126
2551 1838
2565 2291
1736 3812
4854 1227
2849 901
4186 4804
3479 1334
1714 1938
4099 966
713 4413
963 2360
4285 4157
1666 2830
4903 3157
647 4953
197 3041
4876 946
599 4101
3949 443
1070 3563
3584 1439
3424 1904
4860 2114
3649 124
3001 4270
2195 4381
4231 244
1342 3559
3787 1371
3314 3538
4844 3488
825 15
740 3515
4738 4968
4442 145
3528 2436
596 3147
233 2331
3385 4411
50 4068
4284 3150
1624 769
1525 2154
1769 2651
1490 4941
3665 424
267 2911
1817 3701
339 4566
2841 1601
1762 1836
3222 2681
3256 2839
839 2001
2883 2172
177 1165
25 361
1851 4004
4105 2950
435 4542
2068 175
207 4018
2137 4017
512 4759
3574 2926
4049 3677
4531 4719
2245 158
3552 2341
3022 94
2446 4747
2858 3108
459 3852
4736 4228
1863 876
2833 843
1804 4086
721 3094
978 3938
2908 3479
376 2776
701 4374
4191 4598
4618 840
3416 3761
4419 3670
2830 1747
4394 1764
3998 3210
12 788
3307 4041
237 2654
718 4285
3890 2207
330 2046
4088 3372
2757 1464
4882 2337
795 1325
1103 4082
989 4121
2538 1524
3639 2809
1843 985
3398 1944
2667 423
176 296
709 2052
1622 841
3359 1232
3732 3962
1712 2119
3258 697
4931 4714
3387 2576
1442 1496
3866 3598
198 1278
2860 4887
3114 4000
4368 2290
3096 963
531 709
4643 1849
2073 2534
2308 2287
2398 3600
3975 1742
522 4136
4565 676
714 1060
29 3527
619 1671
1868 3406
2186 395
2436 3084
327 3555
1184 1002
656 1436
221 39
2930 4872
2003 4910
2154 4142
4531 4245
49 1473
3036 3189
2486 3867
2126 3923
3205 3214
1367 3914
93 1928
459 3058
4607 4880
3278 1577
715 1481
1237 1988
2517 1026
875 1339
4188 1095
3103 2406
3299 263
67 440
9 4851
2695 1095
1571 3032
2636 4484
3945 2833
4621 709
3269 3701
4855 4636
3943 1560
649 948
3742 880
3910 2336
1010 3055
2527 1064
3861 2487
478 112
1024 4143
2534 1839
4153 1705
1054 329
3505 3965
3724 4801
1428 925
2838 3911
1354 1022
147 1314
1410 424
280 2578
2686 1322
2151 1236
3730 1029
1418 491
2566 2587
2973 999
2051 676
530 925
4290 733
3317 1067
4128 589
3736 1366
790 181
41 218
2492 884
3182 781
878 732
1587 3392
3542 3309
3211 347
3969 2243
170 380
2078 4198
603 1684
2864 4590
4221 4262
1261 4617
2656 917
3920 587
4630 2801
2409 3745
4660 3437
443 4066
1767 3152
1566 1058
2940 1606
59 579
2432 4546
1445 107
3094 4866
4679 2109
623 2911
680 2724
27 2320
1099 163
1661 4874
1155 4690
2645 3294
732 2134
943 591
2461 4136
4761 2550
2737 2088
778 4796
2548 2326
2286 75
2507 2948
1734 2337
3060 539
140 570
2413 1001
4860 617
4624 4116
1222 92
2556 3798
3399 2929
2095 493
4839 696
3695 4405
1318 2046
4800 444
3840 754
3767 2313
2072 1457
4013 3682
104 345
1176 1905
3774 907
2811 4939
2570 1450
1734 3957
3108 1763
1312 4219
3826 264
512 3334
3431 53
1276 1960
3055 4453
1152 3647
831 561
3896 4372
1434 4727
3897 3176
1286 4788
4825 1970
4430 2902
1439 527
4688 1384
221 2990
1261 4722
1066 2247
2473 4300
2692 2959
4160 4903
386 4874
2057 3680
3104 94
1239 1146
1068 736
3858 223
3357 3462
1133 4834
3403 1280
2424 3404
4137 771
2645 3522
4143 2812
4360 7
4436 1861
431 1515
4393 3527
3089 167
3585 1804
2931 244
2524 2375
4837 2584
2307 1107
971 3172
3869 77
2120 708
1528 3678
3709 795
2020 2265
1839 1211
3761 1190
615 822
4192 3656
563 4525
2727 4601
457 1146
4046 3456
4683 1067
4535 3148
4022 3726
171 1608
476 947
1191 3275
4658 819
2765 3362
3052 4779
2606 2829
3076 613
2149 2451
4282 4091
1167 3762
301 472
2711 151
616 13
1974 2710
4416 4469
3935 943
3249 1534
1960 1677
2679 4620
2333 2764
4610 4684
1527 3183
1780 2898
466 3227
404 1727
1212 4307
2541 2746
1592 3904
1288 1394
2067 3829
4957 4997
2086 2525
4169 1472
1249 4625
1057 4300
2745 4802
2373 801
2497 3583
3512 114
1220 2716
1140 4612
3650 4855
4130 500
520 3544
471 2740
1442 4052
1594 802
4604 4510
4817 3334
582 3531
4796 2013
461 1384
3097 4598
2806 4250
2894 4081
286 2842
2550 2087
3821 4203
1250 362
3882 4441
1177 3410
911 560
1178 680
3188 4726
4846 3019
2249 1438
3379 3148
4077 930
130 16
1364 4444
4570 1027
2270 4497
4950 2315
666 3130
4825 64
2721 3025
1218 3989
943 2573
4490 1115
3443 3729
3154 3715
672 2551
2618 926
1685 3444
1868 4755
815 2928
2239 3963
3510 3637
2072 2173
3684 154
506 209
2946 1579
4886 1875
4277 3094
2142 4334
1741 148
4011 3995
2711 1081
2414 4245
3088 563
1019 1753
4625 571
2170 999
1907 4787
1896 423
1392 1285
3722 75
2289 691
2145 2696
493 1408
3449 1047
2774 4753
2235 1054
1608 2722
1715 3438
1683 2553
683 2968
4592 4609
310 1537
1713 382
2994 2768
112 1847
1892 464
4449 4693
1647 3718
2596 3686
1831 2793
4082 62
624 792
2313 3267
4388 1436
2010 3124
4073 2804
1144 4638
1712 4767
139 482
3490 2882
3730 4597
2525 1949
3751 3269
188 940
3381 701
4533 1143
2212 4606
1436 2094
1245 2979
4589 1901
3857 1591
4159 2080
4339 3381
4371 4683
2046 3603
1884 4105
4185 2603
3608 4223
1856 2127
3132 3563
172 1225
4279 702
322 4493
125 2132
1088 796
3043 4780
1628 2854
3314 712
3207 4186
2676 515
630 621
2380 1457
1706 4373
1234 3664
3757 4840
4132 809
3805 3606
4968 3547
1590 1528
1773 2628
567 2531
1874 3165
4726 1085
2878 929
367 1131
3511 2865
2007 4516
4654 3079
656 94
1687 541
845 2675
3238 2466
2869 735
2701 2744
1780 4433
1130 3501
3173 2971
4941 2171
2260 4872
4199 2438
399 2074
4135 2962
4981 4413
4606 1055
2415 4587
1706 4962
4595 724
1607 3121
3543 1713
3265 2034
4378 4470
2647 3808
2894 1962
4433 2891
4834 2020
2178 2596
3908 3507
1904 2090
4171 4514
4144 1659
763 4735
1991 4219
4898 4319
1355 2026
1991 2975
3601 4053
3106 4025
4519 1971
4174 2633
2017 410
1883 1211
2985 3118
4513 1060
2527 4253
3863 705
2232 2290
4705 1615
2811 3475
3343 264
4303 4753
4114 4639
1488 2421
4729 2024
1384 1001
354 4431
1786 1202
3805 4683
4545 3144
4242 2199
4751 2135
1027 29
2395 1333
555 2231
146 1904
2886 3483
3981 4539
1498 4954
3267 2909
2883 422
4253 2463
1749 1934
3167 4472
2050 55
1343 3847
4019 2424
3998 1699
1363 3370
4187 2682
248 2
2175 813
3698 653
3955 4196
3918 3223
3965 1587
2188 4687
3570 984
1267 4955
3333 4224
3887 59
765 1686
1329 4477
1069 623
4645 2900
589 1581
2825 677
4006 4517
537 1545
219 2583
4247 3520
3163 2986
687 2384
1394 4793
2497 1601
1871 2694
2424 1300
3369 4969
4327 3328
4402 2662
4707 1656
2606 2944
1340 4012
1396 2261
877 187
323 1648
4523 2290
2320 4301
4738 1963
3467 4917
3850 4373
3602 3854
4536 1444
1845 5
2057 541
4153 723
634 305
728 610
772 4803
821 3826
4443 2663
1157 3156
2253 2696
4193 4210
3703 4254
2696 4056
4362 3947
2305 1108
4877 3561
3503 2446
428 1305
765 59
3126 4154
4960 812
149 2925
4076 1590
4447 2561
4007 4502
1385 2431
4657 419
3450 508
2117 63
3661 3158
1649 4243
3321 4013
97 4447
2811 3944
2139 163
579 4649
1579 1596
2300 1782
2878 2230
3460 765
4491 570
1235 43
3917 3189
65 4497
1446 1798
4944 435
2438 2209
2553 3318
3473 2556
3162 4806
3110 1781
1293 2865
3171 2806
1451 4004
2454 3926
1407 600
303 1565
608 3775
4177 1236
2358 353
935 4591
4542 1262
835 1624
440 4615
2073 1009
4838 4814
1643 3046
4983 4382
3526 3892
1449 4601
2433 2386
484 556
189 3235
819 2169
4400 2252
4598 4736
580 4032
187 4090
2372 3822
2140 4693
3391 3331
4505 4509
1389 3018
830 749
4854 421
1943 2729
4962 1846
1255 487
4787 3070
2432 4058
3831 2161
2221 4875
1633 1117
588 1044
47 2621
3751 3162
4990 4062
2289 1695
2849 1637
774 1656
3105 1090
2091 1858
1886 2998
676 1324
2884 2012
900 4265
841 3991
3983 4580
3058 2072
1812 4424
4269 4282
702 1763
4169 2309
658 2983
4546 4794
2458 3965
1017 1289
3448 2590
96 1965
3182 1911
4403 2665
634 4216
2706 4538
2632 1545
699 1032
3095 3945
3540 2657
517 4653
670 3668
4414 1594
3621 3111
3368 4015
1564 4870
2666 4841
2293 2969
2762 3420
4358 2072
4614 1499
3951 4829
2019 725
2744 3190
2825 4372
752 1238
184 4227
1792 3024
2803 3235
1974 1239
1090 1786
4133 3676
1221 4433
1329 4204
1612 3176
2168 1949
3373 2872
4268 4198
845 1428
1141 3520
2879 4293
2508 2037
202 2929
555 3420
2180 1759
1823 4109
2757 234
2039 2719
758 1864
1847 3484
1792 653
61 237
2345 4025
4060 4095
1618 4954
663 4210
1780 3399
4765 1898
3768 2483
3850 4588
2965 194
4935 1823
3444 4179
1304 3516
464 378
3211 611
634 4113
2785 1051
2120 922
1860 2814
173 1348
4736 1711
4044 95
2686 233
4398 3981
2819 3237
3235 2496
4496 2015
2397 1130
4531 1718
2360 4453
1082 462
3205 3183
1935 3252
4350 3841
4367 3061
3244 1828
2701 1699
4164 4905
4804 1357
2744 524
3753 1362
4705 2028
4311 3570
3618 842
2811 1553
912 4459
2576 3745
4062 3427
2821 523
3797 4328
122 569
1585 4264
4650 2571
1366 24
4634 1084
2793 1531
2448 4432
4003 4411
2407 3628
3472 3574
846 4434
1918 1624
4128 1576
1465 385
3238 604
2403 3923
3224 3134
3321 3099
1340 1034
4424 2913
245 3728
4150 3789
28 1650
4446 208
3844 1065
2931 2492
3863 3685
3821 3353
2942 2327
882 3430
2206 500
4355 4984
3670 280
271 3673
3573 2180
886 88
336 2967
4923 1752
49 2980
4581 1168
2403 3677
1551 2183
2218 68
2482 2898
3032 2290
3252 2740
3601 1374
1546 2729
2864 1187
1665 2222
2882 4766
1890 4544
1104 3643
2172 2935
4651 2307
2644 1303
2008 4540
1911 2548
3203 325
1088 743
2951 3204
1596 2857
4875 2127
851 3042
3041 4059
425 4046
4104 2860
3578 3382
4897 1761
3373 1087
2526 59
4543 2744
4734 3018
376 2453
3366 3396
3515 1283
2186 3883
3326 704
1080 3474
850 2440
3093 2812
3604 1006
3713 4864
26 1229
2486 2445
4497 810
934 1558
3291 2513
722 4003
3726 1592
4799 1284
3647 275
706 714
902 4781
3036 4483
3203 2847
4785 1145
926 3409
59 2153
1420 1290
371 1899
1941 494
4535 1194
75 4467
335 1802
4405 4271
4234 4625
1921 3522
1238 372
4544 3828
3636 23
1042 2187
369 4472
4235 2298
296 4256
2414 4361
3869 3279
941 4805
2325 4075
4611 285
3506 1853
3936 56
2867 1008
532 4446
4567 1822
47 3953
4106 1481
1740 1135
4648 2747
2350 1007
2334 4891
4771 1414
3880 213
2021 1029
3685 3628
655 4801
4566 726
1717 934
3582 1108
332 1664
3636 1469
1488 1456
3411 822
1156 3928
3850 3048
476 347
1311 4541
191 1444
1735 2752
2985 249
4825 4265
388 2139
4264 3834
4806 3037
4439 2170
37 4391
4727 835
1735 1542
443 2377
4431 2497
4485 2105
4481 363
145 355
4727 1944
2319 2046
3940 3981
2054 1879
2605 4449
4972 2909
4728 834
2546 4837
2660 4725
4604 1861
16 22
3278 1086
3920 2496
354 2643
4449 1129
3127 4360
1614 3693
2027 4201
4219 934
2200 2641
3431 4941
4965 4828
1878 3039
3915 4497
604 3295
3528 135
4718 2540
1353 3194
2603 3055
3615 3450
1088 2411
4660 753
976 2360
1352 983
1922 4214
3628 4100
1244 3667
1303 3321
4926 1538
462 3275
1505 4376
3678 4109
1767 564
1054 1912
1524 194
1288 3122
593 4123
110 2041
4961 3477
1897 1586
3061 2443
2932 1875
482 305
1247 4328
1058 2966
696 182
568 4893
3459 4826
3765 842
2754 4597
407 2742
4864 247
1017 3079
1656 612
4622 40
1131 2191
4143 2536
4933 1354
3428 3193
1049 2887
4463 1415
3491 3270
940 194
1803 4340
2828 146
570 4076
2305 4479
1316 1037
3036 2170
981 3623
4522 3204
1697 2410
21 3689
1716 4582
4807 1455
4632 2305
3769 2449
964 3184
2753 467
2409 3414
1482 3073
4656 546
4661 1216
1791 1919
2094 961
4139 3437
3273 4126
3336 3160
4515 3570
2003 794
717 1489
2224 2986
3659 1888
4967 3176
739 4875
2986 3731
2777 3370
3249 321
4280 327
1582 3227
1834 1422
541 851
2080 2009
3955 610
4541 3823
2416 4314
4684 4641
1302 2317
859 3201
4849 4169
511 2279
1721 744
2407 1433
2650 1104
1132 2501
2909 1083
1741 3599
2775 3868
282 2610
4255 4679
3087 1837
4597 2579
2792 739
190 1784
4827 1422
3964 3175
4232 4546
1866 1970
165 738
1413 4096
943 4737
1143 3093
4051 3022
3253 2908
4723 2285
3671 1298
3140 4654
4096 2873
4707 4573
4379 1085
3232 277
3677 3926
3731 3873
3682 2275
3410 3809
2616 2103
4852 2181
1680 2635
0 2801
1275 2512
4359 1677
0 1111
2481 4560
1467 1359
1499 4568
506 4609
2541 4473
3001 988
3818 3512
1661 1912
681 1458
3438 1905
1096 1334
3365 1554
1696 1235
2741 2587
1803 2247
3046 65
2130 1270
260 1361
2451 1723
342 3840
3928 4254
3962 1898
4403 2098
2758 597
4205 3042
4578 185
3638 1575
1617 4158
4678 2752
407 3042
3346 959
468 4670
2827 924
4925 2179
4744 1672
4332 358
643 1480
2486 910
641 1796
4498 1630
1219 1339
2122 1571
4706 4933
3242 4203
159 1541
3957 664
2272 3880
4134 2256
4887 742
892 2026
1060 1476
1367 2071
1523 1612
2831 2363
3104 4634
845 3415
4575 211
2344 1988
224 940
809 4949
3895 4036
211 2089
650 111
3673 3740
427 1296
228 4738
1005 3195
4052 39
1092 1404
4307 1750
1525 2655
3481 3723
4461 2005
3026 4119
2261 4727
2908 3144
2034 2755
1797 4018
3467 2328
1345 4503
3683 1871
3928 2902
983 8
334 1642
4850 2790
2485 2490
4499 2080
4381 4600
2112 2077
1891 1017
2612 339
1135 136
355 1684
1775 3167
839 3190
1945 4523
459 1014
206 4762
3700 2648
1850 4468
4680 4893
392 803
878 2353
2963 4065
1525 1023
2367 1156
3809 1620
4429 4209
3728 2485
1445 4002
3914 1070
4438 1765
135 1656
881 2003
2082 4318
932 2768
515 3045
1506 2646
4827 2717
487 753
1272 248
4713 3655
2616 2501
3267 3286
2067 2377
1683 3793
2905 700
2675 1577
4226 483
4997 1844
4692 4168
3919 1524
4823 530
3125 3742
4453 1385
4318 1173
669 242
4879 3988
134 1347
1196 2381
4753 2837
2461 3680
4351 1787
1085 690
4673 4979
2021 4609
4495 4119
839 4962
3632 2328
4791 1680
3696 1417
4140 2322
1583 4091
204 1095
2502 2274
821 4648
1141 2555
3320 2594
2680 3496
1743 2646
4624 2146
4031 887
1957 2090
41 672
2393 1996
4787 3935
1720 1896
3452 4082
4060 4094
4484 3764
4973 1877
3889 836
1165 1337
2302 315
593 3655
2638 240
3003 189
3830 233
2028 4507
3657 3832
4736 4728
4389 0
3394 4875
3834 4690
3526 4967
1363 2048
1709 1713
421 1933
2691 1905
1380 1488
3332 4363
1093 1971
2517 1993
1646 4876
3032 2791
442 1503
3631 730
1144 101
1865 3965
155 702
2762 2458
1677 127
4364 3354
2348 4135
2084 761
2638 2548
839 1793
681 109
3748 1969
467 4019
1731 3321
2968 3793
578 709
3546 3437
4393 2348
995 2474
1267 3132
1702 1091
845 547
4435 3086
3691 4244
409 2723
550 2388
4925 3696
786 1057
3601 2738
2203 550
4488 1970
4911 1269
3254 4754
2574 258
2973 3050
3575 4439
74 883
693 4489
1061 2198
3606 3646
647 2946
1315 2034
2862 2233
1195 2389
1284 4590
1819 1586
2446 3454
2464 1486
3432 4096
1357 3115
3406 3785
4016 4737
4541 2792
3350 256
1103 2539
3167 2828
1134 1540
1212 3661
4504 1596
3877 2809
456 2995
2671 1753
4365 2809
2075 2085
1396 3139
3265 4132
385 2437
843 757
219 3416
4806 4459
3805 1265
3091 2584
800 1062
1341 3489
3566 2389
306 3298
3177 2683
4828 2158
1330 4206
2386 3092
4950 1040
1007 2689
499 4056
988 4207
1328 2287
2665 3247
4506 2155
2878 3464
2178 971
3104 4227
1580 3368
4624 3770
1323 2092
2733 3517
600 1651
2425 2745
994 2690
4345 710
3311 4632
4582 2995
4304 3895
1345 583
2714 3343
308 3855
3385 2808
4315 2847
87 817
4393 1911
1274 4058
2902 1172
4060 2970
2366 4871
2692 2022
4949 4398
2258 1719
4175 2117
1815 1639
3012 4169
3274 1607
1216 1241
3223 792
2705 2617
4211 3532
3321 1788
4067 3936
300 2301
3913 1161
3179 1578
1616 2311
910 2622
4063 522
1001 4169
1265 912
2277 4751
2046 753
4895 2250
4474 3039
3798 1468
1611 109
4246 4613
1352 1306
4529 4332
4340 1666
4181 4422
2634 994
2481 121
3627 4262
2841 340
2851 3184
4745 3613
217 607
1533 4518
4893 90
2135 4213
3764 4543
4074 766
1822 2341
2667 831
1625 786
2584 3712
534 538
4241 2492
1617 4045
3802 4801
2511 4755
3106 1160
4072 4694
2982 585
2211 404
2671 3799
321 3192
2642 4779
2217 348
1654 3832
4835 3541
528 218
2096 307
4834 2755
646 3028
2170 2156
2674 2308
3302 3140
4614 2994
1510 2128
3738 3986
1066 1007
3910 1522
1642 2121
430 2388
2860 1236
2270 4959
1008 2858
1789 3946
2320 4162
4150 3726
3291 4361
2896 1927
529 2685
72 263
2824 3646
1309 3103
500 353
2201 4395
2998 3402
79 8
3643 3350
2111 412
3861 3779
2375 1402
3856 1068
740 2857
530 572
998 4777
1789 270
2721 2145
1545 951
4895 1135
490 1857
3107 2485
3665 4036
1777 108
814 3267
1538 728
3475 4825
3331 3360
4100 2398
4780 144
1795 113
2742 3949
1816 1380
4942 4548
1893 4519
1158 1503
2767 242
4971 3717
4344 1442
3569 3981
3114 319
3162 4463
2502 56
4581 1535
1731 2635
3915 3302
2650 2557
2421 4991
941 330
2834 1347
416 3178
4709 3626
4159 2296
2170 3007
3391 2040
761 1606
2362 4789
3707 4132
2170 588
2506 4211
3198 2296
4581 233
3242 1739
4816 3292
4704 1669
4474 1172
693 364
2560 1541
3703 2737
3415 4311
4514 3219
4935 2644
1722 4634
818 13
1834 489
2340 3585
1483 2281
1229 1443
1408 2831
225 679
2990 2865
1673 217
1433 2066
4803 3195
1882 2975
4116 1929
613 4141
2341 3625
478 881
4411 604
4315 2164
1368 2276
2093 4057
552 626
4056 1053
878 3469
3194 385
436 3864
3432 982
3601 2400
1804 3519
2381 872
3291 4236
3777 1844
4979 3152
3857 1199
345 216
2155 1369
1224 77
513 3984
1078 1681
2833 3785
1160 4363
3567 2307
3982 2782
176 2409
1025 756
1263 2434
2977 522
1141 439
147 3857
4305 4928
4744 4265
3455 1675
889 2321
2749 3786
373 3455
4544 1383
613 832
1973 527
551 53
507 3089
438 763
4750 2058
3363 3565
4935 2478
3109 2520
182 156
2651 243
1986 454
130 4720
3423 2836
3107 4228
2262 1988
892 4191
1362 1456
150 4575
1862 2301
1102 3568
4069 4987
101 2264
3977 2997
3730 1482
4597 759
2896 642
110 671
2394 2767
1380 1818
1298 1770
3710 2892
1297 1946
2507 523
1624 4177
4805 4648
4773 4030
2200 2995
706 384
529 4218
3632 3203
105 1933
3305 538
2089 3817
1274 4298
3527 3504
4423 1007
110 4657
1976 4149
2436 4057
4033 2501
1436 782
4392 218
4236 1588
2647 2455
3170 3590
3058 2879
4839 3762
322 2568
837 3793
3648 2868
3869 1185
3349 870
3481 3738
478 1478
1080 4081
2013 4585
3295 844
26 1360
2301 467
3712 474
4135 1503
1212 489
2298 4498
3401 4031
4064 426
1311 1490
2881 1675
3690 2171
3650 4304
1198 4879
1427 1286
2359 1416
907 749
1943 995
2670 1884
3673 4030
4414 872
2571 3566
4743 2952
3160 4706
1452 1216
2291 3424
2424 3881
544 98
415 4233
1436 1037
667 3708
4349 1118
2986 3966
2507 4984
1508 3067
3638 406
1002 1798
1249 1281
4714 66
4860 575
2575 3664
4192 2921
53 190
900 840
1475 4360
1700 2235
2129 2654
1153 471
4993 1674
1835 2139
1986 1548
4530 1230
1511 4996
941 4128
1094 3363
105 1770
4908 4062
1803 4786
3869 4783
4313 2959
4042 1074
1267 2446
1339 3250
655 351
3292 1934
3346 1063
1781 2795
1370 1802
3640 3406
4664 44
1951 2750
4803 3725
4870 2148
4031 775
412 3809
3285 4125
1815 4754
2044 3226
693 1954
885 3394
1895 3180
2948 2321
64 211
3978 1150
3355 817
1440 196
2330 4208
358 2157
323 2896
3753 1163
3093 4246
818 4069
632 2085
3099 2314
3114 1403
2549 4101
2798 4971
2710 3165
3648 4330
1590 1935
1571 960
1016 2010
707 2654
3413 2463
678 1326
3339 2619
28 3003
3901 2363
1776 1510
4157 1915
287 337
373 2107
2806 4812
50 294
4792 2075
2673 4320
900 3496
924 1587
1749 2970
181 1846
2931 3505
3915 4075
2406 2276
930 3371
3427 1617
445 2513
3640 1793
999 3431
3281 4542
3998 3417
1405 217
4473 1988
4146 3300
2944 2298
4908 1289
138 1966
3549 4765
2716 2958
1847 4197
717 1961
3013 2259
159 3127
2888 4085
3343 2063
980 490
4390 489
3906 2961
4104 3889
2321 1233
3785 2348
4446 1199
1319 4851
2634 1271
2291 3481
4114 3762
2481 2210
2290 4823
1647 2514
2867 3297
1051 3167
996 4142
300 4572
300 3312
3971 2714
1709 2137
4634 1357
2044 607
2970 4457
3933 3930
507 4880
2356 382
1204 105
494 906
4842 4229
3462 4915
4565 3513
2947 3341
4662 603
4390 1808
2789 3572
2746 1747
3168 1185
452 4071
325 2181
2130 2826
2400 766
4400 4607
3016 1130
3461 415
1595 2510
804 70
3954 1242
1175 1820
1760 2037
4909 2030
4580 4521
1596 2576
4429 4555
4178 2538
3637 2737
3693 2644
2422 3024
4579 2647
1361 776
3115 4962
3374 662
3178 526
1886 2311
3994 2798
3076 908
901 1838
562 415
303 79
2279 3327
3505 3555
4206 1699
938 3204
4474 4929
16 4596
4269 3714
1036 280
2048 1220
4828 4222
4117 43
4786 2792
4800 1005
4905 2732
4020 360
4231 1433
2953 2683
3398 4840
2891 4214
4653 988
3967 4758
1980 448
3486 1289
1581 3796
2492 3194
1765 2668
2834 2594
1201 4493
1791 1772
2398 4819
4829 3618
377 2300
2840 3729
3301 3307
1578 2678
346 251
1985 507
4402 352
2689 2154
4896 2307
4230 21
2906 3482
2106 408
3909 4321
3613 3012
791 4089
1955 4936
135 2691
4719 4190
4656 170
1581 3015
2645 642
940 2676
4223 3072
666 538
1786 3736
2194 4329
3894 733
2537 1177
3456 529
1215 3034
2928 2585
4384 3318
4422 3787
2274 3461
2438 551
2841 1541
1970 3071
845 588
4847 2325
4389 3732
2655 1823
3277 2449
2325 297
3027 1962
320 1384
2024 2593
4198 1294
1257 2121
954 2647
1717 4803
3985 2407
3169 4085
174 605
1391 3944
4661 1736
1782 3300
876 2197
2946 3330
3773 1786
2148 2053
2664 258
4212 1462
4141 3646
4490 4339
1048 164
3573 3788
3205 4558
1395 4057
2227 2321
4926 2499
429 2272
1952 502
4419 3949
2653 151
151 1316
4455 1648
4043 2556
447 669
4912 1307
3959 3282
1002 1781
1445 1587
3031 248
3929 4823
4046 2070
3479 3274
1156 4224
3360 2606
561 964
955 1213
4297 2731
881 2614
4231 4674
278 4249
1004 4242
1811 857
4765 1990
1073 3981
4051 4001
3752 4794
11 601
3029 353
2358 3428
4450 3544
4259 4565
2183 696
1479 75
2174 2771
2407 1559
3764 4375
1228 4831
4875 4228
1998 2540
3133 3038
3284 356
4580 1822
2158 3261
68 451
806 2455
4513 329
4595 2677
3957 2596
3469 4872
4378 2267
2399 1711
1573 1939
733 2190
787 1567
4839 234
382 4921
1430 3199
2576 4784
3940 4038
4873 4318
3736 4807
3779 1236
846 430
2529 2516
4957 2893
4400 3058
1770 4022
1326 4569
3803 1499
4791 2118
4541 2629
3135 4019
1078 77
1361 1754
3895 1129
2062 3771
2585 1246
3322 2324
265 3103
3448 3045
3070 3848
3157 3189
2014 1113
2570 4156
1281 1642
3627 2525
3157 4136
2740 1847
1216 3057
3212 4562
1724 3969
3001 1873
3077 490
4203 2615
1294 3737
2757 1298
978 2443
693 4583
3406 4100
4893 4240
539 2855
4962 2065
3329 1911
4738 4035
815 4168
3555 746
1848 2075
766 4802
2543 4869
3185 2193
4043 2155
4460 2624
3261 1427
100 1172
2982 4266
611 2595
1550 1870
4857 493
311 3503
3124 321
1016 4135
4362 2304
2069 1826
4783 258
2244 2516
4162 2484
778 4998
690 531
4020 1413
3542 3648
1106 2519
57 1087
3613 178
772 333
1802 1987
3078 4933
3678 2992
3671 207
4041 4115
3450 943
3679 467
2384 4597
4905 3112
2321 1958
3083 4563
190 4143
4806 4936
2386 4393
2653 2497
3551 301
3941 3808
1020 2148
2998 1704
4276 2340
2222 344
602 4019
1789 4286
1288 4297
2795 1716
4591 4182
3613 4658
3561 3885
2534 3256
2226 3156
3890 2941
4005 465
126 865
3667 58
4027 659
2742 1801
3418 776
1187 658
1201 4553
4014 443
3155 1687
3440 303
4166 4006
2115 4838
4214 1467
1310 1533
1303 4107
2939 2725
696 842
766 4931
3850 4701
1769 4164
2511 4740
4034 1162
3016 1631
94 3439
4255 3916
4406 828
4851 2394
4256 263
954 3822
1 4592
4361 751
1438 198
3430 3952
889 3778
1294 857
4096 2263
3243 1442
1650 3269
989 1894
3315 129
1922 3016
3351 1138
4824 1948
4835 3851
4638 3812
4879 3336
1947 3949
1223 4215
46 750
497 4812
372 2605
1121 2776
2609 1686
2399 231
3253 1688
162 589
4327 582
3502 2341
2944 655
2281 4006
2462 3762
2444 2698
1793 1337
4877 2523
2963 425
1057 165
2256 68
3174 202
172 2075
4302 3302
3028 3835
4431 4608
508 786
680 3009
1528 3406
1006 476
2958 4843
4821 802
225 3775
4362 2400
4017 4212
3901 3792
853 2161
2628 3169
4242 4605
4986 3700
685 2145
4310 3172
948 4305
1200 4305
147 2527
2142 3833
2243 1355
4285 2675
644 2963
1579 1722
4387 227
3673 2994
3399 2914
2719 34
4718 2377
4487 1165
3988 1712
4563 3295
3251 926
2954 49
2526 276
4021 3529
399 1911
3976 1866
3689 1017
4652 4947
3231 187
4106 3358
1003 4193
1082 4783
1987 4882
1905 3751
94 3698
2249 1900
4597 901
2282 2471
1188 26
4222 4057
2271 4754
4603 690
1529 997
169 304
2528 4967
2667 3545
2317 3555
2122 1958
199 636
4093 1620
3431 2940
2957 4119
1862 4035
1445 1540
3850 4414
3662 780
2855 4985
3272 1625
2083 746
1694 3238
2522 3684
2256 919
2696 4444
2331 3634
1453 1276
4550 2904
3578 714
4627 1340
3522 1292
2702 3647
2971 3514
2657 3590
1692 1455
1965 3145
2369 389
1526 1464
137 2149
3534 2835
952 568
793 422
2737 3533
4760 1272
4027 720
1887 1495
1109 4011
1105 4666
1644 403
2675 1587
3616 4625
4486 1710
4887 435
494 346
689 383
3759 2019
4427 4923
3048 4537
951 4308
3031 4736
3112 1457
4868 45
1099 1588
4970 3442
3584 2685
3304 4511
1753 850
4941 2381
2330 830
586 4600
814 1132
41 296
3818 4753
675 4572
4322 1044
2128 4284
4586 187
4351 2257
4872 2707
3582 3595
3516 1403
4779 454
513 462
4984 3690
2069 1035
3317 598
1044 819
2208 3185
2283 2102
1407 1948
4208 2906
350 2807
791 1393
2332 238
2880 445
3928 2216
2476 1867
4913 4661
1653 4042
3 2905
1685 1990
2293 3240
951 2301
1847 3368
3474 4894
2792 2182
988 1721
462 334
2635 4942
1751 858
407 3222
2092 1358
4579 912
2526 1494
3170 185
16 2973
1158 859
148 2075
2995 481
4745 26
474 1308
4090 237
3050 205
2066 2668
522 3880
2332 3417
3073 2329
4367 2353
2229 541
1094 735
1658 3759
2509 3379
2451 3206
1983 3338
828 2144
725 1114
1104 4150
2537 44
4054 4827
2776 1743
1030 4081
3950 1317
2578 2194
444 3460
3327 2728
2140 4211
219 3897
3333 2678
1168 1595
4530 1241
4006 2576
2404 3253
3176 1342
2024 1881
2748 4726
4587 2617
3726 3542
170 2267
1118 4389
1327 3332
29 1403
605 942
4415 995
4956 1428
1955 4198
4512 3828
270 4244
1364 639
4228 473
3444 2968
120 1090
3640 4078
2772 955
2420 3704
1297 2207
140 3876
858 75
2789 2084
4188 3983
4543 4366
149 3602
4094 1727
3414 1305
2704 1843
3643 1227
1913 923
2879 2996
4778 4819
2324 1900
280 2687
1344 3852
4544 3937
4499 1764
3440 2626
1653 3908
3969 3939
1652 1981
1056 3638
83 1186
772 4822
4511 1993
659 40
491 2072
2069 1044
4027 2565
4297 2908
2173 919
4342 3191
867 914
9 1530
133 2235
3318 493
4988 2809
3226 1734
3913 4692
3165 756
3420 4229
1917 689
441 3905
605 3300
1804 2562
2084 4283
1773 4420
162 2802
1695 4385
1054 3098
4210 2770
370 1801
2928 2059
1824 425
485 1426
3190 4616
3239 195
4772 1804
693 3275
1559 2857
2124 4199
2885 600
4829 4336
4625 1829
3802 4829
1801 3661
2351 4245
2218 3850
4021 4184
3525 3285
3145 2792
2083 103
3684 609
4188 420
1187 2202
4333 4188
1431 2328
16 2863
3439 894
3765 2973
2825 2866
2511 1791
968 3806
2465 1085
974 4458
1031 2517
3011 3019
1320 3605
2310 786
4281 4293
2672 3451
3862 2420
1752 2408
1241 821
4432 2362
2173 549
983 164
1171 3716
1592 1060
1371 4550
4480 3694
592 509
4709 4646
4810 3341
1273 1178
487 1171
2678 626
4051 523
899 501
2555 2357
3181 2937
2562 4154
3009 4430
3299 617
2053 1368
4821 553
4174 2144
3324 2714
4412 1910
1180 4420
1530 4100
433 3435
186 2242
3674 1470
4774 3361
2611 3770
1840 662
3122 4968
3818 4086
1761 3704
3194 1344
3530 4401
2869 772
4553 2070
629 3310
411 4078
4565 3630
1540 3855
3377 1575
166 4736
3850 3577
2309 3994
727 4630
2944 43
3527 254
4242 4831
947 80
1486 4658
1161 4829
2345 3407
802 1946
4745 1886
1429 2378
972 2261
1477 4541
1403 4926
2309 754
2325 3625
188 324
3872 1526
564 2492
1266 2305
2468 3914
573 3954
3829 337
3137 1271
1081 2335
4764 4737
2679 4805
3133 80
3883 2409
4038 1228
2163 2734
4991 1537
4669 1005
3142 629
2404 482
788 4274
1809 3709
2540 4235
3909 4627
2085 1260
1077 936
271 3554
1438 1467
4106 4436
544 1727
3329 4805
3671 1930
3574 4151
4972 603
1495 1126
2363 413
2126 686
1006 778
4982 1409
3150 2086
377 2609
3145 4922
399 727
63 4264
3640 661
4206 3954
4131 4318
3998 3578
1319 2688
423 1181
1262 2179
4830 2321
3210 1873
3407 1023
1431 3082
3788 3967
104 1450
3419 192
3526 1969
4525 4512
19 3288
2579 142
4845 3563
267 2617
2070 3887
2465 1357
3983 4633
1017 1578
3533 1528
4304 3384
2220 136
762 3395
4744 2756
4653 1686
2770 3095
1045 4719
1943 4231
2762 1672
117 3463
1803 3573
2414 200
4917 375
3815 3651
4631 532
11 3189
29 1896
520 2359
4716 788
2067 1873
4069 4705
2231 139
4499 2777
3832 1216
2478 499
3790 1719
418 3929
2301 3447
3913 2607
1537 1038
4421 3346
2591 2070
4482 2891
4439 4805
4216 3135
1437 287
1118 4468
4215 3170
1777 3378
841 686
2637 4643
724 2215
3939 4560
2989 2408
2192 1746
577 798
3398 2346
1838 3502
1827 4982
773 3060
2391 4624
3948 1913
2540 868
1816 216
166 621
1767 3253
745 893
2811 1674
3730 2976
3067 3472
4838 4619
524 3430
3990 1207
3148 1313
1084 4596
4279 4384
791 3291
994 787
50 4036
2461 3928
2020 960
4086 1209
2952 860
2088 2021
4508 3355
1803 2513
854 1455
2652 3467
4595 4244
3885 1883
4313 1593
1840 4927
4676 3212
1637 769
3558 1584
2634 4847
2167 1389
4050 2886
2477 3029
1286 268
4092 2230
4208 4297
3350 2121
1999 3985
2334 2422
3781 1777
3327 2730
4452 1043
3625 4062
3398 2455
4715 3421
2348 3624
1612 3514
1622 1249
4243 2083
4594 2066
1807 2854
2088 939
153 166
97 1523
4110 586
1623 4701
2416 4666
2624 3048
2243 1223
908 1698
1813 3646
1598 2680
1255 969
1952 2444
1440 4354
4502 4012
3169 2373
317 1947
331 4313
2492 4462
204 4114
208 693
2721 4006
3366 3076
3878 2305
1218 1684
3384 4744
3868 3579
971 3255
2498 69
1519 2311
3456 1374
925 3640
2476 4141
1960 334
3158 326
4831 4915
4212 980
4910 4993
2772 4008
4844 578
1019 3923
2072 486
3915 2485
3301 2800
1697 3855
1292 166
3347 1587
4272 2531
2936 4221
4572 914
2050 3022
4233 2377
3343 3182
3500 2888
1126 4283
1388 1700
540 1842
1801 4373
2062 3633
200 2208
4224 550
4707 4465
2516 4400
4829 4081
599 1088
1371 2240
781 3475
782 1768
4229 2319
2597 1478
3190 247
3776 3708
2041 3293
2103 23
1553 4939
3456 4203
1445 1799
2424 2566
4374 4136
3089 3600
563 3105
3425 1293
2794 3841
1523 4484
4881 267
3415 4663
2794 3313
3668 4775
3229 673
1966 219
4584 3513
3707 813
218 2860
1775 4329
4757 496
3383 2003
3137 651
514 1748
1373 115
2171 2504
2896 3727
3612 1488
294 4389
1325 2455
2982 2776
3266 1538
4096 3173
2578 377
2428 3995
1356 4397
3605 3236
3916 3957
501 788
1122 2745
1490 3862
2451 4290
3934 1581
1930 2948
4868 2974
2031 3953
94 2255
3183 4539
4372 3356
2084 3261
3686 1078
1819 1758
2387 3624
4907 2956
4354 1800
3269 3161
3670 4501
4999 292
4878 2123
723 2527
1050 3129
3709 3689
410 3587
3905 3047
1328 1377
1322 4443
3294 3475
4408 4073
3834 3831
2617 954
2446 2553
2599 2391
3987 2477
4786 3148
1334 1556
1901 526
3603 49
515 938
3614 3935
4556 2236
384 3249
3955 761
134 861
1359 1449
3366 806
2425 3180
2563 2276
3605 1104
3791 1890
4281 3300
744 1292
2114 1581
4059 2035
2750 850
2581 751
4469 1349
4433 280
2985 3265
3475 696
268 2283
2955 1320
3736 3862
3518 966
2697 1335
1910 1456
1015 2137
1201 3952
3648 2326
3719 2787
4378 2700
637 1047
4622 3191
1150 3689
3736 1400
3889 4369
4787 3674
1958 4203
1641 1180
482 210
4824 4664
4283 466
4536 2320
1285 858
4969 3199
2362 3965
3882 3283
1240 3220
3132 3933
940 3121
773 3778
708 2098
3600 2298
2274 1856
3521 2730
21 4236
3694 4736
266 2261
234 619
3423 4464
755 3492
2608 2132
2603 4029
1522 1080
2963 500
981 2892
2195 1995
2023 1513
3303 4168
1955 446
4828 620
3937 2320
2024 3394
4879 2164
4430 1191
453 2524
913 672
805 3389
56 3652
3385 849
4632 4087
447 3357
2879 2527
2576 4577
4564 2959
2478 4775
3325 3966
4299 2234
4448 2387
966 2933
2707 3527
1641 4244
1910 127
1806 499
2270 3589
72 1170
725 570
1693 17
1445 3018
3649 1710
3132 1692
4590 2240
1160 4132
1335 3702
2219 2870
1892 73
4490 1377
152 59
4936 934
2974 3523
4272 860
4490 4047
823 1386
4100 2868
1168 168
1798 2628
1417 3106
3767 2012
4042 3313
617 2081
2454 72
3612 4399
4930 4048
4845 3926
1642 3656
4377 777
1131 4117
4900 1788
2699 482
4294 1065
28 4028
1477 4655
1280 1501
4526 464
1487 3571
4596 2862
4571 2924
3635 4729
4925 3679
1350 2767
2256 266
1324 1944
1258 4828
1681 3517
3635 2687
1729 3373
3479 3236
3656 1940
501 4626
2301 3304
4986 4204
2893 3288
2640 206
2187 124
4255 3548
3413 2611
3982 3927
914 573
1506 3533
3079 2822
605 2612
1585 276
4330 2722
1588 2549
989 4324
3114 4359
3192 113
992 4669
4095 435
3386 1451
4757 3689
4751 4999
1360 1435
1343 3188
4527 1644
4600 3492
1099 4973
320 1873
2787 476
4861 4712
674 4528
3097 2834
4612 671
3761 169
3830 430
2668 595
242 2964
1712 78
4617 1747
1039 2505
4684 3316
1041 978
4171 575
3964 3793
4950 836
1407 2696
2554 713
3100 2749
1786 2280
363 4518
1007 2627
2051 2648
3227 4919
1027 2804
4447 4050
2567 2135
4877 2867
2702 3300
3887 4933
808 239
4982 1023
1989 4129
119 755
2761 4907
808 1169
2772 1505
3544 4719
189 1150
2052 3615
1902 4349
845 3277
290 3098
4751 1851
1395 382
3125 2564
1561 1945
4528 4073
349 4255
3711 491
1403 4698
3543 1502
3782 2567
3556 1685
2133 2792
4400 136
1019 2557
4599 3399
100 2896
3334 3450
3884 3364
1408 2687
1482 4777
3903 3374
1233 1094
1244 4732
158 3771
742 610
2277 2083
1286 2450
2535 3282
267 1766
4591 3961
2433 3981
4794 4371
3061 4218
2412 3162
99 3170
3215 2435
3240 2538
974 2667
932 283
3351 261
3375 1435
1239 2553
2300 4337
1680 786
386 3613
1437 3083
2095 3161
1919 2263
3768 4624
1720 1301
572 1426
660 748
943 929
4063 2289
2433 763
4617 2466
1086 1012
1518 3237
3689 3095
1835 2002
1929 2617
3643 3713
3806 3490
919 2258
1180 4120
3556 4584
1206 2602
4077 1336
2910 1134
4161 3228
1225 2488
4584 2022
3880 2240
3488 3675
712 183
2788 3526
483 3341
3243 2870
3000 1481
4510 1774
4957 4590
3211 3798
1421 2023
3399 2947
3260 487
2457 1024
4359 1343
2881 3118
4688 3461
1623 264
4751 1701
4463 4908
661 2631
2306 1870
3082 1788
2185 3255
2998 94
851 3149
1708 1276
69 1216
275 2767
1681 4633
2014 579
3463 3614
3699 4421
2495 3526
2633 806
2905 2390
4866 3753
1876 1310
416 1855
3355 3387
844 524
2438 889
9 3549
3572 156
2503 433
2733 2123
4500 4737
622 3970
861 1533
1518 1683
4570 4469
3213 3128
4343 4409
2013 976
4734 901
3032 1028
442 612
585 2156
3423 4911
4062 3010
4269 970
3595 3843
3820 3956
2498 4429
145 1282
926 3154
3342 4390
1920 2264
4199 169
1104 4089
4489 618
389 4318
1309 1905
3647 3835
1802 2949
4281 1599
2553 3887
845 2307
3801 2113
4736 1900
635 4678
2868 3879
3161 1998
4836 1816
4359 4894
866 1878
3155 3843
2556 4334
4704 4281
1502 3915
2622 1892
2161 2863
1118 1290
4008 2393
201 4123
291 1315
1672 4998
1308 1814
598 433
4343 2972
3266 228
2375 2610
4537 475
1307 896
608 294
3624 4751
847 4143
416 2414
1417 4120
3856 4600
2607 4646
3975 1813
1580 3326
4698 3539
1547 1154
1332 3314
3741 3959
3323 3129
3080 3542
4566 2352
4193 550
3034 1651
609 1947
3596 4879
741 2085
2593 4028
4967 4607
321 1463
1394 4137
3689 1155
3483 4701
1464 2020
4292 571
1305 3495
3178 345
263 4273
4022 2723
248 1307
4992 4523
2648 439
4446 884
702 3777
4677 1537
2659 1805
4471 1933
2855 4121
4170 4726
3909 3126
1354 252
1855 4129
1740 3616
2324 776
2579 4842
2558 2843
3984 1275
4648 1137
3130 2323
4860 4596
3941 1664
3227 3634
1910 4261
1094 3552
261 2122
3465 4597
2803 501
4391 241
2043 3829
881 3401
821 3167
1151 63
3773 1824
4105 1754
4818 4005
1031 4359
2523 3121
2597 3963
3988 2676
514 110
446 3773
1504 1261
3748 4844
3454 4997
3409 4110
3136 4375
871 142
2616 780
1507 2109
2662 2622
3877 973
4163 1504
3051 1432
2019 2459
4164 4968
3185 4471
1746 2754
1644 1802
481 2380
23 4552
3668 1823
3591 271
982 595
2341 3413
4918 1910
4843 2944
1812 2881
363 1938
2841 2879
1859 415
2211 315
1765 317
349 3157
211 23
3877 256
824 3301
3374 4107
729 2212
4990 4898
4594 1894
242 1960
4085 4709
4262 3915
4197 1793
4625 1100
2120 3251
44 26
307 861
995 10
1408 1113
3788 3869
1491 1699
1333 4158
3066 3363
4034 374
4090 3787
1356 1654
2102 217
3117 1497
4939 2177
3263 4667
2583 3251
2492 3657
1639 4364
504 4766
2688 828
1531 4040
3949 3995
1067 637
847 3376
71 4133
3707 896
726 2709
2068 3975
773 2861
1066 4358
4191 3839
571 4074
359 836
3973 3053
1201 1701
3077 4139
4998 155
4946 4906
4942 1747
3323 1063
704 4146
975 2017
2245 4360
3899 2140
4395 156
2349 1133
3669 2492
1976 93
1127 3063
4224 4692
2536 4474
4405 1931
3472 163
277 2021
49 2165
4514 4027
4458 528
3963 3715
4805 4380
4573 2804
2018 3146
722 1201
2653 4495
3434 79
1963 4734
2726 4437
4498 4137
2244 2975
3998 308
2748 1719
1871 1398
1848 3280
3720 2644
4994 3776
2755 3116
3400 586
303 4075
2675 4317
172 387
182 4901
3997 1973
2761 4340
3683 2175
3524 308
691 3474
1 3132
3774 4866
3154 2652
3127 1002
4570 3918
3577 1996
3256 3019
1958 3659
2853 935
1676 805
4526 2811
265 4744
2158 3013
744 2287
99 718
2900 2680
4200 2912
81 3430
4363 1697
4802 3215
2845 4760
972 4929
3399 291
3994 4773
3236 1547
1898 1840
1761 2260
4525 4882
4984 3069
2387 37
2620 4856
772 4668
767 2911
2404 101
2327 3940
4318 3269
776 586
2049 238
4339 2725
2696 3623
683 2403
2274 104
1408 3254
3178 241
3541 2367
2738 3414
83 4648
208 3505
721 1093
4435 1964
1179 2264
2286 1345
2343 4896
1266 3072
1567 2974
3195 2252
200 3236
41 954
4841 4466
2678 1103
455 2910
3967 4901
3085 911
2924 4818
2489 3471
2281 3462
1378 1802
727 2350
3453 1687
2549 2122
271 2706
1295 295
205 411
4729 3713
4175 2015
1389 1233
1075 32
1288 407
573 4916
1306 1405
3804 3327
4748 2063
1488 510
1828 4058
1392 2113
1796 3984
2696 1428
2889 3613
3807 1667
3631 3706
4422 3583
2866 2267
964 3281
735 3759
439 3513
273 3516
2526 651
383 2716
2641 3183
2962 3552
2706 940
1213 1831
1884 1441
4397 275
449 3464
1296 4936
2331 4606
4954 1258
2344 1243
1850 3594
4704 4963
1211 1468
3906 4670
4470 904
1138 2626
3965 3275
2176 3371
3626 4146
4426 2757
1742 1659
1265 4102
3654 4575
3888 4410
3408 1152
1041 4835
3555 683
3795 101
908 4281
22 1188
2917 4088
622 1555
4856 801
1981 1666
4033 1166
4171 3739
4689 1322
2377 1737
1999 4860
1756 3045
4577 777
3332 470
4120 3190
2996 2028
1473 639
1996 3970
3256 4039
1857 3950
3935 1436
191 3493
1949 3398
3069 2936
4025 332
686 2637
645 978
952 2956
3552 2763
2885 3575
3780 3720
2991 3308
1462 4530
209 3090
2539 2969
320 3494
1855 4553
1208 65
705 958
3915 2167
867 3197
4900 1631
4574 830
698 2010
434 1905
2464 106
4146 4292
3649 4928
2054 3614
4312 170
1938 3387
446 2815
2828 3573
133 192
4315 4043
4809 2693
4627 2840
1214 89
1036 371
3285 1636
1530 3639
456 171
2576 1758
3941 2773
1326 2807
3271 980
3241 3376
2287 759
1809 2498
4082 352
1150 696
3644 3862
2284 355
2482 3809
2621 2182
2621 4566
3389 2680
2442 3422
4801 2907
231 3559
865 3704
3984 1286
2460 1677
3879 2215
1115 165
4586 2964
2206 2346
646 4430
3618 689
1082 4370
228 1913
1286 3627
2991 3402
418 80
3745 543
291 2873
4947 4223
880 3300
2632 893
75 3286
2069 1042
1675 808
1998 1356
3790 1896
1266 1501
1227 1744
1428 2427
373 552
2123 4559
3412 1019
3363 4660
2854 792
706 4614
3963 2536
2375 2261
326 2238
4324 3740
4847 2232
3508 4458
2125 3977
2271 509
2265 1200
2107 4989
3245 3128
341 2644
3460 4973
1629 952
1539 544
39 2219
2421 4471
4998 4896
3876 2556
1971 2841
2491 736
4531 905
4817 4444
406 2219
4527 4820
3356 2222
4507 73
1986 1221
2973 1425
2466 351
2150 4748
1985 1776
3577 246
2009 786
1074 3140
2863 3556
82 4941
2135 4740
3509 694
2155 3564
4418 2602
2595 4455
3169 2893
838 2255
1116 4803
886 1308
2868 4297
2234 3530
108 1631
3525 4672
4386 1945
2299 2816
3714 2393
2988 3960
2149 2035
1297 4052
158 53
483 2430
1565 2768
2604 588
3869 311
1261 947
1456 1979
3238 4597
3826 3696
3084 77
1074 4608
3700 4963
3629 2002
4622 3512
3925 1055
4325 1575
4599 905
986 1926
3995 775
864 4064
4860 113
1091 2473
1846 1573
522 2717
1095 2268
2067 1173
4622 973
3645 2095
2680 4363
681 465
4178 301
4994 4497
3161 2018
59 2156
989 830
848 2745
4476 2918
1428 4153
1666 1156
3505 2326
3870 3559
2703 389
2288 1067
2419 3617
3031 2064
3457 3550
1367 1914
652 1286
4783 2300
730 1907
1017 3273
1253 2818
3802 4041
3332 4280
1977 116
4144 1660
4949 1830
1898 904
4662 3295
402 4909
2246 2069
538 3523
4017 2289
281 2370
3407 1803
3027 4040
226 4283
669 4199
1018 93
3279 281
4302 3080
4547 2179
854 4619
145 2059
1868 1412
3077 4784
3160 1599
1320 4661
2066 3215
786 761
4354 4020
4890 2198
2740 2009
276 2291
4256 1984
4473 1104
1629 261
1333 1318
4750 1428
4361 3961
2588 2904
4184 4772
4898 4328
1279 1255
3384 3040
958 4622
1655 2410
763 2761
4404 2047
197 4915
2584 1598
1830 1050
3187 246
986 2971
2400 4684
4036 1639
4212 1140
3432 2197
376 86
4883 1061
3614 1199
1246 1183
1209 2425
3746 902
4781 4096
4845 4620
613 2193
2738 522
4411 433
599 1292
986 383
3088 2984
1455 4351
4113 3729
1838 3924
1136 1044
4425 3185
3633 4478
1651 469
4611 3512
3675 3633
3800 1696
4348 2614
138 3229
2577 3680
1240 2775
4078 1425
3664 424
3681 2555
278 11
1527 1926
467 3719
220 1170
2729 1328
2010 2002
3434 3659
2130 3685
3032 1764
3081 3202
2856 2062
4921 3015
1840 1110
3121 750
4831 1668
1647 2533
4356 1182
1617 4096
3022 1331
4475 2237
1426 1425
1650 228
795 28
3359 273
2892 2452
640 3880
2193 1961
1480 1619
3004 1670
2367 4875
1211 2951
236 1832
142 776
2638 3447
4126 907
3594 2935
1561 4430
119 1632
3074 4775
1109 4025
742 3956
4036 708
1297 923
1361 3560
4447 4315
4371 3986
2150 6
1028 2034
4880 3203
1043 4589
1551 1332
2814 1716
2641 1585
1988 4392
1244 2182
1760 1552
1586 456
3226 1370
3085 3528
