76 263
255 78
201 195
212 36
33 291
298 22
296 283
144 286
11 133
255 53
32 83
49 215
120 36
10 136
247 101
118 89
176 285
281 228
240 141
129 153
83 114
73 19
18 299
143 115
3 268
140 171
200 102
1 298
58 70
222 4
54 176
80 30
209 185
235 136
266 158
132 199
62 98
198 188
190 4
228 35
135 100
249 159
172 256
115 8
71 33
7 219
211 113
297 112
209 146
245 5
215 45
20 16
269 209
199 92
283 183
162 206
296 31
198 11
190 39
289 175
102 104
207 204
239 299
227 193
235 293
299 235
70 166
157 261
216 81
110 52
246 129
77 9
161 86
263 195
176 125
143 214
251 243
3 91
37 216
223 92
38 134
62 255
197 133
248 175
151 256
194 104
233 197
132 23
81 129
95 108
289 55
107 81
190 195
10 228
48 287
51 228
195 86
259 269
69 157
18 178
156 115
32 276
223 205
190 102
40 39
143 276
274 206
259 61
109 291
99 29
30 253
124 51
265 167
123 40
203 277
238 173
85 257
37 3
11 89
55 266
182 265
175 263
93 147
292 231
187 252
109 26
49 133
131 165
136 110
197 32
225 88
149 24
133 9
156 152
150 119
229 7
259 197
23 254
188 86
238 272
205 260
31 140
29 16
136 250
200 58
144 191
193 59
291 294
10 179
279 28
87 217
1 196
122 125
259 144
242 90
84 66
135 217
179 146
104 62
286 121
8 206
18 278
239 146
71 57
26 15
141 130
126 51
221 103
113 284
36 222
291 32
219 2
260 290
276 73
168 87
237 128
105 64
197 271
81 128
233 259
7 178
177 150
39 191
181 295
10 118
68 239
136 252
206 276
62 231
138 156
192 50
22 105
87 232
83 149
241 30
22 218
293 278
137 145
287 215
280 103
22 39
72 136
0 25
46 115
7 240
45 279
252 32
200 138
270 32
35 65
274 80
265 268
242 5
256 254
281 191
107 244
164 44
104 31
263 168
262 157
256 149
172 31
249 132
248 137
277 221
21 174
232 233
279 266
176 202
22 90
65 21
205 275
10 71
96 95
54 197
107 61
28 115
237 292
242 95
78 143
10 112
192 20
204 242
196 168
96 137
183 180
188 71
251 210
126 78
257 57
80 159
276 70
289 60
299 24
259 97
157 125
259 152
270 180
157 2
47 266
270 22
111 80
33 109
160 294
181 260
109 224
157 231
14 190
285 186
58 117
29 82
146 249
276 29
34 146
27 267
73 164
54 126
54 31
200 209
173 211
158 117
289 65
105 0
136 251
261 32
286 27
51 237
240 68
15 131
96 32
7 215
41 254
175 87
76 100
45 245
102 161
27 185
294 214
285 32
51 114
