67 73
41 13
76 47
17 47
15 96
10 58
16 40
28 1
91 7
89 88
9 37
60 21
31 18
87 73
93 12
64 89
56 42
86 90
54 3
42 77
87 92
88 76
33 87
20 83
41 39
17 54
33 45
56 21
67 24
48 38
72 13
35 62
91 33
62 7
49 9
45 10
36 45
1 6
76 37
35 29
22 88
93 71
81 58
57 36
75 41
26 50
80 32
56 41
55 41
8 24
30 5
52 73
12 15
41 49
50 6
66 74
94 15
54 49
0 43
3 20
4 81
22 9
1 52
31 61
92 36
40 73
44 96
2 23
10 25
21 77
31 34
74 14
13 4
35 14
67 79
54 52
59 47
99 95
77 28
7 30
91 64
46 97
36 43
15 19
56 24
22 38
37 69
62 56
18 5
76 10
93 66
18 85
39 25
72 77
91 23
22 62
86 13
35 71
95 15
78 85
