3965 4393
3666 1806
1866 166
3811 3777
1609 4273
2085 2243
3205 3084
4056 219
1831 2694
4041 4569
1592 4725
2135 340
1332 2946
1891 3020
455 4254
723 1709
1447 723
1027 1717
1229 2421
2954 300
2961 2551
2340 914
2657 2586
2881 1239
3549 2687
1577 2436
4050 1694
1354 55
3410 143
4128 2379
1196 6
1151 726
2126 604
3072 3468
499 4680
2310 2304
458 1004
4459 4555
2725 4172
4684 1285
1242 281
430 176
2234 1451
4620 2805
619 1550
2622 3846
1509 2611
1863 226
453 136
1467 4023
4305 2914
4235 2081
4553 3861
3951 1553
2470 2150
4783 2505
690 4056
2765 2499
4483 226
2962 4401
277 2050
2484 1568
4419 3371
928 4150
4002 4570
3306 2906
3962 4615
4431 690
162 3062
1635 199
55 3820
4123 2630
505 3519
2361 1056
2946 4423
4048 4496
4131 2033
1395 1788
604 50
2558 1397
3192 2071
3584 4377
2243 3835
2436 792
2345 4691
2171 1491
749 3107
2439 1760
258 4179
1702 2794
4553 1756
1593 3318
104 2653
752 1024
4547 3658
1684 3716
474 1475
4273 920
3199 3587
3166 4278
2482 1583
2091 3544
3611 1678
2213 316
3235 3096
2760 1735
1519 167
1410 390
3449 650
2784 1935
4685 1593
4439 2694
3166 3426
753 3515
4419 4258
1555 3313
209 3727
4775 3002
3541 3314
1770 381
4078 1042
1363 2842
1029 3051
2271 2212
4587 1726
1526 1933
4237 578
2043 1312
918 1784
1845 3175
225 3036
3477 4268
3354 2551
1123 2781
2864 4369
4745 3144
4088 388
1212 390
545 4268
515 2357
1296 1211
3685 4446
4184 3241
4723 2869
3671 776
1391 3326
3120 2485
4312 1228
4000 3243
3091 2340
1919 3953
2872 1409
278 2612
1270 113
2455 4463
1571 1437
2685 3142
867 4326
1 883
4276 3882
3766 1431
3349 3301
3521 1330
1873 1588
4729 4718
1772 3189
599 790
2600 1803
4250 3812
116 1342
4538 2615
1138 127
3142 3875
3876 1288
1564 3299
50 3426
4101 4329
2522 3968
1131 726
1844 1865
1847 4421
1761 1075
2827 3522
336 4363
1945 3609
2476 3089
3614 8
4006 4735
2623 4566
922 4074
958 509
2336 3906
1945 1602
306 2932
1407 1446
3445 3950
3695 3509
2598 4354
496 251
3554 164
2727 1046
785 3662
472 1383
4401 3651
1852 1186
1339 2927
3898 1285
371 2413
4550 998
3537 2211
3475 164
967 3592
1142 1919
3055 2054
88 4036
3987 1787
664 2529
2904 4377
3579 3735
3975 236
1296 652
3769 4795
4261 1536
2463 136
3167 1496
2731 4147
1018 4182
3807 699
4702 106
3888 547
2010 545
2838 2611
1151 2364
1971 3349
3867 4316
2205 1632
1809 2840
1866 4595
274 4145
3607 1015
698 2333
693 582
1481 1215
1905 1834
4348 3512
1950 4541
1415 3351
1120 496
754 2732
4696 2984
3149 3834
1191 2179
2897 1162
289 2809
1173 2908
3984 1053
3434 1977
4706 3073
595 3940
304 1977
2148 4335
1963 1465
1974 3113
869 4568
3716 821
4537 53
4709 2038
25 1592
3238 1894
2290 3698
3459 4230
1662 2462
3842 3823
3301 3977
4653 1608
2577 3085
426 977
333 3321
4600 4443
1624 653
3272 3034
972 3104
3382 275
4198 1380
2402 2287
753 1474
2223 4018
1108 2783
1560 773
500 1856
1386 751
327 4362
482 3682
503 4194
4259 2034
942 1395
1043 2912
4164 3726
852 2453
2627 3755
1306 1258
467 2765
3630 932
3463 4612
2494 4349
3138 332
1054 4573
3399 2515
607 2472
989 2712
4298 3248
2587 3567
826 3979
3413 4577
4691 3200
4323 432
419 1691
715 4727
1811 544
3082 4528
1801 2588
2564 4688
1566 3223
709 205
1271 3493
3187 575
450 4380
2579 4644
4047 2847
1844 1278
3912 1881
4283 3031
2959 134
2188 4645
4210 3691
3538 520
1997 1510
2668 1519
4605 3552
949 3099
4796 3742
4333 4284
94 4471
841 3511
1703 2208
1939 3337
967 1635
4223 2949
3443 3054
3020 185
1568 776
4179 4655
1246 2334
3888 4047
2320 508
4554 1186
4420 1175
4032 3633
3827 3014
2993 4683
1430 1873
3112 550
3810 738
3619 3101
2466 4377
4734 2648
4720 4603
1345 2250
4304 2506
1283 3027
745 1007
4088 389
1377 1620
30 3
1556 3598
1153 1349
2416 2552
870 2809
4400 1947
2458 388
690 4745
3927 358
55 2569
3471 2748
375 1772
408 1054
3423 3262
1653 1384
1768 4760
4413 1175
3669 2131
2475 3721
2057 23
2113 742
3074 4497
2393 2910
1270 3010
2761 1544
4744 1652
4466 2730
1255 1929
1189 3286
4356 3756
3955 2737
4525 1960
4496 2831
4427 3031
2339 826
4596 4466
2925 3090
2862 1736
3859 3470
3073 1994
1737 32
56 1731
1885 183
1780 4708
1694 4446
2156 893
103 514
3332 1288
1035 3792
3017 1376
2014 1405
1799 2767
2462 3167
263 2628
2877 824
1705 867
4428 1172
3610 503
2949 3272
4081 1283
3573 2842
2987 1654
1412 1983
2305 3964
4195 3135
2212 625
1680 4661
1621 3568
4617 4338
3618 1226
1035 2626
4608 2579
3845 2758
1922 2326
3870 2496
1140 1768
1632 2542
3606 2202
4287 4301
1080 1800
4618 3582
47 1806
3629 2182
817 1434
4384 496
1298 3613
2864 653
3228 3676
616 2652
3972 995
1756 1860
2127 3544
4625 1981
3521 1709
2764 1551
2557 1583
3062 307
3134 4156
1256 2966
4080 2385
1113 3259
2732 1473
3617 3839
463 3330
41 2552
1014 1378
1010 1079
4119 2967
3134 4397
3519 3187
222 2154
1700 438
793 3328
1446 4798
2806 3910
231 3545
551 3641
3203 3835
2962 1788
558 971
4669 1344
2921 4759
4308 3198
4257 2152
2970 289
4516 4337
874 514
448 3233
1129 4171
1658 920
1099 4668
2024 4661
4670 2316
3692 2382
1526 1831
3597 2745
2838 2518
4019 2183
120 1341
1279 4305
153 4605
3717 2730
3812 1530
3687 1268
665 4343
783 4622
90 4252
4680 4651
594 3226
3769 1726
2690 2789
1536 913
1450 2912
3495 1397
1360 3223
6 2708
1520 1509
4789 2146
3520 1462
107 4658
4574 2407
1912 3429
2392 3658
3163 3197
3160 2373
4353 1935
4202 409
1435 407
1899 2369
3354 3558
3089 561
330 118
657 765
712 4318
4721 3803
353 4448
42 1025
3145 1376
825 3304
1525 1840
1218 3699
1365 4742
3233 2152
881 4623
4495 1564
2655 2524
3630 4270
31 1274
1522 3113
4243 481
4523 3149
2397 3522
562 2088
4631 195
3696 925
234 1863
3526 2054
4235 2150
1500 1782
216 1084
586 2967
75 4573
3100 2674
728 3494
773 1806
4329 3247
4004 1327
1140 2588
1515 4031
2485 787
1650 4171
77 2312
4183 868
3575 563
527 4326
1187 227
1358 1301
3825 2860
2895 610
907 252
4096 4238
1823 3468
781 486
760 2162
2632 2284
3576 338
3186 2582
2676 1077
297 943
3436 2418
1837 1244
3365 72
3664 2490
1189 3022
1146 4770
4362 1345
4694 1934
1224 2429
1501 4373
4733 135
1405 850
3891 2823
869 867
817 851
1904 3341
3390 2214
4779 893
1395 2607
3525 3369
1852 1606
786 1557
1323 121
3260 3186
120 1285
134 97
3033 3232
510 2965
3578 1203
4095 3990
2330 2341
160 673
706 339
3069 812
1250 2011
32 1224
4553 4632
523 480
4160 1960
3236 3038
4676 3368
1597 2157
4319 1153
1983 3353
2594 3164
436 3218
2113 3121
3950 1551
2571 1085
3030 974
964 1234
3092 4538
4704 264
1176 1510
4255 3921
4228 886
3648 3242
3702 158
4259 1198
3061 1345
2942 1093
119 4539
4027 185
3148 1658
237 2537
2155 71
4782 2518
87 2915
4054 1946
4526 3212
2010 2041
3022 607
702 1040
292 4567
824 4394
2835 499
3875 3442
4221 2486
604 2178
4464 392
2557 1370
2352 1082
3828 236
4509 3431
3071 3027
1537 1398
3270 4580
1016 3515
1172 4125
2492 2173
2676 3003
140 1042
1572 2151
441 3111
2616 4240
2189 3100
1870 3924
664 4748
2602 3863
344 42
1582 2487
964 4614
439 1686
2677 303
4310 598
178 3507
4329 4451
3798 2050
3094 1385
2592 3441
3107 679
3607 1050
3509 4315
280 736
2980 2205
3518 2576
4727 584
4204 3043
2241 2066
1977 288
3415 1085
1209 670
1004 678
3812 4007
2892 4283
422 4281
2289 3402
1026 4198
2693 2292
419 4187
501 1728
1921 3581
3630 1740
4780 175
3703 4702
1721 112
1131 2968
4038 4706
2449 4298
171 4005
4570 2786
2558 3426
1206 1470
579 996
1043 1186
1647 2912
563 2693
2839 661
2408 1734
4666 1422
4015 3388
3623 3397
2407 874
2828 930
3564 4754
3677 864
3093 2912
733 401
3462 1927
2380 3128
1330 1833
1070 84
240 2672
2227 1916
2809 2746
3144 2277
956 305
3193 1793
2718 1336
2753 1026
529 4417
3760 3196
1936 3067
3063 4137
1396 4777
4499 1542
1398 4494
4372 4570
3074 3844
1673 3862
308 1709
394 24
3761 1728
674 2186
1317 709
1942 2087
4244 3420
918 3550
3039 2358
1728 783
4694 2471
2251 3378
4724 4180
918 4247
1531 3655
2829 2567
2861 2465
3893 3658
1252 3567
278 3650
4238 1429
3522 3957
1929 4774
709 2088
151 4374
2859 614
2750 3911
4456 2720
2047 4223
3688 2926
2032 3067
4212 1268
1464 3869
765 3423
4007 2816
2825 2063
1584 2668
2551 1487
324 3877
304 3839
587 990
3756 1107
2241 715
3806 756
4588 4692
3710 3204
1845 4325
817 3135
2538 1442
3606 445
4687 3832
2543 4755
1053 3855
1642 3545
600 411
4491 4551
4368 2322
825 313
4724 3384
1250 3602
333 2197
4299 1468
1759 2889
4023 2637
1751 4150
2611 3461
112 987
3260 1588
4265 4545
3534 825
731 2125
4107 4260
2809 2870
4548 3325
2537 1681
3750 2398
3769 2312
2692 187
63 618
444 2498
1170 1500
4169 1245
4191 748
3749 149
2280 2118
2905 2960
159 2303
1698 3899
2523 655
2817 1411
4469 1948
1888 1660
514 2929
2268 3493
3116 2701
1779 451
1519 728
1867 2345
4589 369
2589 2329
3695 162
1724 1157
2489 4725
3782 238
4297 1184
2662 3246
2988 2971
451 400
2620 1746
776 4765
57 2230
2705 882
2691 1262
1711 396
177 3756
3608 3238
2450 4442
4654 2105
574 4466
4010 866
3287 1773
1765 3938
3489 2131
2179 959
763 1649
1724 4743
3514 2793
968 2484
3425 2851
3750 1259
1342 4386
1098 2015
1507 753
993 2579
2752 4475
2306 2492
3802 2554
4146 516
4714 4616
1172 4203
1044 3729
3819 3848
4418 2538
3021 4590
3741 1146
4263 4585
2024 3286
3367 2216
249 3307
1354 1652
2516 2452
3906 4382
1829 1868
2691 184
4698 3197
1514 3641
1947 3703
1162 3780
231 572
2005 450
396 3128
3876 3243
1858 910
355 612
2725 653
604 3011
4366 2497
94 1646
2125 3302
3658 2977
580 3640
4473 846
3043 1382
13 2462
1211 4580
1683 3734
2177 1247
4562 3733
2594 1484
2547 4089
1341 3738
3724 34
3330 1222
3019 526
2981 972
1723 1891
190 2811
246 4044
3904 1186
4328 2491
4435 1766
1659 1484
529 4469
3620 3466
2586 2837
585 4106
1301 1046
3982 949
835 2726
4603 4708
3265 387
1739 4772
666 1483
4436 2776
3974 3759
142 510
1988 2374
1857 1354
3983 4606
3471 622
3328 2925
2395 3131
3199 773
2133 545
3751 4518
2468 4370
1782 3214
1966 1541
2221 1323
1031 1815
138 1617
4083 3083
4384 2631
2586 2610
3088 3068
2503 678
294 3415
604 2160
2578 4140
1878 74
769 3530
2169 2110
1751 2929
1432 4077
651 3041
67 939
3040 973
1549 1672
2748 3119
1208 1066
3367 4469
2431 3413
2913 4569
256 3917
3039 3982
2501 1171
2852 4566
2030 1162
3577 1904
3068 3965
2569 1711
380 3194
2523 166
1230 726
4524 2816
2193 3412
1768 2668
3629 929
3269 1397
1660 3766
3772 2287
3413 3424
1445 781
247 2396
1263 4496
1167 4188
4281 410
550 4646
1807 481
4010 156
388 2623
2583 2902
2344 933
450 107
2086 1904
2242 2511
125 3604
4475 4054
985 2612
2504 3991
2125 3412
3013 3755
2415 4582
4790 213
4177 4480
3799 2108
4759 4399
1792 19
2874 3301
2997 3929
3864 1997
2952 2172
245 4736
1131 537
4114 3087
4374 4446
168 384
3345 2769
2369 2455
3551 1897
4724 3465
2183 1562
2043 1046
4608 4398
1458 4335
1912 4175
174 1810
129 3681
2040 887
664 1548
4709 418
1108 1495
4179 217
3880 3568
2306 1648
3412 1800
2444 2496
3630 4059
2882 4534
2633 3597
165 2247
2111 2992
254 3265
4449 2018
3355 3069
3063 1044
2918 945
1717 4453
995 34
2173 4268
4485 1078
715 3733
878 3751
1154 1762
2050 596
3088 2195
3943 4210
960 545
987 2399
860 2403
3313 2711
1724 468
2601 1855
3119 108
363 2719
197 4138
2144 2605
312 1651
1133 644
117 84
269 1652
1738 1764
3594 4338
2477 4677
216 2160
2022 4489
4622 4488
1498 4336
1922 2897
2230 1296
3135 788
2804 4046
1189 3865
2253 2760
1118 922
4411 533
4665 345
2538 356
1956 2509
4730 2561
4170 4088
307 54
1607 148
2374 910
3460 4779
4540 1588
3828 966
4286 1019
1770 3517
1855 4215
3028 1581
3786 1864
472 2184
4707 1463
2889 2695
669 1656
774 1914
4344 2511
2095 319
4724 4688
3717 2257
4022 1150
3677 3384
598 3157
4289 2718
3075 2852
996 4354
4372 17
4159 1862
811 1344
332 1442
4296 1103
478 3515
3560 4088
2779 1102
663 282
1496 4358
1369 337
2319 238
1329 2369
4799 3841
4748 2482
2912 2972
4173 3605
898 4500
3382 3685
2113 1764
367 4329
3879 575
2294 2646
4638 1732
4132 3089
4112 3344
3224 657
4253 429
4098 3107
2552 39
2894 1287
2463 703
2218 2232
3061 185
4342 2313
381 2768
2440 4651
4597 2250
1048 715
1037 2406
1999 2648
2498 1713
4135 3106
3932 2295
4542 4766
960 3223
4349 198
242 3696
543 1117
3435 3895
2721 3536
2771 3115
2245 1016
3292 1439
2690 61
379 3766
2123 3796
3075 1582
3706 3432
3295 4627
3609 3159
2283 3091
1485 4371
2544 3570
2912 3049
1466 1492
3561 862
1368 1399
666 4597
48 4420
166 3534
828 2234
397 3176
1765 4170
4357 1287
4666 4290
1030 3121
2509 4449
179 338
2794 905
3616 4543
2997 850
3588 4375
4447 2810
4028 198
644 4027
3513 4131
1765 117
840 1849
4541 2507
1852 163
3842 3274
1338 1617
2617 2435
1313 3111
2998 1465
4500 4484
3311 1398
1509 1248
444 3576
3999 1934
4590 4553
3824 1953
777 620
2737 3371
991 4083
2388 1952
970 942
1769 1114
2949 1021
1869 3574
4775 3399
175 3611
3966 899
2560 3803
2628 179
311 4081
1536 1137
3262 2858
4796 3106
3708 545
2335 1543
64 2659
2086 1906
4423 3761
4227 3733
1066 3555
18 2294
4455 4201
564 190
2569 4717
3338 2353
4279 4372
4432 2681
4631 1892
83 539
3485 4736
912 2059
4404 3214
2795 2970
135 2937
4169 4429
4780 4690
1738 970
2477 1937
2278 2668
2485 2682
3427 2357
1492 2523
4528 4451
3951 2481
98 3867
327 4715
2952 642
2148 2310
3052 3883
3229 4247
2729 3114
3463 2791
3876 3591
1656 4024
3816 3470
375 2342
4770 3588
1665 2729
4277 52
2234 1271
3451 3367
1071 3782
730 1201
580 2287
4030 552
3775 3502
2232 2608
1839 326
563 1394
1466 2498
1486 1515
3010 3797
3227 544
4404 3107
2356 3504
3053 473
373 962
1288 182
2905 1372
3848 1069
4660 1493
3103 4323
3210 1443
3609 467
4235 1742
1000 465
748 4742
1100 4780
4323 1807
1375 1964
255 1562
1978 3002
4449 1328
1031 4575
731 1159
2149 2725
2083 1271
3057 2458
4595 1222
4727 2802
3905 3551
117 460
3414 3938
520 1357
1678 4309
4790 4201
2155 3319
1559 3584
4565 4085
2208 1572
4274 4086
269 377
1438 4625
1707 2102
1735 606
3327 3912
1832 3690
1366 4565
2848 3588
43 1885
1518 2420
558 1277
2828 2892
311 1038
1124 22
1927 4458
627 1004
3446 1614
2873 1447
3903 1627
2522 3759
1188 1655
4053 2546
4735 592
4702 48
3047 3265
2265 1074
1851 2061
949 4314
398 1800
227 3350
1007 1940
3442 3439
19 2377
1161 4094
3233 3246
832 3069
538 2276
859 123
1892 547
2851 3689
1201 3035
3171 2706
1808 188
4668 808
3024 1297
933 4409
2253 3527
1859 1153
2904 1228
3809 4632
4231 147
972 3788
3350 1075
590 2249
3704 751
4229 2293
1022 1809
4383 1048
3491 3311
756 441
1329 527
4159 2180
3412 3047
2810 2278
2170 3965
1430 3387
2275 2029
2260 4383
2570 2185
515 1569
624 4378
3990 470
1729 3973
993 2761
1061 905
432 4688
1382 3237
1028 3258
377 278
107 3108
2475 2046
1147 4139
1001 1825
4394 1019
2604 4424
3533 4294
3775 2120
4139 465
1710 1757
2878 3240
3853 815
2181 4722
2978 3063
1352 1951
2928 1723
3306 1341
4513 2421
4644 2922
3855 594
1700 1956
814 2902
769 4348
2458 4252
3097 4138
825 1467
1865 4601
781 3717
1608 483
3033 2601
1120 2103
428 760
970 4214
2126 4484
4134 4670
4742 4516
2388 3550
3846 3349
626 1096
1589 3387
4594 100
3799 261
1750 257
1882 3694
3467 1830
703 607
3104 4423
2402 4017
737 4563
104 3601
404 2602
2181 2621
1679 300
103 2154
3188 1645
4419 4424
3787 2308
2426 3613
4474 4291
2343 2254
2467 1025
1672 4221
3930 3922
2310 2891
1153 1880
2466 2942
3011 2483
4414 894
3177 3091
2694 1018
1244 1519
1785 936
3704 398
3352 2985
968 195
1129 1162
2660 4790
2216 1063
1380 2908
4619 4330
1856 2952
241 3825
3398 2907
998 78
1782 3672
597 423
1277 2642
587 3710
2636 1926
3171 4428
2453 965
3028 3846
2786 2762
2067 4481
2386 1258
1766 3249
368 297
3655 2957
4017 1832
2161 1807
1738 2236
2890 2263
1964 2971
2604 1263
2973 2160
2961 3689
244 974
4699 3173
3121 320
3774 2223
2614 767
4107 2693
2598 2173
1881 4597
4697 990
4306 2917
3769 390
2135 3693
2172 2061
3281 4766
638 1807
2261 4774
2490 2337
4595 459
2277 4190
2460 405
3047 1887
2669 2953
4150 4040
3548 1871
465 3711
2558 373
4055 4472
1394 140
1 300
558 944
1410 424
996 4774
1978 3586
4432 542
337 4582
4705 4439
246 206
2689 4129
4532 4048
2051 1086
1006 3665
808 34
3447 2455
846 4122
208 3069
4470 1097
3455 4735
1456 1676
4552 4597
293 2431
2379 669
705 3993
1273 3409
3003 3123
2484 2519
3138 2918
1283 1367
325 1809
3119 2663
4127 698
1597 1411
478 1420
1927 3736
367 638
249 3967
2215 340
1445 3335
1200 4735
1284 555
4366 1248
906 866
1229 3947
3236 4694
3593 3750
913 2796
3482 2959
346 898
90 413
3695 4727
3603 31
1120 3043
4362 2177
2421 3815
3746 1582
3626 4128
4783 847
4490 2997
3672 3056
2406 976
1512 964
4210 2346
3825 3711
2173 4286
4701 289
1740 3807
2898 659
1298 4517
2945 169
2765 1155
1100 1608
575 1780
1810 3489
1671 3156
1688 1435
3676 203
2645 2895
2407 1508
3738 2541
1658 4028
4572 3068
3504 4309
4063 2238
1633 4554
2369 4209
4482 2461
4641 50
2712 4140
3818 2813
4375 963
128 591
3995 330
3973 3500
1922 3679
904 2429
3364 1279
4234 4369
1840 4701
4783 2564
3236 1493
3966 2621
104 1082
213 1808
3592 1739
3052 1541
4172 2821
2947 3568
2102 3282
3627 4159
1432 1119
1774 4242
3279 1035
2781 4484
1952 2811
1268 1033
2541 138
3627 4208
275 3614
4700 263
4707 726
2699 1757
3452 3935
535 4578
706 934
4540 3115
317 4519
899 3026
3088 356
2631 1467
3923 434
1508 3441
400 1709
4157 3566
1623 4044
4330 2873
3134 4175
2557 1002
3385 1941
495 4489
3410 2890
3948 3413
2821 3069
1464 2784
3322 4687
3324 727
2207 1607
4209 352
481 1795
3624 924
1096 1930
2547 1804
3885 2812
3636 655
3160 4202
1344 265
4026 1410
3822 1056
2627 1251
2754 32
4641 271
1265 1214
983 3070
145 186
1141 3407
2591 157
698 3994
1068 2274
4482 4640
100 2289
621 1572
764 1670
1551 4115
2424 4721
141 3294
22 4470
3098 2025
1114 4244
1294 3739
2231 4387
1120 1686
3095 4374
320 1216
2823 2785
2900 3392
3970 1908
2060 3653
921 1380
3428 3840
1339 2795
886 370
679 1606
3065 1183
4395 4412
3354 2210
2711 4287
3701 922
4547 4779
2224 2
58 1579
2420 1567
2946 4411
1161 786
2377 1800
909 3917
2478 2995
81 4770
3496 564
2960 183
2903 3163
3149 4438
2341 3122
328 4513
1689 4159
4380 3427
4280 4262
4152 2561
344 1002
3576 4047
3330 3540
1375 1278
1411 2988
4403 3252
2319 3236
1398 3444
1363 4437
4348 1596
2966 2144
4078 2286
4107 1335
3353 1318
1013 3572
2675 1066
3255 4454
3372 895
4599 3949
1837 1560
814 4731
4337 490
912 954
1404 795
2514 3468
1147 2008
28 4270
3706 2117
269 1398
2492 3024
4005 59
1594 4319
980 3475
3771 4007
3420 2615
2252 926
3109 3715
4317 3016
4189 2394
1528 3502
4169 2919
414 2990
3053 382
4480 4715
2772 4064
2263 3492
1341 2397
1312 4323
4002 4436
4216 2700
1958 1750
3919 21
2650 2729
716 20
2092 2408
125 2291
1260 968
377 1793
4604 1973
4053 2787
3092 4059
2047 3112
2991 4224
570 2170
3478 3150
2166 4079
4615 4719
395 2367
322 3217
2450 3857
2607 713
4320 4014
3311 3219
4448 3351
3837 2295
2316 1585
2049 3208
3976 2654
4337 3655
347 2472
1444 4260
2442 855
1269 2532
83 354
3216 670
2947 2498
4572 4703
4148 2721
3397 3885
2663 4722
676 1577
442 730
3342 3725
2822 3275
4534 21
2391 306
3328 2171
777 646
4387 2394
3643 2561
185 1460
3635 3180
1766 2511
782 1170
227 2426
3234 2326
4646 2029
3762 4257
1840 206
2700 819
1778 3152
1859 3419
2461 4150
2373 4738
133 4470
1432 4129
1264 4600
3125 1683
3649 3261
1921 2436
3260 3165
2340 2697
4789 3049
2824 202
1434 1455
3248 3034
2329 603
2610 2983
815 3322
275 205
2767 26
1853 1221
2219 3598
3743 1722
289 2894
2081 1980
3909 314
3267 4621
4295 3263
2193 4057
897 3026
4485 2691
4384 1242
2041 4379
3308 4778
1031 2987
4341 3692
2943 4017
732 3289
4228 3814
123 3556
2051 1085
306 2935
3921 3879
2511 3476
32 3859
473 3358
990 2356
1849 3889
2667 3770
3718 875
2740 4706
2539 2702
369 2665
631 3966
3639 4508
321 356
826 4427
4726 2677
2979 3099
513 653
970 4795
4501 2101
4369 2031
3482 2500
3484 4744
4530 4513
4528 2548
486 4070
1063 3697
4786 3232
1741 3485
3817 1779
3483 4714
3014 4186
1038 2989
2001 2765
354 4309
1579 1595
4336 632
3254 3510
1633 3465
3043 1391
1998 2918
345 2902
1910 3022
1535 803
283 3184
3366 1011
1465 2782
4310 3786
3940 4193
1523 247
2493 4262
1868 213
3920 149
1153 173
1997 834
1038 2041
481 4540
4600 1988
3633 3971
2066 3885
2803 2584
3948 202
3816 492
3801 1960
4026 122
4316 305
4718 2288
3823 3175
2309 2376
1903 908
3445 2358
4135 2596
1151 3386
1527 3282
621 4117
3616 2591
3050 3416
1199 4762
3133 3671
1348 1113
3300 4413
2559 2653
1161 3769
326 1876
3811 1495
2420 4343
2668 3881
4193 84
1530 2467
2890 4006
1917 2503
1437 2848
4756 4341
1060 3337
1996 4644
4555 1600
3509 3566
2511 3105
931 2693
581 320
1790 2115
389 210
2758 672
2801 4204
1128 3517
2021 3747
1333 2397
1341 4690
2629 2739
829 3705
2983 4373
4001 3522
515 1744
514 1120
207 982
1634 3088
1130 3667
4564 2049
2264 222
2763 784
4315 266
2749 3820
2794 1499
3571 921
913 2389
1136 720
2212 1136
2875 4675
1697 2409
267 2173
3745 3570
1039 4456
2683 2762
2519 105
2166 3559
3682 2214
3560 2959
133 2599
239 3781
2292 1498
3403 3233
4784 4336
4759 313
973 3046
1122 1979
927 2846
1582 2525
2241 875
2180 3691
641 3628
2162 3903
3179 2959
4579 1295
1264 2231
1113 2272
2419 3512
2633 3993
1201 3135
4563 2994
778 143
4444 1867
4464 2982
2826 1433
2923 3838
3227 4347
3782 4783
1826 1259
3610 2161
992 1871
3380 3136
4475 4079
4646 1880
1565 642
807 2272
1196 1377
1639 2019
1889 2333
2868 1977
1863 4140
770 644
1618 4094
666 1750
2074 1390
1122 560
1074 4052
3013 1637
2665 2359
3070 2014
861 2335
2950 2486
1783 4361
856 3397
70 4468
3741 2171
1083 3929
2682 2018
191 3447
2098 3141
557 2572
56 2095
2735 2336
2325 3532
3576 2810
1138 3181
2843 182
707 2727
2823 3439
1360 1626
3104 1558
2145 1231
4410 4324
2758 4731
4532 3756
3968 1697
1711 1801
848 147
2730 3895
3289 3736
1659 3390
1652 4393
2988 713
4240 2838
3824 2389
1668 4678
1857 2565
1139 1883
2775 3922
2843 3252
4742 3551
2362 1356
181 298
157 4095
54 2079
326 1709
1735 4217
3639 2276
1885 3683
1767 2183
1601 2728
556 958
1734 1864
3138 1894
1958 4524
880 393
4373 787
619 3666
498 3604
472 681
4122 2063
3631 559
3799 52
3195 855
950 2031
2622 2719
374 1775
1521 3882
4380 1234
4008 1404
2788 4015
1236 3985
1810 2175
3811 154
1574 40
1730 3349
1773 1384
1986 1224
564 3034
4184 2969
4376 3304
3710 269
1785 4494
3128 1563
4301 902
4529 3948
2064 2966
1284 1970
921 562
4438 418
2888 2575
1440 4623
4380 2053
1610 357
2913 2655
1651 2494
3974 1411
2637 932
525 3640
3046 548
2907 3353
4225 3147
3375 1621
3938 3200
431 800
4777 1533
542 2426
1494 812
2539 3290
1131 1434
3362 567
1903 1050
197 3250
3406 4665
2806 4707
1822 4057
3979 4158
4604 4204
772 4514
1173 1103
2840 1598
3329 2944
43 2528
1801 766
3165 3803
3785 2172
2876 3989
4657 4609
3353 1707
3045 4639
4664 2305
3140 333
3617 4201
3078 2787
723 3630
767 1394
4760 2431
3392 3326
3572 1779
4445 2778
1207 189
136 2526
2226 3245
4636 3334
454 3424
3254 746
792 3654
2174 3990
1632 1742
1796 2117
3041 1648
324 1791
2291 4630
1292 3980
1724 1384
2997 147
2301 2675
3340 3988
4232 181
4757 1279
2000 1735
1445 2415
1881 4711
1518 3846
4750 2977
3800 4709
2097 1562
4170 1032
4780 3513
2503 2685
839 883
1973 2879
3955 4145
2938 2035
3267 1439
2751 3774
4474 915
1366 4417
319 3928
888 1458
1901 1495
807 3288
4551 1441
498 3043
1801 3419
1623 165
4121 2631
1026 1777
3676 3499
2740 3407
613 1632
959 728
521 2744
3181 2740
4558 3597
1281 2862
4034 3682
2453 1905
231 3641
4130 1058
332 2545
3358 4633
4279 1816
896 2748
3390 789
479 954
3061 4011
4024 738
3521 4587
2063 3421
1419 1401
2156 78
2448 1720
2310 3909
4310 981
2558 4186
2745 2733
2498 236
3364 28
2962 2870
3035 99
863 3530
3444 245
4175 4206
1254 2334
4702 656
2041 593
94 1894
2653 780
3231 4198
3991 4778
1193 1439
4246 2821
2150 2739
292 1605
3165 4401
3512 1354
3993 1363
2664 2034
936 1233
123 1415
2943 799
4188 3400
3643 3722
1515 2066
2754 2411
2606 1195
72 3845
3877 427
3373 193
2683 1992
4 2115
2200 1916
431 1000
4115 3733
870 3167
2501 2521
2198 4641
1849 403
3878 4558
2751 254
2132 4581
3744 2253
3134 1376
1323 2005
765 106
3118 24
1132 1726
3329 3503
1990 3229
1532 1619
3821 4267
4680 1544
2375 4647
915 2214
4227 2181
3293 1925
2938 4074
2352 1156
3632 1476
4524 4342
2297 3459
2240 2922
2104 4087
3829 3606
3715 2567
356 4512
2082 3083
2824 584
4727 3655
1454 1268
1911 3909
1417 2201
3926 1550
1634 4420
1409 772
3244 3459
1605 2783
3125 2418
781 1282
3577 485
1480 4473
209 4399
1705 3346
2952 3661
1288 1173
1614 3954
614 2529
1158 112
589 2916
506 4672
3862 2870
2798 2414
2629 2579
2514 420
3150 3635
17 3793
3195 1736
1286 4789
3237 1811
1166 4364
3423 483
440 3220
1395 2796
857 4477
4 1472
1341 2157
2450 2860
1080 620
3612 4722
4698 3187
224 1118
3776 2636
3070 2887
2119 2341
1211 4452
3036 4727
4129 3144
431 270
2307 3451
1862 3124
1373 375
3438 1918
2266 764
1164 498
432 1808
4113 3283
1575 4375
2379 4428
2935 3274
4057 2229
2702 4759
4215 3524
112 2453
2743 3027
2233 4514
2769 649
126 156
977 4008
1746 2296
4078 1779
2916 706
3003 4026
2949 241
3127 3715
3464 2726
895 2455
2883 769
4003 3366
4529 2016
149 2391
2489 1590
2237 1840
2890 3907
938 3807
3421 4661
228 995
3868 3227
1885 4442
2209 642
4229 487
2071 2222
637 4415
2365 3638
2851 3025
2185 1661
4428 16
361 1289
4432 1822
4388 577
2366 406
1695 2567
3440 2422
188 4656
3066 488
3549 1116
1276 2027
3846 2551
2327 4770
2017 4747
3324 1721
3098 3007
224 2224
874 1839
2828 2822
1202 4265
4496 3394
1533 2626
535 4064
2408 212
3542 1047
2206 3925
2783 195
3515 2580
4178 3252
1874 2258
3186 915
2186 954
1173 2347
4067 3646
4405 4763
2454 1040
3621 1175
1883 3066
2589 2070
1604 3163
4342 1244
1287 255
3697 740
4441 2201
3825 3433
949 1887
1545 3729
3707 3650
4464 3959
2358 3529
3409 1171
3318 1161
383 3016
1116 1731
2822 267
1652 2970
4317 3371
1532 431
759 4096
3907 1499
3960 2036
2989 1096
1285 1577
3219 1389
2356 3014
4039 1828
3747 1761
4789 2217
3940 4298
2149 3057
3222 3122
1180 4324
3727 3383
4706 4089
3637 1869
1631 4653
300 3402
3423 3040
3945 2254
2805 3788
2533 4748
4539 2786
4590 3322
439 4163
3415 81
473 3864
592 193
4576 3534
2448 4469
4317 497
3566 254
4752 2788
1104 2590
1390 1530
2938 1396
4356 1141
520 3583
949 1689
1079 1168
3871 3883
3421 785
732 4235
1593 1899
4709 4651
3813 985
3024 2795
1512 4231
634 723
232 4710
3903 4012
4220 4367
2534 1659
4768 3985
2266 987
321 1561
2771 4598
3513 125
1748 1312
3349 1509
1421 1680
2257 406
160 635
2725 4700
2752 2126
2232 1812
2358 264
3443 979
3070 3827
3633 1526
2702 829
1746 1287
3702 695
623 713
3234 4073
4455 2273
3517 3983
3160 545
3952 181
234 1201
2760 4202
3141 4508
3510 3940
1570 4469
2415 4208
1343 1508
116 4115
4460 4688
44 4163
1923 3626
1581 2939
1397 980
4057 1791
2622 45
3557 2412
1530 3515
3253 2299
1298 3827
2659 2898
2959 3495
1567 3398
2127 589
816 4274
3540 3687
4633 4589
1658 724
4566 746
1665 2931
838 177
776 1136
2082 1590
2331 3692
4651 2579
2275 3533
3106 1575
1916 2399
4593 2954
3620 3109
2215 4716
3854 2689
1441 3657
1366 1595
2884 2698
1744 2353
1254 2748
2425 1052
588 1573
143 3834
2766 136
3132 3869
4503 183
1070 528
1993 3792
1538 1185
2365 3029
94 464
2408 3180
1630 4242
1049 4655
1637 3778
3678 1521
1878 1189
1223 2959
3547 4632
3010 4206
866 281
421 4374
360 174
2443 426
2989 501
405 835
1095 3145
658 3113
787 4558
377 4781
2822 2714
2323 2726
4449 0
4469 1798
387 1018
683 24
2200 4210
2545 4504
1456 4333
795 686
170 1557
2580 3081
527 3041
1475 4501
2299 4387
2889 3928
885 3182
3623 3374
2080 993
3005 3103
587 4373
3181 1690
675 3359
1950 3921
3272 4674
540 752
188 3316
4125 314
760 1035
1055 4611
2265 68
4332 1348
3383 2032
959 3102
2646 1660
3905 2094
758 4635
2668 4617
261 4498
2321 2516
3381 3871
4148 835
2152 1479
2709 4332
4358 891
4682 1863
2097 422
1287 4420
2704 4694
2688 905
392 1604
3557 1351
3593 4289
140 1592
132 1216
1901 1783
122 2106
198 4219
176 1537
863 1585
2495 485
872 1782
1992 2621
3838 1518
132 2899
2060 580
4217 2670
526 4030
200 2492
561 2619
4707 1628
4183 4300
1245 838
4150 1453
4378 1752
2208 4575
293 317
1629 1827
4512 4348
564 340
2774 1627
1225 4386
3629 1453
928 1191
3767 4415
1152 1831
3111 3035
4082 2409
3104 119
4009 3692
1321 2621
763 392
4093 2680
2381 3491
4416 3288
3918 1868
4491 4642
4442 2423
1448 1207
62 2965
985 702
1435 3728
3347 1713
2147 480
1096 3713
65 3661
2402 679
3861 2049
1099 4104
2589 4489
3689 2116
4719 168
679 3292
4322 3672
1327 4541
3085 798
4020 2925
2343 3272
2987 1233
2509 966
89 2584
1699 4195
2247 2568
1490 1822
339 1187
815 3177
1889 3509
1467 3389
2222 4797
1223 4504
3077 2230
752 4436
2570 3201
4424 2789
1523 304
3861 47
599 1137
4339 1858
990 789
2900 1203
217 4668
2472 2264
2731 1055
1944 2463
932 2810
427 3019
46 980
12 4493
2016 876
3427 1851
1392 4482
1631 4655
709 2047
2453 1855
1707 1
322 2644
3616 455
1388 4201
4235 694
807 3618
2060 3846
4084 2118
238 76
4100 2779
697 612
2010 2717
1317 3706
4430 4250
1129 821
3181 3693
4592 2882
4158 405
813 2488
3488 369
4421 301
2959 4314
811 2965
261 285
1290 145
2237 595
1947 2780
2450 2527
1494 2573
2054 1028
2757 4169
4703 4513
243 3273
492 3721
1924 1860
3110 1219
222 3897
3633 923
3909 2203
3522 547
3013 4632
4250 585
1480 2312
1072 3670
583 4719
4652 2305
1821 1839
4752 3950
823 1421
561 4294
168 925
2723 1459
3865 205
1844 56
1374 1548
1486 876
2595 4053
960 721
709 4572
4054 1493
1725 1875
4644 1572
887 665
610 1384
1089 1024
3697 862
1119 4665
3132 3798
507 542
1594 1351
505 4636
2319 3596
3305 2299
4626 3391
3670 2316
1898 1649
699 1518
1617 3203
3029 1084
2106 2852
4756 279
143 871
1963 3083
83 1151
2822 2592
4455 3803
3163 3136
4584 664
474 3136
2741 743
4798 3340
1486 4605
389 820
2072 3568
4732 2317
3133 3253
564 4549
3120 371
3153 2759
78 3715
3584 1223
928 4743
776 1834
189 3300
2106 341
2828 3229
2179 2705
1064 4045
4512 1240
3228 4289
752 1471
4621 176
2981 4223
2231 2903
3668 3553
4047 4533
3373 3334
3272 4640
1732 1296
2546 4419
781 689
3708 4021
2407 142
2330 1014
719 4431
2498 328
693 3334
144 2856
4331 889
2313 2023
4026 3085
1468 3754
2703 4049
2308 4410
1043 3941
4267 2377
4248 1926
745 2370
2863 503
970 1867
3158 2124
2669 858
718 3670
4712 1521
1675 102
2825 1463
3077 3392
4280 53
4140 4638
2104 1834
2296 4509
1228 3595
2782 2184
2678 2586
1246 1792
2010 2465
3449 1541
194 1035
1217 995
4411 3744
3784 379
3740 2523
570 749
1382 1770
839 1375
1159 3714
1848 4653
4473 796
4195 4205
3527 3407
1722 1821
2032 2763
4541 2923
2148 2351
2192 993
4075 2504
3879 3564
4709 2151
413 3655
4460 3806
4516 393
149 1494
3927 1543
1174 592
1580 231
385 1398
1029 3458
2287 157
1957 3637
3640 3674
767 4229
3998 2302
1578 3052
4745 879
3122 1924
1901 4772
3592 719
1415 1724
4185 2081
839 4220
4476 3818
4680 484
1412 4260
2362 4268
4085 469
4193 2528
3476 4289
4790 213
3095 752
1963 199
1084 2839
2124 2960
566 3238
1985 2119
3521 2094
1136 563
1431 1964
575 3307
1403 1782
4279 4427
1906 1216
1732 2069
4241 1483
217 1825
3378 3372
2160 4226
2816 693
4143 2359
2226 1666
422 1931
597 865
1141 1354
3841 1503
3851 3936
2413 427
3273 2511
1823 2922
3524 4236
3900 2262
233 1655
4093 1555
3388 2678
2370 3792
3321 1709
3329 2134
1947 1115
1623 1137
2874 3796
2687 631
3407 3479
2208 1081
1300 523
960 838
2502 1755
1687 3286
2252 2474
574 1562
4402 3317
1798 926
1934 324
3301 23
323 2957
1228 4623
547 1445
3732 426
3952 2403
22 1172
1083 3475
4377 4297
622 2260
38 1792
805 1999
1784 4277
2294 3924
2000 529
2769 19
1444 4793
1987 627
1271 4144
4757 658
1028 1962
3473 3482
148 1518
292 1660
4655 4518
351 588
1263 2886
4440 3321
2864 4503
109 3431
1443 4383
4072 4011
2434 4079
2174 2914
2014 2633
3634 366
147 4267
4631 4303
2590 1020
3954 4634
4037 3538
2813 3672
4532 1630
1864 3005
1640 1269
2363 578
964 3323
2294 162
1729 4590
1945 1391
451 3468
31 4750
4294 226
2085 2645
3767 115
4041 383
3743 2561
1390 1546
186 4027
1115 174
4774 1794
3 889
4087 4186
2271 2251
1191 42
567 4140
2091 2351
3649 645
800 3523
3104 1602
2148 2438
4109 2497
2946 4134
3283 2039
4229 3537
1588 1824
3053 4212
2153 224
3520 3950
3015 187
1783 2070
3325 3374
153 3877
3002 1512
3878 4226
2155 4264
2985 3945
1442 4788
3377 1207
1298 3251
153 3284
1975 360
2882 1981
1811 2635
2274 2732
2642 3205
502 2983
2063 3465
2515 4130
2159 3914
1562 722
3115 3420
3914 4240
1260 3307
816 2597
3727 914
1977 56
3528 217
2280 2129
4130 4558
1122 1033
2148 2238
2086 1617
1232 2064
2011 1307
4421 2367
2242 3432
3716 3186
2315 623
79 3258
3587 2855
45 2151
2666 1649
587 263
1059 1381
4348 1020
708 4152
1569 1401
1357 1991
4388 1433
2102 1858
1694 1116
2529 3192
3033 4286
4143 2874
1839 4214
2287 2223
3281 4168
3248 3188
548 1223
2167 1453
1605 1259
204 2733
2669 2826
879 446
3632 2423
232 1229
2144 1204
2492 1845
526 1940
315 678
1072 2418
3447 1842
1374 584
2831 948
1783 493
4009 2845
2912 2669
2430 3740
1772 262
1998 4585
2200 1149
1269 3951
1005 283
4054 3412
4488 1608
1459 2470
3702 1602
4255 2531
3065 2746
4746 869
2344 3659
3132 1448
4594 3672
3101 1721
899 4288
3184 2109
1663 1217
2208 3932
3499 2726
499 3016
3307 2094
3931 174
1830 1787
3755 1975
389 1651
2215 699
1499 3639
948 4099
2399 2942
4398 3385
4244 781
1752 3502
905 3413
942 3464
4540 617
2583 198
858 1306
439 3378
2594 2737
3680 354
1575 3080
3368 3882
3316 3205
1557 353
1673 2612
3125 3470
4740 1344
2315 944
2971 3278
4323 4711
1414 4087
2311 3778
1786 1567
1482 4134
1423 3958
4097 4439
3267 587
2258 998
2135 968
612 2487
2711 3406
1078 4142
4791 1006
1227 2294
3545 2496
1987 1518
4331 740
2118 2736
2606 4051
1305 4350
465 2912
2322 1611
2299 3921
168 1316
872 3028
3044 4793
4011 4320
1588 972
3025 361
3678 53
294 3519
4690 2063
4561 1540
3608 3587
3994 4104
4712 2607
909 4739
3096 1010
2230 2542
3760 4566
3723 1406
2265 795
3305 446
2356 3420
759 4296
3144 1568
2343 2911
1683 1024
2843 1900
769 688
804 4436
442 3819
4069 178
1174 703
2646 2422
3564 3634
4004 153
1288 2640
758 4540
1146 2002
4043 2844
4491 301
3071 1524
1227 4468
2861 2608
3270 1386
1453 4617
213 3368
1534 2241
2640 1383
3071 4029
2721 1451
4568 1402
1524 4045
630 1645
458 931
883 2683
493 269
2323 4498
1022 3039
2026 2850
1194 38
1756 1532
1019 985
4157 965
779 4382
534 2902
19 1973
4681 4660
4001 1541
652 4199
2536 1409
3857 4473
4273 695
4358 4429
4080 3253
696 921
4465 472
531 1089
49 1394
3332 4497
3017 3415
1855 2135
2501 3653
3676 3291
2899 3821
3932 4476
4631 4514
2890 3305
988 2909
765 2424
3620 874
3258 678
288 499
3126 3884
4219 871
440 1530
2832 3207
1437 4755
2813 589
4598 3716
3919 761
4172 3010
3164 3897
1155 2271
4080 116
1052 4137
3167 4339
3348 4383
1850 2924
3050 81
3804 301
1598 3987
4068 2274
3221 3037
3133 643
3833 4738
2648 4124
189 2763
187 1402
286 1136
2611 3247
4357 50
741 67
2858 1752
3331 823
850 2691
3098 1398
1016 1456
583 1243
650 522
3914 1113
1290 2410
242 1291
981 3884
3000 2201
4289 4271
3624 2179
3039 3176
826 3597
1184 4259
4223 2504
1747 2264
4279 2040
268 1318
4095 2151
801 2799
2855 1925
4110 4367
2978 1274
3832 4729
663 3466
1422 1648
532 164
1484 2400
674 1159
4697 1687
1011 1170
3985 4579
2936 102
4509 3976
655 249
317 3998
4570 4538
2215 3909
171 4060
2057 1350
4251 194
3307 648
890 1477
3696 556
2336 3109
1659 2309
3554 2761
175 55
1312 2612
2510 2731
2684 4551
1411 300
3557 4525
4603 3233
81 1190
2797 2855
3785 4468
3707 4171
2782 2268
2992 1249
3833 857
3817 2115
4496 4707
145 2409
1013 3542
1861 354
2120 1539
918 1965
1101 4048
3628 566
1624 1164
1095 1392
1829 275
4769 1867
1860 1178
304 3475
4337 600
1544 741
2114 4754
2396 4622
313 2689
1188 2305
2041 1761
2331 3061
3734 921
3424 1177
2117 2370
2428 1141
2162 917
2051 4318
3889 1526
3859 4629
2316 3223
3386 1918
2235 1802
4276 2168
3249 39
4753 2717
2195 4246
2869 3223
2819 3770
3001 1053
539 1211
2224 1993
3894 3565
3396 1240
2728 3042
4030 4605
2829 1225
1444 4386
3071 2177
1724 2044
1697 2302
623 2441
2648 4630
777 2153
2906 4521
413 4119
1118 1195
709 386
4723 4560
455 332
941 3666
276 286
4730 4770
2090 2726
2898 41
1817 1710
2893 3705
482 2778
3150 725
1082 1662
349 2393
2927 3929
83 1671
3682 3058
1454 2416
2162 398
1988 4732
1722 3147
469 3926
944 4765
1657 310
2222 1186
2488 140
3277 483
1464 2758
1709 297
4497 3710
658 1594
1597 3331
937 1135
1067 1859
232 627
3890 722
3155 3354
2466 473
1242 3931
55 4702
4000 812
1639 171
3286 2936
1819 2526
2054 2304
4410 4685
492 3275
3808 851
3262 3723
877 2875
77 974
122 520
3203 2269
487 3295
4620 1141
2832 2578
3026 1247
1246 906
3744 686
1657 1488
872 2837
2779 1400
1376 3170
1024 4714
1670 4379
2554 2446
261 3764
1888 3156
1328 2346
358 1437
683 4350
2440 393
3689 3601
1057 1822
1359 4121
3032 1169
183 1149
3577 1333
4626 4371
1250 2109
1509 947
3476 2479
2996 3000
4521 872
2748 2387
3365 1606
3097 715
1124 3765
328 2901
2739 2649
4615 1163
187 3797
1881 4428
3928 1654
4005 3953
969 1216
2942 423
64 1043
2686 174
664 3192
2827 2349
4582 4238
2107 1775
1063 459
2900 2878
4761 113
1004 1626
3367 4112
47 4054
3388 1393
3199 848
1913 4262
4086 267
1281 1388
2823 2411
4081 4666
2754 2444
429 4201
1334 1599
3478 1599
2864 2913
2583 2393
3938 2714
1951 4341
3039 879
297 217
771 2181
2294 1572
3376 115
1309 879
2611 3842
889 3104
1220 196
2176 2763
1196 3854
1843 836
2561 3475
4721 4677
1357 2718
39 4024
3341 3499
162 163
2581 1059
1221 4782
4049 243
1558 3153
3110 2824
2674 1310
4342 3048
993 1000
4162 1584
3908 4047
619 4326
2603 3689
401 2362
1603 2575
3100 3614
3436 3009
2201 2815
873 1655
1276 2142
4785 1989
3652 272
1634 1577
700 526
85 1077
2973 3962
4684 1683
3025 4143
968 762
3282 1603
3128 1452
1265 1884
1995 937
2675 747
1255 1460
341 3594
1010 2175
4721 4462
2253 2293
4601 585
1696 4708
4447 4095
528 70
3351 1730
4045 4778
3828 2508
2825 580
47 3896
2947 1229
7 1086
1665 536
3714 4681
3036 3059
465 439
2997 2422
2705 236
3654 2987
1262 2771
3603 26
4386 1395
4670 2415
2267 809
1658 3210
3067 2376
856 3811
4601 4234
1661 792
997 4785
1013 2005
2312 3262
1696 3871
3305 1037
1546 1853
1900 587
3481 899
1366 85
4703 3708
2987 2031
3855 51
3448 3358
4685 1182
3885 3683
1054 4584
546 1812
1599 2394
1530 1368
1745 1253
3237 4222
1073 1934
3903 4283
4518 4790
470 574
564 4101
4489 2930
141 115
4683 1679
2151 1779
3207 925
2217 3516
3550 3463
1343 372
3275 4120
3597 3131
552 2004
4543 1618
458 757
4287 3559
2310 2369
1472 4030
2455 2372
3447 3901
1304 2544
170 4500
1963 269
4640 4743
1980 1054
1336 2841
1696 786
1814 791
343 2595
4024 1086
4400 79
359 1738
2188 753
3208 2652
3578 124
1426 2054
4610 3219
3994 4790
1917 519
1674 3070
3361 2029
688 252
3931 1819
1074 171
3797 2112
160 3652
23 3037
2658 4370
585 3364
3536 2385
3094 1067
480 3330
4269 3085
3834 4046
3489 3485
1768 1620
2609 4360
1897 2833
2593 3206
4772 3307
71 4604
890 4250
4066 4082
820 3123
291 2092
4636 3411
1872 487
2471 4452
1022 3314
4495 3983
124 934
3327 2302
1871 259
360 1484
4759 2216
3441 1484
3152 2606
2571 3379
3828 2466
162 1251
702 2334
4399 1429
4362 2243
3626 993
1240 1301
2845 813
1648 1651
3540 2928
2207 561
3697 3042
3999 2708
2204 1602
4373 2473
4567 4739
1075 770
1007 596
2750 3406
4238 2123
3306 2836
174 365
417 652
3368 2908
3618 3994
4010 605
4230 1384
3015 3909
1310 1374
745 1856
1465 3329
4770 1982
194 613
4767 4091
2821 3344
957 3241
3602 2285
1142 1851
442 1002
2932 2896
1462 1135
1158 955
296 3642
4784 3179
2681 1755
4188 1276
3681 905
1967 3417
4101 224
1207 843
1338 952
3392 2979
4775 1443
4614 704
3465 4034
580 2750
3345 1540
1323 2811
2536 3645
1646 4103
2514 1695
4154 3879
2288 4695
2371 1094
1759 4230
1530 1081
4543 2906
795 3373
718 9
2466 2416
1842 1322
1885 3672
149 1392
2973 3220
3498 3715
1094 845
4687 1788
1158 1784
2891 3837
4194 1979
438 363
4012 2809
1784 4170
1361 4348
1065 947
654 4222
920 2420
1731 3668
2664 3076
2848 1784
3348 4705
636 4401
2066 4360
3972 929
3925 3985
848 43
3629 484
1361 958
3914 4315
4583 1091
606 3894
79 3167
2912 3637
1402 1701
1644 3350
4152 27
4743 1515
211 3047
4609 1175
3769 3927
3315 1125
1873 4234
1512 2564
4270 765
280 2595
4705 4150
1232 3621
2664 4359
1645 1857
1349 3391
4678 3706
3562 51
1578 3061
1616 2404
2558 4540
103 2445
1481 1806
2664 1228
1675 1952
3846 1066
3591 3637
2051 3337
4450 2837
1886 233
2916 1133
2921 2518
731 2626
3449 306
542 2259
1976 667
4399 1931
2260 2936
186 1568
4698 2853
3834 331
925 3704
4411 1124
4304 944
1658 2649
1396 4154
104 3338
874 3039
77 3269
2282 269
4298 793
4300 319
1591 25
4292 140
1835 2159
1131 3594
1753 922
1080 3868
4631 1605
2765 3807
2170 3909
2286 877
4254 3887
1932 3916
1986 1684
4096 2167
16 3099
275 262
3961 2489
4665 1788
1279 1423
543 173
524 1375
3098 3786
384 4396
1598 2443
712 622
3280 2807
1961 367
3987 531
2781 2693
3390 421
2900 556
3663 3107
1179 1087
1017 445
1306 2067
1529 68
3383 3057
3911 437
4121 3693
871 230
455 4135
1886 1100
2670 1374
1346 1575
2241 4076
747 331
3451 418
3142 907
4544 1344
3400 515
2849 4753
830 130
4351 1569
1795 1554
1734 4444
3724 870
1627 3845
925 3424
2193 2383
670 4348
3156 2204
8 476
2024 3791
4154 4784
3148 4560
744 3457
1016 220
4274 219
3846 4677
211 1749
3693 781
1392 3326
3175 3227
208 1510
1269 1560
4715 2694
249 233
2651 4365
2688 4361
1199 264
1698 1153
3423 2988
1090 4615
3417 3331
3377 4657
2426 113
3183 4500
88 2402
2833 4798
3196 2707
2814 2507
4653 1209
1299 4200
2855 1297
4455 1250
2795 2693
4392 2602
4656 2808
2020 3431
3063 623
676 2104
2684 1883
3443 1157
2504 1607
4796 384
2659 4442
4497 4094
1895 1866
3464 3820
369 4574
576 2543
3248 605
3457 1052
1631 1112
3969 337
1295 3409
1475 4718
4381 4615
2266 4211
3780 2847
3212 824
1227 4464
3666 2691
2911 3755
3067 1545
3131 4774
3311 1028
323 2691
273 3117
625 1217
4542 2007
2726 287
947 2152
3362 3496
1803 500
1615 4256
2021 4599
1272 4105
3044 623
3735 1234
2448 212
267 4317
2713 3765
2280 812
1660 1777
4329 4583
1279 270
640 3084
2390 1465
2318 307
2216 1178
367 1661
4459 3667
2284 3481
3371 3030
4372 50
2282 2016
4516 3512
2274 918
3171 1546
38 2490
971 3261
38 3978
3297 844
2129 309
4646 2012
3541 1915
4646 4266
514 992
1901 1235
1740 3852
2649 3775
1263 2370
1867 2027
941 699
2487 2706
755 2463
3547 696
794 3807
2445 4627
1289 177
3820 406
2359 4649
632 3355
4302 177
3006 4204
43 3301
3500 2349
2498 1869
1475 3946
607 312
4714 3385
4487 2929
3806 1740
253 3937
1031 2453
3104 4609
870 4502
113 4793
299 4484
883 3290
3939 4503
3435 245
2255 3697
3911 3734
400 2600
1755 4320
2814 4146
3910 1990
2391 940
1395 1699
340 3655
700 1975
215 4559
40 319
4097 1689
597 4784
2977 137
4209 2191
3271 1661
2274 1712
566 1242
2694 3785
4791 3825
3284 3378
970 2317
2209 2555
3704 2971
1151 4521
68 3255
640 4559
3264 2319
216 4678
1083 246
224 3401
3608 4743
1143 1583
1594 436
3971 2821
3675 1514
3029 2951
2684 4578
3563 4347
1655 2567
975 683
944 2495
3228 765
682 601
1376 4720
2357 3153
157 3957
4485 3906
1514 936
1247 2089
1399 2473
4332 2001
2285 2780
2800 2721
3188 441
3156 1022
1230 3408
3167 1886
1568 1821
2755 1131
401 4611
1876 3663
1547 4393
211 610
479 1710
4009 2158
4165 2570
3247 347
2241 3074
3946 1020
4704 7
916 2612
3618 3564
2709 2822
1970 1667
401 4217
1808 3219
4123 612
975 1591
4423 1243
2170 3734
988 4086
3026 1978
1192 3514
1331 975
3182 3303
1045 3578
571 2398
1645 2836
23 2284
3635 3778
2646 2743
383 1138
3406 3459
1037 4148
2338 482
3743 2290
2429 3126
4161 3150
1051 996
1448 215
897 215
436 487
525 3310
1365 4571
2280 1283
1225 3056
4503 4569
2819 1463
3825 4193
680 244
811 3753
1202 4249
4559 3042
1399 1370
1547 2636
3396 877
614 1664
611 416
3341 154
4349 3862
1740 4289
3160 2911
2584 1364
2048 3635
1865 4466
3652 3979
804 1574
2456 989
790 1581
4504 242
3518 2086
1580 3365
673 3862
1542 4538
3137 1684
1736 2712
903 1047
2243 2276
1245 26
795 4412
1752 3945
2822 4173
2579 4300
3315 402
23 4301
3847 169
3126 1382
258 2899
1271 844
1344 3272
1259 4626
2396 3317
2142 508
1071 4756
2089 3233
3574 2213
1573 2811
1746 4686
4666 4687
2344 460
789 4339
1960 85
504 897
2219 204
107 3927
3318 32
464 3655
4444 258
3732 482
4223 2497
3841 1884
3062 1027
4017 2396
1099 738
2589 2275
3931 2784
1236 2262
2208 4425
3463 297
3276 3364
1985 1514
1291 4565
4275 3367
4203 914
3501 3838
728 64
1257 255
1472 617
1218 2175
3221 2204
2626 2876
2609 2018
3480 1448
1875 2840
2728 2644
3783 1390
509 4218
1508 3067
4378 3111
4719 3642
3374 2115
4510 4005
1381 318
118 4012
2843 4569
2133 3922
363 4494
908 3557
2982 4382
1956 4568
2656 3445
578 3646
548 1595
1573 4773
2567 2425
4235 717
4442 742
819 4612
3833 974
4222 4511
3200 926
3183 4246
1053 1486
3665 573
4481 3115
4344 3675
2865 3392
4127 3689
3129 3488
2481 2920
2431 467
3299 799
885 795
2686 3440
3944 2913
2042 1622
4022 2369
198 2302
4700 1263
4645 2110
3181 2116
306 4470
1759 617
516 2754
2368 1183
3820 4697
2502 4456
795 709
1347 1749
2465 3583
1719 1133
3792 4710
3648 3191
1407 2908
2860 2341
2474 1917
3375 4445
1847 445
2352 3108
1043 1629
4413 2281
3835 842
2399 1260
4567 4178
1289 4617
4544 1859
4138 1573
3490 2530
2082 4084
445 2949
2513 4004
6 4494
2314 1449
3370 1668
3046 1510
1586 1359
3637 1077
4033 208
144 4435
2683 1499
4682 2603
4544 2002
2501 1981
3990 4127
2080 3691
421 1293
4750 3552
3419 1540
4738 4125
3440 4063
1606 3297
196 4524
683 757
2852 1919
3867 785
2923 1715
714 110
4549 3006
3403 3881
4047 3760
1919 3985
3482 2376
232 1037
719 2803
3291 2413
1260 1698
3988 1803
3948 838
2468 541
645 171
1093 1691
3403 1710
3726 3591
4210 285
2561 2398
3312 2793
66 1817
2753 2250
2467 4640
4356 2992
4634 1804
4675 4705
4564 535
1488 3187
930 419
1418 744
1298 1571
3903 1569
2073 1642
1131 1089
1259 2446
3679 2975
3885 4601
1533 3303
4610 3788
2016 4430
962 2479
1240 2095
1993 2553
4371 1543
939 1657
1751 2314
4613 735
555 4255
1775 3978
1494 2559
3341 1775
3071 4517
197 546
3891 4467
2123 1861
965 1121
4311 3402
1808 2338
1016 2278
1880 981
258 4308
1871 3812
2595 386
1267 3965
2516 476
788 4779
2795 372
820 4432
3149 4555
3847 2433
4160 895
409 2174
3614 4624
1871 204
3109 656
3333 2161
3500 2599
2647 2636
496 1728
2619 3918
3149 2388
3659 4185
1224 3473
3617 4339
3017 3750
2140 1127
422 4654
1279 1464
3162 2998
440 4227
3028 813
4733 816
556 1959
1938 1812
944 3981
1192 359
4061 3557
4191 4125
2089 186
4652 1507
2557 4712
2326 1399
1728 3334
858 3172
2191 3184
431 4249
329 1711
3748 1701
198 3080
2341 3858
167 3038
4764 3483
2760 1924
1267 394
2066 2275
440 3762
2286 1668
2970 1734
3156 1147
2256 405
449 2929
2713 1571
2247 3852
4382 4261
1470 3517
1843 600
3352 37
4540 2706
37 2412
2358 5608
4713 119
2719 4528
2764 361
4452 3714
1860 2784
3125 3886
3738 1077
1875 2615
527 643
3801 635
3361 1787
1672 920
2860 997
256 4731
3758 947
523 2566
4771 3331
724 861
2447 3698
2357 3726
2586 87
2350 2203
2517 3683
4593 1956
26 979
3545 2421
3090 655
2811 618
2577 3107
3477 1787
1755 2391
4516 2792
1994 2924
849 2434
3143 3126
1867 3219
310 4241
4784 1195
3694 449
2340 648
2981 2538
1157 1953
491 3752
3957 1359
