2575 3815
1781 3027
207 4215
1538 44
2032 3333
304 1592
1088 2866
2166 3145
2023 2536
2437 2300
2179 684
4428 1874
656 2099
1701 2228
2943 4045
3698 2402
369 2562
1810 2800
2547 80
944 3055
3545 359
2711 4118
2308 1711
367 4060
1386 553
2016 14
3302 2333
1532 1014
1868 464
4284 2512
2526 507
2384 3302
2760 2282
2976 1823
1174 2755
2664 949
2153 3199
1106 1639
1170 3068
4211 2374
4071 305
356 176
2903 2787
709 3715
4329 4088
689 1664
3511 3962
2372 4068
353 2963
3797 2025
2926 2564
2390 3070
3564 3865
438 3372
2449 4114
967 1441
61 88
3983 1958
4358 2008
2889 1690
2250 965
3637 2355
4356 2374
3676 3512
688 2838
1097 557
1837 1895
430 902
645 77
3527 1413
3388 324
3714 3027
4261 2259
1498 1993
1835 897
1210 3725
4387 3254
3175 3678
3012 10
3342 1986
3579 1729
2241 2248
592 4415
2228 1233
1812 432
3244 1941
2405 2884
3472 3162
2109 725
8 2597
37 418
923 4097
2717 252
4156 1596
418 3155
777 970
3945 1927
1961 2813
4084 3345
1153 3272
478 3921
2954 1900
406 3156
877 3272
1024 3022
187 1073
3142 1118
3304 1622
2083 3526
4088 3403
4283 1302
2161 1276
2799 2621
269 3449
947 813
1247 1793
974 3605
76 2219
292 1962
2769 95
2403 151
0 3790
193 1686
1733 3432
4418 3416
1614 4099
343 2052
623 1208
1539 3261
4292 1220
2174 4287
1328 2537
2756 635
3208 4374
3035 2598
4365 2266
1909 659
4306 2799
1209 806
2122 1836
2581 3406
3871 2217
2522 2748
2873 487
1748 4158
1843 2084
477 1682
3967 4064
1105 339
4435 2456
1679 2494
4099 2124
2431 3486
2503 4229
4108 2826
1256 216
1033 805
155 3472
425 3356
113 3851
3639 672
965 2576
2340 2231
4080 339
3808 397
1604 2790
1568 2584
3521 1463
784 1689
3128 4143
2552 1042
2442 369
865 296
633 3265
817 2142
746 2909
2871 3504
3623 1262
2526 2806
1607 3512
822 3429
1197 1995
3550 2377
3870 690
1132 642
1044 1862
1898 4497
1519 2896
3721 3
3518 948
3245 840
216 4257
837 1989
3553 2950
4277 4131
2797 1660
470 232
3671 3452
2557 3197
930 3824
3472 4127
2109 1525
4070 4289
125 771
3374 4074
4262 1404
3448 3462
3655 2476
604 3279
2958 4497
3144 1154
4024 3960
3788 981
2221 3600
513 1356
125 2263
3203 1116
1860 821
8 4292
424 3195
2539 370
3084 229
1854 3166
3391 3912
2304 230
1483 891
2478 1066
3662 4406
3593 4009
1332 3124
3117 2469
2368 838
4430 919
2372 3161
2252 1190
3278 2585
1997 1986
4229 3597
710 2986
3437 3010
330 1675
2712 4439
2617 668
1502 2792
1636 1418
2964 3079
1847 1090
353 4125
1720 486
2974 2466
1970 77
1116 1487
655 3326
3773 4197
718 1603
3871 2279
3789 2253
3261 846
547 4344
3468 2204
3098 626
4041 1278
2293 17
926 308
741 836
294 655
4250 2111
3363 383
1269 2399
3291 3779
2984 1861
1503 689
546 3240
729 3631
589 3770
920 3952
574 1480
1298 3525
2776 3374
4426 1903
2858 1718
3451 137
3187 2345
710 1723
2496 3828
4412 1023
1481 3112
2296 829
3800 213
4356 1495
3799 2198
1562 2306
3973 1749
2396 1235
777 2011
1901 406
2138 4106
2458 4116
3999 2755
4032 4245
4007 477
4079 2988
4381 2540
1906 1172
3879 1319
744 1913
3089 2063
2907 1560
1130 4
4150 1224
2046 2794
4471 1081
3490 3890
3391 3283
2668 3937
2572 2928
4291 3290
2462 2163
2484 1232
1281 4168
2572 4442
107 2346
2867 1966
2801 1920
2981 1465
4305 2825
1948 732
2684 1320
3709 2934
2213 3682
3084 4326
719 1467
4367 3152
1255 2491
3842 4141
4390 1535
4283 2066
265 3417
4153 1975
942 3496
1991 592
1 2022
1775 1617
896 2567
3987 732
1005 4422
985 2712
2662 1804
1279 1610
3502 3593
4103 4143
1787 1031
522 2736
2316 799
4159 4265
2505 2139
2951 786
465 2210
4179 977
2828 742
2797 3190
711 2799
624 4029
2842 866
1004 3268
4088 3001
811 3393
2482 1578
3079 807
1218 4235
1584 1178
4038 3377
4369 778
3902 3794
1747 864
939 2821
2235 859
550 3008
2477 1449
4465 904
3393 283
3449 4218
4038 2377
2138 4051
650 907
1587 1658
1546 1496
4494 2537
2454 4096
3160 2273
2937 4377
1409 2600
3739 1371
1471 382
3816 2254
1225 308
1775 2694
33 4424
451 581
907 4285
1982 1281
1793 1796
3459 3108
3555 425
1814 516
594 3799
3499 1173
2658 4043
4311 1947
4374 1768
3685 2994
37 3561
4089 3953
2551 1244
1328 1906
2325 1910
1963 2191
606 1224
2057 2038
2071 3984
3215 771
3009 2910
4267 4040
1526 2498
4327 3910
1766 2119
1940 3147
1425 1103
2495 232
332 3493
4295 2863
168 1457
4314 3916
214 1854
1006 2913
3020 2422
452 616
645 3927
1431 2865
1957 1589
3682 648
3116 130
3489 886
22 3525
4498 3688
4279 4360
374 4030
1169 4137
2946 681
3735 3683
3923 3083
32 859
4022 2396
2741 2693
1477 2490
1584 941
536 158
3600 794
2835 2726
674 4389
4338 2300
1469 3565
895 585
2322 3288
2203 4160
3526 1399
4228 2242
306 2694
3775 113
1298 314
4367 725
4110 4224
2998 1975
4285 3798
4252 4422
4115 2134
2381 3668
1262 4379
3571 1141
4073 4105
530 2556
3974 3621
2949 2655
2270 1593
1254 4261
672 1594
3182 2075
1911 4391
1851 227
2712 2931
2678 3221
1884 112
5 1829
346 4051
4386 2882
4293 3884
574 1929
921 3853
3666 1273
237 2651
1912 3431
4494 226
3898 3124
1655 1415
2019 1946
1281 1500
251 960
3812 67
2770 3137
4092 2496
3952 1880
66 3977
1516 987
3792 3993
2051 3414
2809 2364
3176 2464
1449 269
4431 399
1326 3026
2371 37
2995 4090
2077 923
118 4439
4103 1914
2308 1746
3317 4462
2580 512
2219 2855
55 122
1252 2924
3384 688
87 3470
2077 44
4417 2445
1544 2113
2482 151
1703 241
4233 4273
1051 1540
4280 3508
4488 111
2701 3073
3696 4180
3276 4252
1553 754
2280 3760
2789 751
3732 4375
2709 2255
2311 2442
3234 2765
1165 3536
3116 1224
3635 788
1364 2946
2246 1081
1654 3552
2387 2685
3528 4383
818 3114
1163 3913
2781 2758
3592 3602
1807 147
3602 25
3375 34
3310 3116
3159 920
2995 1519
1967 1510
2222 1833
1284 1691
671 560
1525 2182
4282 3996
4109 2958
2560 310
449 53
973 2515
1069 3656
2643 278
159 1169
4254 2496
4349 2832
4056 2907
3965 1116
3184 4178
3142 1570
2630 2660
3305 3519
1821 2995
2278 2851
2682 754
853 1663
2968 671
2113 1212
3018 1863
4105 1238
4497 2427
1290 1807
4079 1908
497 4182
1341 215
4101 3028
2608 2907
3237 2598
933 4000
1160 277
2034 3873
3182 2598
3854 318
2308 3162
2276 1484
935 2878
1899 1487
4410 1477
4463 3577
4222 735
4211 301
2789 423
3909 1859
999 501
2130 28
1339 533
2095 1049
3614 2643
417 2340
681 2155
3036 172
2698 1977
800 2295
2466 843
317 2355
4142 4397
1594 1496
940 2442
2064 500
948 2265
3937 569
1300 349
1719 1881
1250 3981
3187 3793
1833 3985
1116 2364
310 1731
937 3082
1873 1480
1308 3825
1056 1950
428 1084
20 4397
526 2691
1796 1605
528 3360
3979 1087
491 4455
3922 3114
3455 3182
894 510
861 423
2152 3372
4212 4046
352 636
177 823
3987 2818
1674 3022
2173 4249
615 699
1939 2415
2545 4201
4223 2247
3718 2835
1618 3792
1181 2385
4051 4018
754 3657
3870 2183
3871 1198
242 1708
2976 1311
1908 251
485 4080
2534 1725
3566 1233
2165 1589
311 3296
1096 3899
1825 3426
2269 3076
2177 4159
181 3031
2513 100
2420 1485
1857 2393
75 1602
2729 2126
2315 632
2252 455
1487 3581
76 1997
2566 956
2633 1201
2202 1349
2208 3096
3637 782
744 977
3546 1539
4231 1166
1668 926
3002 1229
1728 780
2391 2587
2737 2888
799 3980
4317 2697
3185 3986
1866 2240
2142 553
1242 4064
1599 2920
3221 4029
1196 2601
206 2413
2991 23
537 2222
346 2761
2180 498
10 3944
1312 1824
1042 445
303 2222
2992 773
1008 680
4275 2178
256 1577
2429 890
3028 647
1551 3377
3868 141
3479 3564
1314 1908
2674 3373
3244 2354
168 2889
657 307
1405 3828
1734 1903
2322 3269
1218 1134
2145 4065
78 3154
1202 652
1799 470
3932 695
380 3252
3776 2712
2897 745
236 2097
2455 2714
4023 4275
1023 1975
4297 735
1489 4061
3591 3090
1558 3180
4461 3195
3987 2997
2072 2383
3547 3683
3267 565
59 1197
4101 1244
2796 393
750 1024
1137 21
2088 2729
2372 2198
1432 2144
3244 2394
382 789
226 1563
2170 746
128 410
4273 177
1366 1038
872 3137
3288 892
1463 943
3145 2460
2523 3284
1039 3340
2514 1488
2091 1661
2296 4153
2804 3396
448 482
1432 4082
4056 1448
2419 3735
2858 1381
130 1343
2353 1419
2958 4086
1066 3498
102 3
3812 1212
585 958
2512 3739
3904 4372
4404 2608
3338 3641
2364 3521
2875 1519
1467 1672
3770 602
4385 532
2280 2041
3655 3705
4206 2090
2845 3988
4290 4014
1780 3837
3686 792
3892 3182
2123 3068
843 1997
513 3064
1864 3789
1792 3899
92 1910
3198 1986
4167 3959
2301 564
1549 1861
2292 3226
4207 35
2557 1504
2116 1493
3935 4263
2708 3742
2346 1376
3804 522
1159 1250
3365 3868
4318 2984
2344 9
3596 2722
3695 2842
3182 3286
3834 3812
4116 238
868 907
3743 650
2144 4356
562 540
2513 1600
1196 205
1838 2163
4274 1906
2440 3222
141 3823
894 765
2662 3445
942 3761
210 3966
1905 2141
923 4336
3846 4116
144 1190
2796 4363
1177 4111
1391 3917
3202 613
1212 2165
478 3449
2505 1671
1205 2199
3193 436
1170 696
4228 1031
899 2072
1496 1945
4056 506
2710 2645
571 2198
3612 2333
1735 4307
2645 2639
896 3406
112 3871
1909 403
2111 98
4417 3783
2431 3575
3732 4435
1756 2950
1919 3352
2402 1651
2675 2816
338 4144
926 2577
4313 2767
3208 4093
232 1947
1621 1035
2349 2846
2017 620
1570 3561
1190 3193
4286 4388
950 3473
122 476
1316 35
3170 2259
3312 1116
2662 1948
4251 2215
489 656
3029 1737
595 3769
3083 1268
2575 1253
1837 3775
3235 3522
988 1813
3868 58
986 1907
2619 3067
4246 3947
2166 1066
3296 2696
1821 2792
1583 352
1741 561
3117 1670
1767 1932
3968 4001
1470 1428
2165 4409
681 83
3503 3781
2040 74
4391 3205
1438 3981
751 4210
2149 827
1810 4264
4060 817
2817 693
3709 1756
3000 3697
407 1614
2221 4002
909 3248
278 997
717 2002
3894 1510
1042 311
3469 2554
1264 2927
1085 3791
3287 2611
2526 2494
4170 1096
2963 768
2921 1092
1315 3650
3220 2698
1649 2132
518 1857
467 2552
1739 548
2251 789
593 3665
3521 3367
653 549
2341 2858
2868 1125
2781 264
3348 1635
2375 4455
742 4266
3581 4428
1197 3671
1162 3309
924 317
3700 2346
1206 3994
1112 3377
3995 1741
1126 2875
2412 2603
3883 1455
3556 2641
1598 1722
873 3203
230 1001
4094 1081
2878 1692
1443 1975
6 1255
3395 2498
2098 1847
1023 398
2177 3506
1415 3347
444 812
1622 4441
923 2163
1347 1192
3777 3562
4314 2240
959 1890
3882 2586
1206 2437
2233 3252
2582 13
1331 3416
3364 1502
3389 633
4060 388
3153 3137
2444 2604
3190 3183
1244 1116
4309 1973
3126 2906
315 2330
3444 3978
2871 3023
58 225
1304 1907
3258 3971
968 2958
2590 1772
2705 434
4239 3703
2169 3421
1441 119
3013 4232
4440 2844
838 4353
4110 3006
3479 21
2111 3057
91 4455
1749 494
856 4176
146 2053
1122 1180
1480 1712
778 4159
3396 39
2475 2315
623 130
3966 1482
4033 2798
1586 847
1732 4051
174 592
441 3304
2992 339
1131 420
4212 800
1309 1148
1073 4279
4335 2251
1920 4363
4149 1257
87 3298
3386 2009
4241 1084
1355 1922
2053 2403
4336 1041
97 229
3026 1450
1944 2198
524 4028
732 1005
1708 762
1913 2078
46 1721
125 1381
1842 3508
3897 382
1951 3812
4092 1185
1536 824
3759 4486
1663 2516
4184 4491
2034 2318
2141 361
2845 3230
881 4443
3927 3141
2407 3841
521 45
3571 439
4161 1180
1957 1624
288 3926
1081 3586
1922 300
1080 99
2836 2351
2726 2337
2044 70
2757 2731
677 214
251 292
3806 3272
2349 3769
3712 4460
382 2959
956 1757
2627 3099
1240 2776
820 4120
3914 3183
3108 3775
2387 2575
2611 2656
3565 1141
2006 3656
2852 1835
3277 395
2132 2967
4144 594
2220 3390
1955 2943
3148 3231
1283 428
3328 2477
862 2245
1084 1615
2380 3373
2452 1176
3752 4381
2681 984
806 3573
4291 1634
247 2943
3999 2706
176 1378
3852 1394
793 305
1393 2338
4149 262
2526 2846
3314 1278
2076 598
3774 1197
596 2337
4377 1570
2584 2761
2179 25
2609 4262
3759 274
3181 2217
3657 2659
353 1917
101 1542
3619 1867
2837 1301
2661 1435
4317 55
2013 495
3987 404
3362 2779
1841 4140
2590 3606
4480 1680
78 740
1130 3754
515 2637
3068 1585
4457 795
2882 838
533 1416
3899 1202
2181 2380
3243 3268
2449 3626
1268 1041
3862 3173
3769 1187
1426 4309
3596 2075
4447 3864
2790 3717
944 1777
311 7
3894 3007
4225 3553
1000 731
347 3456
3599 2260
1459 2864
4430 2323
1779 141
185 1496
2676 1363
3413 1132
2229 3078
1870 2405
283 2089
1678 784
3427 3369
119 2818
814 1563
3332 2891
3742 940
2198 3308
965 4065
1145 3255
3285 663
2726 3512
2495 1015
2915 3158
1650 4172
1501 3001
1969 703
1367 2580
57 4084
2109 2496
3884 3423
2301 4132
3430 3621
2978 4423
538 4166
333 3028
2999 2511
2121 621
4341 1861
1332 2656
1083 2829
3744 2737
2698 635
932 1296
331 2575
866 788
56 2091
623 1007
3820 4303
4159 2854
1802 1678
2592 64
3655 810
1026 1650
4203 2476
4215 4336
2063 2241
2053 988
4461 2481
2113 3213
2295 1699
100 3295
4017 2761
2161 42
193 2291
1514 1757
3808 2186
2832 4078
4051 676
1202 1827
1241 2263
1425 3915
2680 2881
518 1772
4076 1517
1629 2681
11 183
1411 4449
4027 3359
1936 2131
2359 4256
1610 4051
3044 1075
4282 3206
769 1119
4408 2254
3174 1207
2058 2538
1829 3809
2778 1626
1951 1275
1605 3322
3405 739
905 2777
3516 459
1780 2916
1899 3895
3199 1045
748 3211
1901 2332
851 1541
3288 441
2838 193
1062 3592
1814 4216
2170 557
3575 1874
1046 2411
3379 2900
2808 3388
217 1862
1629 1263
3394 2307
4202 835
1345 431
3227 2648
1707 910
3531 1965
2662 3199
2477 129
2703 2014
116 1154
4199 2272
2242 2003
1079 729
15 2126
1592 2933
1110 2019
546 2664
3834 104
2058 3199
94 3975
3943 2861
551 1073
1569 734
1622 1585
1380 3772
3246 1669
3332 299
881 3381
2019 203
2883 1410
25 3198
4029 3825
3341 2195
683 4181
3016 4383
827 3367
2549 506
2806 3314
2008 4122
1946 2920
2465 3377
52 13
1626 2917
4069 4394
2621 2817
4259 2989
2024 1274
1644 4251
1349 2919
3393 550
858 115
66 3782
675 3162
3796 2824
2703 3843
2469 3131
3502 1161
3364 1527
3740 1684
8 1579
2500 1455
3063 874
795 937
2791 839
3756 1977
3425 4174
4426 1542
855 2619
712 2560
2027 1114
2269 3877
1351 1645
999 3141
2748 1123
435 1073
2711 2321
3863 710
1443 3599
453 1870
2040 3111
700 3080
1182 702
1652 686
4017 2230
4195 1612
117 3541
3371 3136
499 145
1456 4328
2039 976
2694 1944
998 1278
132 3681
387 1597
3428 4471
2613 1305
283 2000
828 2226
437 778
1349 4011
3046 139
2073 3533
3388 215
99 2669
821 3511
2005 3911
1873 4233
3428 3924
1438 193
3060 2563
3996 3827
3035 352
128 3774
3692 677
2964 2557
691 3551
804 2649
1900 2753
2309 828
2381 2332
4414 3437
4359 3684
1994 1340
2083 582
1165 3545
1501 275
3254 3585
3874 3948
3626 3349
784 3060
1074 1052
1075 2452
3501 2136
829 3918
301 3553
4261 1535
984 2226
332 1790
2942 4321
1569 1336
17 1329
3347 1606
2926 2315
2542 4062
1723 3506
2559 59
3015 1316
3993 292
809 3143
1040 640
3509 1236
3185 796
1045 3799
456 1046
768 2708
4471 2387
3421 3762
1948 1299
511 2659
3971 1524
4138 3904
4258 869
786 439
3592 3786
3135 975
2601 4254
1804 2271
4015 3604
4482 2068
464 1080
2661 3056
2192 4273
2611 1304
1330 628
3505 4114
3992 2140
131 4108
3063 3779
3531 3082
3457 2070
2017 2318
3637 697
3191 559
3397 1268
1191 2939
835 503
548 1475
74 3104
3150 997
693 1358
2333 64
3670 4188
205 3405
3757 3861
2783 2225
4388 2324
1014 3844
2123 1549
3109 3200
1105 1315
4485 754
1909 2328
2771 1047
1311 38
82 1763
4103 176
3387 789
3501 614
3650 1379
4204 2058
66 1896
2340 545
2474 2687
375 3941
1927 1298
3423 3601
4242 1809
3666 4082
1610 3217
3704 3093
7 2598
1126 4484
3574 3565
1288 1722
3869 39
1904 2943
483 899
2367 3659
2841 2781
2441 3874
4444 2749
2161 910
2859 2035
403 1762
766 1182
2337 1941
2465 3465
3341 2331
883 1960
1389 1090
2402 604
2322 1959
3815 1037
2231 2940
755 642
946 988
85 453
1281 2171
4021 4360
2315 3632
2486 184
570 3324
1524 1780
2820 3216
1509 462
1166 387
3033 2386
2237 1300
1577 3340
3917 611
4436 3533
1041 4318
546 1714
3288 2866
1430 3205
870 416
1719 2228
2886 1879
416 2756
3716 1000
3185 2394
2576 1478
3198 830
3461 4156
962 202
4349 1512
2344 622
458 933
3334 3931
874 2693
4000 2289
3992 1985
537 3138
2554 719
4009 2576
416 531
2330 3426
3611 4222
4405 3516
2635 2399
3129 1573
779 531
4344 662
318 2313
3765 226
59 2691
385 3816
1258 3976
1251 4070
3810 4474
2900 1840
1276 1332
4405 1513
3222 2290
2734 2450
2646 4306
1231 4127
778 4428
3254 421
2480 4109
352 4165
3854 2248
1015 4247
3403 2624
2061 3856
2334 2290
2303 3489
1845 2384
381 1582
403 1864
3385 1122
1462 393
2139 837
1119 1260
2667 1377
1116 354
3647 649
420 988
1448 78
1527 4123
2117 4223
2621 1886
3659 2883
3385 2075
3323 1450
1448 1028
1546 1008
4440 1852
3054 496
2758 4173
371 4284
3974 4491
1421 2991
3337 1327
4190 2596
2187 3322
2216 349
277 3275
592 3380
3134 3112
3974 4497
3118 4488
3181 2339
3710 3598
815 814
783 4401
2022 3026
3139 4153
2211 3593
1073 2673
2316 3089
3902 3796
3800 2544
404 3175
3286 2910
1540 4128
1807 91
2500 1905
2618 4307
1434 1920
1095 4296
1481 491
2609 545
4318 3224
2900 3292
1976 535
385 3141
3480 4075
153 2778
3291 1271
2050 1797
3717 2595
598 1200
2104 340
1373 197
4372 1329
998 2517
2449 1327
550 3688
1403 1888
1 4184
4349 3216
1411 3861
1738 1432
1890 1977
2913 128
2166 1428
4019 4024
4034 2900
1152 2568
4163 544
634 34
1187 4495
4059 2669
3666 1992
1615 964
1993 113
905 2848
1445 625
4090 3118
2240 702
900 317
2971 4071
4262 3832
1259 199
1425 349
2150 1725
3054 2743
3866 905
1707 1814
22 51
4120 3525
397 3702
1208 1879
4238 1083
3598 3534
3086 29
3406 1910
2422 2199
232 3543
4322 333
2487 2231
1403 35
3527 2551
1640 3630
145 2716
320 729
1981 1614
1460 3013
3790 1305
376 3430
2826 2744
4101 2078
4064 2255
2533 4439
1599 2840
3575 414
2717 2194
2602 3622
326 755
1189 1036
924 3109
1494 385
1087 2340
4135 2145
1350 1730
4054 555
2800 440
3401 1957
674 3008
1926 4444
246 3184
4349 2697
2973 35
2384 1227
3885 3951
1304 4193
2925 1208
2250 3519
3944 1755
297 4413
2593 4039
1664 4040
2198 1085
196 518
2727 4466
3015 1201
2973 1051
3028 1020
2809 3088
731 1033
3063 559
1502 355
3256 1617
3089 4420
4335 3126
2239 2715
1387 2766
2766 2445
3867 323
249 2453
937 411
2330 1186
3105 3848
3898 4333
130 2399
2484 4105
3569 134
2846 4008
2773 3492
300 4119
848 203
1625 1681
3856 2381
2328 2428
3780 1104
3186 4222
4370 3673
1825 3924
312 3420
2384 965
1399 3819
2120 4250
2264 1808
3089 3789
3491 3529
3866 2816
3547 643
978 416
2520 4299
3262 4436
2935 2326
3215 1208
4111 731
1750 1682
2481 1891
2989 1000
1926 1256
2885 820
1593 4351
3338 2738
2156 269
1446 4056
4169 409
3894 2540
1234 3032
264 1390
1174 3706
297 3765
823 1349
195 429
893 1172
1234 2194
1857 4058
3061 1420
3023 4373
578 743
586 4482
4234 1519
1685 427
2618 3481
3847 2849
3042 1160
701 1699
3524 2335
3580 1647
418 3036
3426 1664
3474 1439
2565 3638
2018 3125
667 1214
716 1236
1314 62
768 323
911 698
306 3483
451 3584
720 3998
3958 2958
1551 503
204 2494
2346 2111
27 3266
122 967
3018 582
1462 1204
2071 844
1597 3224
1479 1512
3742 1634
2428 3585
1801 2378
3110 355
574 579
3739 2643
682 2141
3176 4060
4486 1507
3940 2360
1377 26
355 916
264 2032
2081 1009
2632 633
3255 272
3447 592
3395 4341
987 3910
2163 69
276 2575
2067 2765
2211 2426
2200 919
1688 603
3514 3523
4121 3520
1306 1643
1943 4474
1073 4257
4250 2718
4252 3146
175 228
272 78
2821 4210
2175 2597
842 1179
926 3333
19 988
3183 2266
967 656
4047 226
666 508
3137 3679
3317 1864
1665 1634
351 3550
2347 3231
4409 2174
308 2119
1179 1216
1494 3250
4180 2362
1117 3879
3480 1195
1679 1593
4075 125
598 175
1537 2820
1321 828
12 3293
1643 4078
1598 2226
80 1129
3211 911
2649 633
384 2254
364 937
2638 2532
1547 1342
410 2181
2494 3524
4155 2271
1652 4271
826 838
4066 2498
3858 1890
3462 3221
367 4179
4138 2874
2652 4322
1190 1720
2349 4406
4261 903
3709 1222
3468 987
3280 829
505 3007
3677 1672
1503 3497
3500 588
1023 4406
3302 1329
3818 1
2807 3583
3250 633
2296 3776
700 111
857 2942
1000 4353
2527 2875
1925 3821
2139 2659
1288 763
1192 483
2418 4323
839 1288
809 2018
800 4162
600 2368
4130 1407
977 2122
1267 956
4160 1031
4201 4299
294 581
381 1132
665 3346
1323 3746
2414 198
152 433
601 298
156 727
3644 4396
1455 3828
2399 558
3755 1111
4148 713
3325 106
1715 2280
1701 1757
4467 1861
2515 2784
1560 2212
3894 612
2660 1674
2717 3928
3172 3149
2903 1197
4416 1307
3185 3359
351 3572
3390 3727
4006 1931
4030 4083
708 3253
2503 3024
4287 2216
1590 1656
3730 359
1007 4495
3914 734
3103 3060
976 3374
3175 1430
753 4055
2189 436
1297 1598
2352 2555
4298 698
3394 3874
440 115
1342 156
734 378
4492 1431
1788 2804
3212 3380
3924 1686
2198 4188
1796 2786
529 470
1334 4121
1799 4158
2620 3148
2285 2386
3963 2792
3253 3168
3762 4477
4384 105
1587 912
2195 3221
1729 2071
1525 3867
2930 2058
1070 2056
881 116
1416 1580
840 3919
1967 3354
1148 509
3824 1826
3226 2616
3403 4092
1986 1105
3485 3435
527 3016
3073 3435
2593 664
91 4368
3523 1143
2763 2713
3653 1445
3173 3998
4103 4023
1649 1806
381 130
234 917
791 2258
2308 3910
596 69
4186 2369
4126 2168
271 3512
532 2626
26 2891
2672 63
1465 2578
2158 3553
2367 2923
3655 3203
625 2633
2540 1430
2414 2849
2277 1702
3184 1075
3457 3317
515 3769
1648 1419
1214 1092
3387 4366
2469 204
4249 1044
2464 2555
1563 2611
3423 130
404 1529
3103 2409
2643 2159
529 724
2817 2524
1895 2698
1027 566
2479 3417
2576 53
1737 1272
965 3287
3300 4235
3074 3497
885 793
3581 3076
4232 2957
4169 2784
4075 2206
2097 1154
4135 243
4448 2061
1929 2472
189 4028
3218 2963
4263 382
939 3460
2998 4355
3100 1536
1631 3550
2322 1156
1299 4272
303 826
311 4052
493 4028
211 122
1706 174
1844 2131
4039 4212
904 2595
2290 149
2417 1954
4326 3818
1839 1315
4273 1966
3075 711
2276 358
4245 399
1895 2670
790 2366
3457 860
2587 1753
1593 4234
2577 3200
2847 2350
3106 2522
4072 3164
1582 4366
2016 2700
2831 2450
2766 163
4083 4008
3763 4302
3139 600
1137 3985
2282 1220
1371 3206
1080 508
4274 2420
2493 907
2586 4347
1714 794
2698 2668
2565 3316
3283 3574
1126 274
308 4133
2379 1062
4316 1101
2990 2623
2685 1815
1190 1340
612 740
274 1506
4417 155
362 608
2208 2902
2080 4486
2196 1289
3344 1882
2214 2643
3677 4028
1182 749
4362 3116
2105 649
3285 42
1714 244
435 293
4198 2273
4154 4021
4203 1258
1273 2251
3086 1996
808 1347
4081 3171
2857 1271
4460 3055
2170 1823
3577 3200
566 2461
4011 4117
3916 4211
3752 4260
1657 1779
3110 3146
55 1966
2168 4061
1074 4317
4330 1208
759 989
4498 2506
1613 3351
2855 1007
143 1204
620 1448
2097 2379
3055 3746
3995 3438
1640 3071
3752 3862
2772 3953
2337 1664
723 327
4012 2720
1646 3942
2280 1888
4343 933
407 2458
2202 1730
1628 147
3784 4450
3080 4453
2495 1243
4423 4132
682 292
1396 3210
3405 3006
1484 2597
4028 2122
2637 1358
4260 1411
4012 4107
862 1686
1685 3792
3253 1285
3143 3395
2644 3378
119 660
3221 2729
3623 937
3833 3941
736 1592
987 151
3369 478
2244 1352
3335 3854
2689 2227
4269 1311
3630 2431
2125 2518
656 3531
1762 2590
3673 4100
3665 2758
1007 271
1255 13
878 4000
145 1898
2183 4259
943 2014
1191 1727
1431 4244
1710 2012
4317 3667
2877 1122
1112 4267
2030 2644
3608 1713
3519 519
2912 493
1587 4077
1724 4379
2084 851
843 1130
842 3079
3538 1094
1332 2701
3773 2808
1253 3660
1108 2188
4279 3985
1486 1846
925 1333
506 1591
3465 3673
1474 1559
67 1984
3421 1848
3051 1696
2158 1239
2342 2949
3079 1358
4428 2911
2988 1506
680 2219
2296 4202
233 189
230 1297
1084 4133
3190 2166
2859 4277
2620 918
3309 4283
2322 1852
1189 2724
3117 1045
2373 2017
3749 1501
3398 1913
1621 3655
3658 312
3451 4168
3079 870
4278 708
671 2201
2430 2998
3538 3994
2825 2225
3671 3663
1707 4434
2139 3323
3753 3364
313 1285
2852 3152
651 4463
3028 3797
4326 3007
1572 3923
4484 3000
768 3821
286 2000
3654 1173
3014 1341
2375 4073
3403 4079
493 1731
3728 1805
34 2152
936 2912
444 3183
346 85
3173 1930
274 1401
4155 3471
2868 1731
1405 2813
3233 1283
2984 2237
1306 3683
2844 4476
2048 2591
3575 3206
558 2002
2860 2862
416 3703
414 3557
3456 2346
2924 1309
1889 4205
4421 4148
672 4095
493 101
656 240
2102 1034
3946 3934
3629 1396
4309 4132
453 4173
277 574
1723 1369
3015 2076
4317 2447
853 2016
3248 3870
226 2459
3177 593
832 3812
195 3020
1352 2286
787 3090
1311 2675
450 1723
2324 1681
3200 290
3054 20
3246 4057
3011 1807
105 3145
2007 573
2911 1937
2199 1580
1867 186
1155 4046
1088 2742
1707 4482
4195 531
2089 786
3807 2991
4332 747
3467 681
2512 278
2482 1178
478 647
1851 3186
3221 2067
1307 375
187 3200
179 4293
3534 3656
4084 1767
2966 902
3839 3397
2575 1247
3559 767
2017 1065
2338 3123
2028 1998
1291 1756
4027 2200
3621 1531
3109 3804
80 3786
2878 1138
2154 4264
3316 1752
3591 2631
381 1302
314 1658
2698 3410
1107 271
3302 88
3165 664
4042 2174
773 2695
413 3419
1298 1844
247 446
100 2920
4251 4202
1703 3567
922 2256
1305 710
3020 1849
2900 608
2073 1154
399 1256
909 2134
2601 872
3617 2500
283 2504
1378 307
4243 4180
2060 691
917 508
1868 1640
4167 4120
1563 2109
1181 185
576 3191
2874 3663
437 3165
1687 880
4253 2758
4169 2938
2389 3473
2263 573
4413 224
1362 3092
252 2572
1404 1106
2004 957
800 3665
2800 927
688 1543
3975 169
3115 2352
4313 426
3350 4261
1274 2309
385 4079
2687 3282
2479 300
3230 3435
918 4063
1962 1209
2613 2778
515 3085
2872 750
108 1166
2146 3504
698 3254
1835 4495
206 3240
2489 3513
812 1089
194 846
4299 169
3548 2536
3473 1035
387 827
2303 3598
3608 3337
569 4122
3526 3880
3044 3282
2883 4280
3489 654
3214 3676
4176 3492
1472 3118
3335 1458
3230 1216
3636 3023
3813 3937
793 105
961 1974
986 418
576 4461
3458 1935
1123 3003
4047 1191
1499 2699
273 590
2545 4366
642 1395
3195 2131
2439 1047
1144 4053
599 451
764 2847
2008 1184
3161 4168
295 3651
4062 3636
1610 201
105 4195
4158 2633
2277 4221
1168 474
931 4230
720 103
1966 3921
996 1692
129 2848
2523 2399
2639 283
949 2697
522 4322
1356 2824
182 3557
4497 4086
14 1271
1965 2188
762 1671
1268 1316
1108 4284
4083 1025
432 1286
110 4154
635 3430
1421 2658
835 4487
1636 1383
448 4428
538 2420
1700 2468
3743 918
3598 800
1871 3287
3742 3211
3455 655
1060 1383
2259 2461
2543 476
1389 1352
1188 3207
192 2547
2111 3849
3277 2214
1308 834
2704 3069
996 653
1312 519
4327 726
688 288
1820 3019
1727 3180
3960 1680
4047 3175
1048 2065
2413 18
3875 2118
4445 3920
169 3740
2956 1007
3061 3491
156 1685
449 3468
1769 2316
1479 1208
4401 2129
734 774
4166 3797
755 4238
727 2686
598 3791
3927 4329
785 2385
823 4051
4103 4456
2761 2737
2967 3648
466 3953
48 1882
3300 3030
449 3483
1014 2556
770 4088
2126 3997
2969 322
4200 924
3352 4449
2817 2269
3400 3701
999 82
2266 2841
4156 2757
751 900
1755 1761
1785 1441
2314 1567
3042 4158
2494 3035
509 345
3153 2789
4467 1864
1638 1224
1057 100
2376 3988
2403 1789
3080 1435
3914 659
3885 270
3399 652
3062 2417
1996 159
763 3727
3640 3459
2286 2887
1351 2794
69 556
2428 3824
2384 1837
2446 3578
144 2421
3242 387
3071 3879
1703 4095
3325 912
2625 1324
2952 2173
2324 267
4280 4249
501 2291
3249 2684
1159 1733
605 2879
4212 1397
1627 4013
2775 4164
3886 1497
2442 2251
1044 678
2712 352
2162 4480
1461 1468
377 4381
1759 3557
2131 1769
4189 1617
4056 2898
1919 1864
1932 1821
772 2264
3502 1710
56 3227
1056 4490
3934 3803
1234 3828
155 3993
2081 3465
2661 855
1512 1013
2791 2221
1509 915
3166 1491
1738 1801
1485 730
4052 2974
1134 1036
2526 1389
4264 3538
3531 4035
3402 13
1829 1533
1718 1512
3514 2999
2043 3490
3705 3849
1556 2776
4471 2041
3294 1094
1932 3705
3850 1175
4328 1899
3268 634
1958 398
2444 1753
2404 1369
3646 1409
3034 2524
1761 4009
1009 1847
2386 556
749 4084
2692 2060
3467 3500
924 2121
1865 1029
2113 1691
3884 1039
4298 2474
3995 1525
956 3136
3869 2099
2459 3357
1641 1011
3262 1282
3963 3805
3159 2402
1264 3572
2281 2691
530 1382
252 3121
3006 2727
3004 1723
3627 1443
42 435
1688 4150
4044 3
2444 430
928 2915
2301 1468
31 2592
114 1796
1273 2292
4349 4403
3205 2812
3233 174
3179 3806
694 1314
809 1529
3119 1866
4334 3474
658 3505
4160 3375
863 3181
678 3715
2327 3229
2057 4240
4499 840
4196 1101
2108 2090
3598 2539
78 3417
812 3476
4490 2145
4229 2987
2843 476
1789 591
1512 1998
2311 4474
3312 964
2463 3566
4042 2836
2064 941
2983 3401
1948 1634
4035 350
784 2444
2947 3922
1275 3342
3746 41
4452 4412
3767 3146
2948 4218
3319 3236
1258 2662
1853 1396
3501 1832
1994 4366
1080 2099
40 1312
4121 3531
3819 1961
3249 3103
1470 3461
3033 1633
3061 4378
3817 3468
2883 4175
4293 3926
343 2765
3585 546
3708 4168
3835 3041
3537 2516
892 4262
4012 1541
60 3535
1119 48
1967 1721
1129 2911
1349 1336
4295 2805
522 1783
4311 1124
3238 3055
2219 1203
1676 674
3011 3749
2698 3748
4152 392
3106 1566
921 1107
472 1375
948 1823
75 668
815 696
4319 132
2873 1480
2685 429
4403 872
2447 4051
1859 4044
1158 4074
48 2758
3112 2354
2766 2723
1028 2123
3949 66
2462 1743
793 601
305 398
911 854
779 909
2643 2608
2163 1887
2743 1287
290 3384
4129 3610
1308 3763
3338 3471
3583 1175
2241 3789
123 2454
2786 4143
528 978
1676 3304
2849 1882
3511 23
1306 2614
1880 268
4187 2871
3295 3306
1349 1370
654 618
3366 747
4028 3925
3583 2890
3009 805
2978 2545
1090 57
1452 4261
57 4391
1750 2960
274 3907
923 2952
1292 1154
3787 3963
1727 993
4319 2779
376 1548
2016 704
3292 3371
2474 2416
2799 3365
598 1718
1204 168
1774 2360
3433 2561
465 1032
2443 681
4310 1007
3817 2457
1089 3486
4455 2806
2004 3737
3063 4264
3982 1649
3545 1482
70 1468
4322 2924
1268 3616
1795 2373
2232 1386
2131 1484
1858 787
4248 1741
3423 2710
1988 1548
1258 244
512 1739
2677 1728
766 466
675 3838
1059 3997
1198 567
4435 1101
3014 151
2321 2647
1748 3904
3736 618
2809 1791
1696 476
2799 3738
808 3573
3554 1953
4300 216
2893 4334
598 1610
776 2995
2489 1733
4438 4457
4498 3846
2572 1372
4269 1195
4285 4138
2264 3404
1905 1714
2183 233
437 3307
626 1534
2285 2030
4064 1064
1528 4408
4242 2772
2049 2584
705 1308
2019 206
3002 21
1692 2985
1214 616
1535 1755
430 1267
360 1907
2421 1609
4461 4396
3361 888
3882 2833
3208 1103
751 2713
2955 2795
3498 1466
1790 2757
3584 1925
3307 3543
2028 1920
342 3251
1839 3028
4262 1981
1452 2674
2178 3599
860 1206
966 1280
2666 2508
1752 842
3733 683
3168 1569
962 1667
3680 1313
973 2523
1794 3440
29 3816
1276 1858
2644 329
2249 3935
2938 3031
3266 2995
3853 4117
2056 3984
3177 1278
3661 104
1150 4391
3510 1972
2147 1321
3735 2550
2671 1611
4363 1016
2431 3109
2932 1772
4426 3057
479 1529
949 987
413 1814
432 2916
2665 2701
659 3895
565 3153
2346 2353
2168 4030
995 1899
35 268
2117 2374
2961 995
2038 3475
3422 3030
3354 1385
4187 3170
895 3884
4235 2911
3993 2476
2569 3499
1759 247
174 2862
214 2172
4115 1881
3534 2465
4132 1078
2187 960
313 4009
3777 826
4145 2603
539 2065
1574 1524
3574 620
2612 131
1085 4365
3605 3753
1011 1950
1410 1114
2977 4237
4139 4474
2738 1079
154 4340
2389 1204
3414 2566
693 2686
2711 12
3793 1568
3083 834
3867 2146
3940 3493
2487 2942
3776 1557
157 4157
1534 50
2079 3011
715 821
2737 1218
865 3643
1468 971
3285 2713
2082 4028
3267 3979
436 3755
2211 1519
1954 714
3955 1209
371 3892
367 398
4446 2274
2419 3065
3256 44
1559 1398
261 1252
2949 1078
835 121
525 740
972 1615
4289 1707
4145 541
3165 293
902 4020
2673 148
942 4294
1010 2215
1953 363
879 4132
3525 4314
3908 813
1924 2723
878 969
114 2854
4407 3310
2746 3179
1393 4369
2442 815
758 3934
1437 1052
754 1013
1543 3338
884 2602
3764 55
1460 4078
3281 3277
2478 2582
2186 4042
3765 3953
141 1977
750 246
2910 4436
3863 2016
2050 1965
3057 2199
3185 727
2038 1937
4062 2105
1486 2449
1289 3374
308 1947
3761 934
1800 3041
333 3989
2796 1694
3097 3346
2927 1141
1106 2750
832 1317
3726 915
455 444
735 3023
1597 2175
599 118
823 3741
1113 597
4469 616
703 4077
4351 553
3539 176
3600 802
1037 2583
4409 2111
815 4321
4434 1571
4304 456
255 2917
2838 1354
2460 863
207 539
1883 2722
1588 4030
1618 4172
2285 1986
3590 3836
133 2063
3897 268
2058 1958
409 488
564 782
3970 4310
1271 553
1586 710
2220 1063
1701 102
2193 4193
476 2428
1969 927
4398 3072
2494 2564
2554 2316
4443 3739
1136 4453
654 467
1339 1604
207 2575
3392 3271
2563 829
3812 1159
2679 3526
173 1523
197 1395
3247 3263
142 3926
3111 559
1795 2367
1894 3890
2225 1158
1803 3627
2123 260
3122 4159
1878 3114
3944 2653
1333 733
528 3680
2892 1087
673 3483
2704 3947
467 1827
1713 2113
2260 2249
3362 889
491 4287
1290 1186
3279 1969
3600 7
4382 1773
3002 2350
4222 401
1980 2941
2022 4349
1231 1115
615 3369
2789 1086
4445 2196
3403 1919
3045 3831
221 3008
456 2381
3363 1502
2773 680
290 392
3520 4142
4351 1363
3091 1362
3476 3584
1243 1437
704 20
1744 810
2172 2203
3816 4214
247 1992
1953 428
4396 313
2486 4289
2524 2014
775 3679
1795 2117
3480 2118
1424 3958
3333 488
1933 1608
1843 582
4470 2808
3497 2292
3025 2968
394 2400
2299 2337
2262 1749
517 4107
2144 2743
4401 4083
622 2483
1918 4092
2497 576
3055 1181
437 2804
1020 3410
1897 1850
1146 3438
2008 1002
3789 3022
2915 2616
753 604
2987 2469
4450 1987
2715 834
3930 747
1519 2483
1424 245
3132 2342
774 706
3876 449
3232 1621
2662 3906
2108 2774
1907 2805
3779 2676
136 912
2350 4139
3928 216
3758 757
4098 3620
3178 1620
1700 3515
3878 1666
4096 2470
350 3667
4072 1568
3993 1839
1841 1723
3456 2180
120 719
1211 3779
1176 1049
222 2709
1129 3995
2914 4040
70 2480
2034 336
3787 3296
389 1500
310 4257
902 1738
1255 1716
3928 3380
1575 71
1309 2664
1265 4004
3722 2839
4152 4256
1104 3566
1874 3393
3568 269
2939 3577
3290 1301
3015 681
728 402
1493 2199
1520 1342
3015 2093
404 2586
1995 3879
1377 319
824 903
2930 1808
1332 2983
3294 3638
2303 491
2734 3944
2972 633
1426 3270
1487 1147
4148 2522
2598 1768
714 1400
121 3112
693 3607
242 1867
854 1603
1747 368
3041 3441
2059 1427
782 1029
3360 960
3584 1656
497 258
1953 412
793 649
940 2165
4276 2160
3525 1382
2614 2696
2219 392
455 2490
1133 1038
2017 1612
3 2094
349 4044
3265 1080
2861 3548
4192 4330
1351 1142
1684 4001
3711 2943
784 3471
280 3691
817 489
3857 1954
255 2684
635 3610
1565 1515
3473 4254
1202 1709
2331 402
3442 1121
4450 1960
756 4486
2942 1183
1947 3503
1695 2842
4488 2423
3249 2777
165 674
4093 2081
1612 4108
1605 2282
2868 3890
2445 3743
4448 636
1817 3512
2543 774
2415 2583
1307 1071
2697 1610
3374 1228
552 1337
4368 3482
2748 3358
1143 508
3240 4397
3042 343
4218 3661
1376 2139
2700 4074
21 3395
2998 4036
342 2034
596 2742
4402 798
3741 4379
2657 3846
1734 1493
1613 131
2204 2941
749 1379
4216 4003
3966 2607
2198 2533
2202 2591
414 4135
2155 1924
2923 2056
536 3157
3969 3316
1547 475
2453 3386
3447 1448
2236 1521
4362 2479
2378 372
4128 2143
3515 2975
2962 1946
280 3116
2058 2924
3627 3999
100 3601
3631 2898
981 1651
1190 2274
716 3025
2110 2299
3541 2726
660 2514
3084 3382
1530 3641
3488 4253
4216 235
797 1636
3640 3311
791 4248
3342 725
2659 974
3923 1844
3785 1381
3188 2718
4244 4449
1795 3181
707 2913
3621 118
3945 4308
3003 1186
2804 579
3275 449
1760 931
2971 3967
2962 2534
1877 929
3900 2821
3306 3308
3395 1793
1769 3963
3056 435
3449 1886
4445 4123
2323 2520
575 3556
65 2577
137 2235
2575 3813
381 2165
197 1654
4447 4390
4499 1420
3964 1880
2001 1104
2468 245
702 2354
1239 2558
3 2940
3390 3410
1094 2453
4354 1867
2313 883
1711 1715
4050 846
1915 1774
2577 117
3246 2600
3724 1170
2126 743
2531 4029
2564 3724
3591 537
3481 3727
1522 2557
596 2772
3118 3584
3816 3996
943 1760
218 3153
1043 3140
3850 2559
1859 1507
4043 369
3940 1725
2350 4068
1541 2967
123 1782
649 3708
1618 1918
2709 3043
2861 639
4447 118
1923 2216
214 2820
1554 2392
1374 2868
2990 1912
2024 958
2765 2463
3743 312
2728 4085
4123 2338
4380 219
1726 3654
4247 2006
4309 1703
3294 1082
281 729
4142 247
3655 807
3886 3729
2183 3985
1404 497
2168 2757
3546 8
861 3404
1925 734
2684 501
2861 364
3652 3255
2983 2836
1558 2386
3162 522
2956 1212
4453 2444
2141 1992
3696 250
2306 1251
99 929
978 416
4032 2655
3770 699
4324 800
3216 1946
1492 715
397 3100
3490 3143
1363 738
3679 1961
3904 656
3965 793
625 1621
3922 2213
3211 779
1619 429
555 582
3043 1128
4214 1113
3793 4019
216 2768
3022 1370
4035 3412
564 661
460 2168
3983 1953
2929 3144
189 4187
942 4149
4344 2016
3002 1621
369 1805
2174 1049
137 2295
3269 3228
4021 1543
2708 3190
2890 87
1596 116
2634 1075
242 2123
2947 3760
1551 4469
449 673
1305 899
424 2309
2279 3531
392 1464
4044 3603
4012 184
439 1851
2895 1615
3899 250
2014 3860
3186 1783
1111 2968
2137 149
2938 2732
1202 3285
3838 2729
2429 685
112 1339
4122 2256
492 519
4244 1625
3182 3363
1873 987
751 104
2997 1426
3672 4329
1903 4181
3456 806
492 4301
4442 4484
3619 4167
154 899
163 3545
681 139
3431 3301
2570 601
1419 675
2664 3301
349 2066
2849 2322
1883 1771
1641 2568
3593 3171
2091 2826
1808 3707
509 996
4420 3005
1192 993
378 4432
3375 1363
3482 2328
3720 531
1969 2437
169 1477
3776 2288
182 2956
3661 245
61 4354
1478 1216
4110 3711
4140 42
3900 1501
4254 3755
3501 4045
2363 1942
4486 2444
2507 4140
1220 2845
1453 2599
1040 3143
3682 3672
361 3775
1418 197
471 2856
772 3524
1344 4455
740 2911
2851 1413
1205 1645
970 4468
2350 471
3621 771
1674 2734
2978 2118
275 1865
1020 2075
696 222
3226 2146
1147 1400
992 3801
2206 1988
1226 775
518 3143
2458 3426
3950 3556
1420 1629
2874 3659
1881 67
1887 2337
3496 1412
1784 2295
2474 1325
4428 3843
4294 938
739 337
3433 3128
1387 1160
3554 722
2583 524
1056 3903
767 2680
1155 781
3623 2298
22 4448
2655 3470
2884 3360
4428 905
1086 1669
2995 4426
367 2979
4199 2139
3963 4212
3453 1583
1810 3422
2178 1511
4035 4160
1434 2795
3497 2791
4470 1988
2156 3086
3812 1144
2761 1869
2790 3538
979 2500
3294 3895
752 1489
2246 3718
709 262
1411 1881
1042 1720
180 3340
2289 2157
41 271
2172 4133
843 2368
1959 2641
4279 2083
4452 1913
4386 260
2431 1913
2263 3755
4106 1143
1117 1009
530 3455
1801 538
2852 3667
2184 2387
1610 3502
3549 2440
463 3153
1077 2064
358 2914
3949 3528
744 2613
1081 461
276 2352
3500 3057
3923 1741
1071 1010
2217 596
4251 27
354 344
3672 2952
1368 1220
323 4493
2090 4159
3017 1534
2026 2799
1272 2966
3025 228
3375 102
431 1429
1115 3874
3850 1397
1393 3667
2443 3143
1625 52
4275 2035
1556 1587
821 3161
1009 106
2142 2901
3186 400
2315 818
593 2542
1635 2591
199 2055
4495 2060
4186 3633
3947 3621
635 3122
2472 486
2346 272
680 3787
2153 1235
2378 647
89 2472
1334 1893
2801 4060
125 2910
2493 3095
3946 3630
1178 2729
1878 889
2503 3163
2590 786
2168 1949
1623 168
3444 1679
3899 1329
1239 1974
3579 637
3154 578
474 791
1077 3863
679 191
3858 2137
2215 3752
3583 2406
2798 3713
972 542
824 2243
3332 3457
1037 3917
326 249
2966 2553
785 378
2688 3355
1043 1081
2106 984
2063 1789
2142 1365
562 1589
641 378
2067 4106
3904 2782
1936 925
1972 1501
1280 2170
1859 3390
2332 3860
2721 3578
3867 4417
1492 313
4434 3036
2951 4300
562 1794
3122 3581
4103 2767
2629 1036
645 3867
3492 4390
2134 1309
1255 1820
416 2384
2867 1989
2166 3365
510 4069
1774 4285
1325 103
3577 1055
1728 2103
4343 2782
4071 217
767 2129
3789 513
3126 2892
4410 2460
4312 825
2439 715
3699 3411
3917 2664
345 3206
659 2482
4414 323
4493 1258
3830 2047
945 2448
2881 1661
3093 1507
2040 225
1535 3610
770 3717
1177 568
2157 778
1982 1123
2118 2318
3535 2445
4431 2210
1047 1972
978 4095
3116 3485
4088 4212
4235 1832
4149 658
219 2070
1012 3191
1139 3743
1911 2561
1106 2730
2116 1362
479 3176
3600 139
3367 1946
3345 294
3699 3124
427 3089
1692 104
3883 4176
2876 1886
3122 1443
3502 3910
3102 2762
1063 4223
596 118
801 1267
3471 4276
4107 2249
1333 961
1498 2542
903 1693
1721 450
4096 3153
1651 2507
2350 1593
483 836
1389 2966
4390 623
345 4434
1765 167
3043 3750
2734 933
2837 3541
4392 4159
1119 2579
308 238
4317 683
1367 3301
3850 2255
2446 2410
1523 4355
3329 787
3738 669
1251 2233
3607 2116
3024 3079
2660 482
3609 3074
334 4452
401 1370
1091 3054
3448 1900
2299 3521
1648 2054
2096 1999
889 3721
2273 3457
3832 638
1788 3442
2237 1925
3787 115
3040 2230
3096 4266
4021 3801
2130 2670
4267 2333
2164 955
2220 326
1366 330
609 2909
1495 2628
664 4368
1672 2499
1671 311
4491 66
591 2457
1012 2543
1154 753
1743 171
3131 1434
297 2578
4443 4117
2856 912
4006 2638
132 3119
3357 813
3290 4272
2891 4336
4448 945
3778 4111
2993 3498
2354 887
4124 557
3385 3880
1964 1495
871 3673
1451 0
4422 2554
231 3330
871 3498
90 3023
1420 2743
2074 1209
509 456
3561 3169
3457 4169
3003 684
2418 154
2050 2976
1949 2746
3240 4082
2369 2735
147 1541
3264 2307
1966 3385
2195 517
2041 2435
2582 2071
3730 3825
567 260
23 308
2701 1930
279 1677
1606 678
770 2277
1799 344
1774 1934
2908 2366
3711 3260
7 941
1892 2233
2693 2667
79 1286
1064 120
107 4342
3737 2996
3746 1212
2785 714
317 4068
3868 1343
3060 1427
2878 2333
4482 3514
3697 920
1023 4382
4205 2556
4266 1566
2310 693
3333 3420
829 2627
1016 1745
622 3944
578 1784
3378 4037
3112 2447
4454 2210
1140 983
1346 3410
1574 2690
1284 1416
3385 1506
2561 1443
3048 319
1459 1441
2848 4138
3329 2239
2574 1722
2056 1897
3607 3933
906 882
121 1601
841 725
250 2824
243 2331
1731 389
373 958
1558 1720
4243 4327
2221 138
1017 2773
1938 2571
988 3697
3609 2201
4129 3197
1821 3906
3903 413
2191 2741
3101 1038
2722 2726
1010 3232
1280 1276
3196 1586
3870 589
3900 2756
3829 822
2035 92
3361 1859
3159 4333
2352 2614
3362 4334
2036 2432
756 1752
3195 349
1105 416
2592 3294
3130 1124
1134 2644
2968 2332
29 2596
1918 1817
1329 550
1447 2010
379 2139
577 583
164 3789
607 2055
752 4357
1882 1281
3484 3923
1590 1195
1336 3283
1299 1076
1128 3583
2070 2120
3887 3038
3800 3247
4177 3035
1535 4043
1942 3279
143 1966
2484 1385
4255 1368
2410 3836
156 4373
4251 3393
1405 3539
4222 2509
2625 4363
580 3466
4402 1871
2588 1242
3179 1177
2344 1394
2417 2679
2996 3089
2439 2247
1668 1996
1811 1825
2516 2951
2322 4495
44 3097
3891 2561
1526 2221
2981 511
2706 2705
1760 2632
21 384
1149 1108
2327 2297
1949 2162
823 2380
875 4393
1793 1548
4360 746
2359 262
104 2736
3853 2336
1091 3307
3956 4111
1646 3061
1183 4468
2147 3175
264 4485
1545 688
3325 1697
4053 485
1246 3077
842 69
4159 1727
1935 2524
499 3013
647 1064
213 3214
4112 1463
200 1606
3160 1776
730 935
2348 2880
378 1480
715 605
3098 2942
2419 927
3084 246
2013 539
93 879
811 401
4457 4481
1158 3186
2342 4215
3057 176
2571 1578
2152 1966
520 2602
844 1971
2336 3550
3275 3490
4088 1832
2040 1488
2151 2899
914 1195
1476 3349
2386 4299
1715 3782
3825 1575
4472 687
4499 1078
3643 3647
3541 4348
3141 3420
4224 1484
4108 206
1122 3492
4468 4254
2340 1388
1266 1846
3755 940
1803 1169
3902 2725
3070 354
3252 3867
3020 185
2486 2045
1677 1958
1367 3737
3588 2747
1419 3756
3547 3841
1451 1190
3769 2834
2515 15
3817 2090
768 458
2507 1987
3757 2247
4259 1519
148 685
1878 2635
1149 4353
3477 2531
3326 3430
1166 3625
3155 1530
494 3793
2683 701
33 715
3420 4217
652 912
2947 3987
244 2875
4299 3686
872 1265
2348 3546
3961 3551
2609 2758
3644 3788
2543 1591
3062 3564
2381 3586
1863 2305
2724 2217
3412 1228
2281 1563
2962 1142
3258 2617
269 837
2018 2400
3887 439
4184 4073
118 4175
1219 4289
2412 1388
4309 195
3184 814
1241 2396
92 3970
660 1881
1847 510
3796 3888
4185 288
1012 2401
2430 4009
3256 743
2314 2933
837 1704
1460 3629
544 3757
3590 440
596 1595
2174 292
3227 3188
3263 7
2723 603
1949 3430
1845 2551
1668 280
230 3542
1064 395
1926 2773
2187 1384
3790 3257
1832 3026
3863 4130
267 2798
1389 4359
3469 3242
4371 4298
4446 2369
779 4052
2123 2758
874 1650
1339 1041
1286 1093
3838 886
2060 4472
220 1083
3659 2328
2221 4303
4371 1568
429 3050
3991 751
1056 2892
3092 2931
859 3054
4070 3011
909 2043
2053 528
2474 4056
3598 2126
4409 1448
3690 4327
1775 2687
32 3866
3696 1146
1571 227
654 3795
1950 3930
1224 910
2735 2241
956 4177
2699 1026
2690 393
275 1042
4113 2431
538 1668
229 511
2067 1215
3679 3819
3830 1567
2988 3564
976 2579
3148 709
514 552
2144 1260
3632 3054
1924 4199
2374 1494
386 588
2036 1714
3744 3450
3384 3708
1757 1720
3141 746
1755 1824
3176 991
10 545
2926 3297
4421 129
1296 71
3205 2634
1370 3529
4066 3575
960 238
2363 2124
1740 3130
1763 4256
3510 2018
2382 148
1034 3077
2661 2968
3438 2109
2201 2688
3832 1800
1360 866
3523 4397
234 1896
3167 2518
384 4146
3720 3955
318 3825
2191 1029
3758 3493
655 6538
1245 3542
517 2184
1038 3222
3218 951
3228 1163
1768 3508
3351 674
1473 65
941 3189
1957 4119
2078 1733
1785 386
4356 1751
3681 2582
676 4386
4244 4472
1359 1853
944 2339
496 305
2656 4305
3108 1064
1223 2488
1301 432
2970 795
4329 1559
417 4270
1922 2415
