345 1678
1709 205
1168 1363
1332 371
1265 1522
224 1430
639 343
961 74
1311 467
1879 386
88 1853
1530 1097
717 1521
177 1319
96 1520
1326 545
630 811
1775 1642
164 821
1646 171
1072 1203
735 1225
790 335
1884 926
418 1387
986 1382
31 860
1363 1677
1027 943
796 708
445 79
799 1212
1373 1330
228 506
142 22
1585 724
1066 364
36 1241
739 703
621 1125
1537 1658
452 112
1266 45
98 1542
1557 926
620 1007
1748 754
1130 1329
701 1890
1797 599
1583 227
1243 24
319 1450
104 661
1857 837
386 1672
1081 940
1486 792
438 1171
1598 610
289 874
516 597
1213 1635
1137 1170
1752 295
980 742
1695 724
578 1358
310 83
445 1006
1338 271
785 770
1080 674
59 269
258 1092
546 871
802 1081
1604 1170
867 975
1037 41
1845 1438
124 1010
133 685
547 1218
1209 1202
633 316
158 1138
1895 59
171 391
1411 1580
471 1398
545 1288
1020 637
165 918
1891 1722
902 1245
1572 1378
1269 1449
1661 810
213 1809
1539 1780
415 1446
1854 886
1544 1759
787 1395
410 849
1052 15
1304 244
571 1686
669 1340
556 272
1408 74
1757 1236
1871 528
421 111
986 1245
704 244
1016 273
557 1483
883 1570
1042 511
425 1579
1794 953
1363 1134
1215 667
1334 352
578 1889
322 1848
280 895
379 1871
702 612
676 1412
1032 507
998 653
1728 1293
753 1308
1589 1090
1195 1439
561 1817
1161 711
856 1188
676 124
1723 29
1241 1288
552 1484
912 857
862 1812
580 1305
363 904
67 1757
1547 1467
1154 70
701 1249
976 344
572 1635
1732 252
738 1554
1745 886
232 939
377 1240
1123 1102
78 1727
1685 1629
550 1480
270 1851
251 1814
177 1043
226 1066
1172 1655
836 623
1687 719
1242 526
1377 1632
1075 1483
960 305
1118 666
1192 305
346 592
1270 1249
661 277
431 901
1848 951
1014 323
1841 398
416 45
1864 244
1239 1461
1120 368
866 1282
786 958
1156 1629
155 1017
1731 1886
507 198
94 609
1295 628
1111 1273
1220 270
499 1225
882 341
1019 1558
1383 1511
1468 961
922 1021
979 1417
1208 72
1887 1013
1846 737
1684 820
1493 1790
517 998
702 1170
958 1432
1554 868
1060 119
1710 575
39 1318
1737 1619
1285 838
1075 979
193 1077
691 1429
143 1543
1513 166
516 1859
1077 1555
937 306
683 229
484 429
1295 1524
468 1026
1209 1088
1511 1314
63 1305
403 1670
1381 846
8 1328
942 1344
716 768
197 1645
1537 428
1237 383
845 982
513 1551
1653 1461
73 1304
1184 1718
299 837
1798 765
1048 328
961 1768
1226 1384
276 1648
1013 1422
195 508
597 424
488 731
1663 1175
1687 474
1206 263
46 330
1302 765
763 300
1852 420
258 1068
328 109
1667 631
406 1306
894 1813
1085 667
1459 99
67 1709
185 1551
1199 18
1015 466
1300 393
845 1019
98 1338
285 318
1627 251
1542 414
1812 996
1035 192
27 693
948 70
129 1014
497 1693
633 3
1184 1772
1543 801
1650 309
628 837
1391 1877
1739 1205
76 1300
1841 769
1809 1019
790 985
1578 1427
400 1136
1479 35
1669 1392
1821 166
1136 569
1413 1434
1801 1756
748 405
1438 1868
1553 18
695 755
270 1516
262 1430
1045 260
1440 1783
1167 73
856 839
1436 305
777 549
306 810
1480 1174
57 562
912 127
244 325
721 532
1629 266
797 283
731 113
1154 166
65 644
502 1058
728 1096
1672 918
649 1243
722 856
85 1252
1316 1711
1366 1128
1157 481
22 1772
1391 963
165 832
761 971
772 278
1220 1382
241 88
38 1796
1201 825
1223 173
464 1498
1743 50
1301 1230
34 329
973 38
82 130
140 851
702 276
583 784
1468 1716
1560 1233
21 1228
1413 303
598 823
1719 935
1671 865
1227 881
677 1175
1578 1746
1724 1193
1287 659
733 868
315 371
1327 711
897 683
405 1081
144 740
1833 938
156 1521
193 804
457 252
1490 336
1432 380
118 570
1845 110
359 1134
278 1004
742 1737
753 1298
1182 1624
33 1688
1644 1439
247 1457
768 1567
1312 915
16 1010
780 1239
793 1772
73 84
328 1664
534 1220
150 592
1756 1127
699 630
818 1345
1054 227
537 647
1582 362
598 738
1498 1831
252 1592
1301 1402
1448 1315
372 184
856 1640
870 717
716 33
919 651
927 1260
826 178
281 1076
1076 417
1287 433
238 1230
1077 1844
1290 1202
160 1509
1458 1472
176 374
1151 1880
419 1029
1309 1512
180 1833
624 711
1408 1066
806 454
1639 1023
257 408
285 861
700 1394
1527 543
901 1248
1296 1801
1195 867
652 1698
1358 232
360 1854
367 34
1189 1164
386 140
1168 789
1740 226
1699 1282
1494 1762
362 728
320 1262
1356 1827
1215 1490
1492 1320
1282 1528
145 1896
196 449
326 83
570 322
1676 930
1049 895
1198 561
126 417
418 833
1118 1602
1569 809
327 1684
910 1412
1552 638
1520 1159
685 1643
947 1689
550 1565
96 1425
1778 49
289 311
793 95
1797 560
1262 532
584 55
1659 788
816 1729
1420 566
346 101
167 414
332 1861
247 615
833 203
1020 1038
1152 1699
1445 67
883 1878
1781 667
31 827
1408 163
1488 1794
1875 1180
1506 1411
487 68
362 1348
682 985
1529 535
604 113
416 1675
1013 647
1369 1686
165 384
606 1553
562 1861
474 1684
1294 1785
86 24
376 1099
810 375
168 1308
1338 1512
1239 687
265 896
1525 1321
59 613
1851 1260
1191 1081
493 455
1667 834
608 421
408 1706
1178 227
1415 1595
1010 1431
902 66
472 916
1633 728
995 736
1173 413
1241 1022
651 1704
1532 1201
314 1180
117 1173
73 239
1595 1569
944 1598
1287 221
1374 389
1583 1290
1421 963
486 1320
80 1365
541 325
1257 1584
420 1645
1275 306
325 1890
205 1744
330 1797
289 1710
342 170
1246 327
1177 842
588 1007
1489 907
635 279
1866 738
50 292
855 908
1381 1568
1803 22
936 554
1389 1164
810 1477
319 92
1095 1080
1119 853
1781 953
617 1611
1377 961
1537 238
1164 1493
601 1860
876 1491
243 811
814 1086
1 724
1 1723
410 93
140 1529
672 1362
1006 710
328 1033
1675 1121
690 1099
1340 1751
1783 1595
1724 477
598 1830
1461 83
1150 197
970 1845
1358 1760
127 659
790 1875
39 1222
498 879
911 1822
1197 1374
1487 255
728 1344
914 1649
199 1043
839 884
809 458
618 1432
1003 1146
10 1474
558 849
1217 1036
1806 105
291 264
1072 1418
713 1625
756 1096
1797 1701
704 1816
202 919
1412 332
137 1605
1426 1310
811 1374
656 1586
1287 1615
1054 5
204 763
1578 1451
800 846
478 848
597 66
911 1063
9 1837
301 639
409 1780
728 984
1790 1637
518 254
1287 1729
335 705
391 1415
1153 1534
820 760
646 1085
1878 912
1788 1652
30 43
204 171
1107 915
763 174
902 1026
361 562
102 335
168 623
582 428
85 1500
208 31
1715 1564
1732 524
777 1620
217 1719
1295 663
604 271
1737 761
559 1134
1454 1305
485 572
759 1298
853 1519
1028 1081
793 1533
1350 1346
1616 862
1848 1592
1832 1113
1756 922
1253 1122
1810 1649
1769 1725
862 844
625 642
899 1372
200 309
1340 668
719 1110
1067 1664
1172 451
266 538
645 745
33 1430
333 231
875 1157
615 245
1433 1029
1835 1243
53 1644
1309 116
1640 726
173 706
418 1652
1852 1471
1268 1063
1354 1169
312 434
781 859
737 90
1303 892
1346 1316
893 725
836 1824
134 783
1164 249
1191 1271
1172 24
1604 744
1278 1803
952 843
1639 1799
1247 1024
1013 489
22 104
1104 1523
1481 47
1860 691
252 1702
1412 1514
1699 711
452 1835
747 396
636 245
510 1601
864 1799
984 1549
1224 476
1512 273
953 100
746 1349
891 1698
27 1615
1691 1558
1424 1674
1232 1186
485 481
29 1146
1073 1726
1110 394
486 1030
4 806
1378 893
216 273
241 430
296 653
1863 537
1581 510
1639 1490
365 1773
1385 39
1793 193
829 250
711 1107
377 1533
1145 679
789 295
841 1227
11 704
566 727
189 1532
1502 522
1136 1312
1426 408
1566 1322
43 929
108 1129
641 1547
346 390
561 620
487 314
1085 1276
1075 876
317 1898
1836 1329
118 901
1201 875
770 1273
1336 1171
439 432
234 1497
372 809
411 703
950 1383
253 221
380 1815
511 1672
919 1724
1179 440
794 1335
1547 1117
1813 1336
432 1487
217 860
177 1358
62 29
415 281
894 864
27 1741
95 1546
194 1663
736 1479
582 980
1230 492
1437 205
949 1279
1409 1179
1082 1896
635 1767
427 190
118 1656
213 385
1769 203
1555 1292
1365 1416
745 608
1684 1879
437 1480
546 1417
242 1791
1190 682
1837 568
1215 439
961 1341
1277 1609
700 672
839 1169
176 713
1722 1479
1608 276
643 683
1218 1848
1304 1067
307 1283
1732 1179
1827 154
1498 1478
1548 392
1255 1470
938 594
407 232
507 792
1763 441
1125 1180
269 1157
1593 1125
627 1763
1020 1571
369 1133
1193 994
1173 339
1126 301
1780 298
704 1306
555 60
482 399
1437 1723
1505 1359
88 1573
582 780
1600 145
1409 537
1219 63
119 541
1599 1239
924 467
299 556
462 487
1060 119
1274 158
1501 1815
280 902
1054 1611
1058 542
497 1029
1398 1650
923 1479
1281 66
1013 1207
1213 337
908 23
1616 1524
1839 1643
1559 1577
540 627
1685 672
563 161
736 529
986 1257
1714 320
402 1076
98 1721
1859 618
642 735
1399 12
1296 296
1233 326
465 739
746 939
338 1611
681 1051
1163 804
407 1810
1715 601
834 591
1185 1817
759 1734
1868 1078
1455 1116
238 1527
343 353
1007 1122
668 21
1830 995
1322 284
1386 1876
874 875
506 115
967 1373
587 1181
1317 394
834 1565
1712 1396
1870 1049
1396 891
781 1477
1751 587
923 1610
857 1326
1277 889
277 799
743 641
1332 1463
1083 423
437 306
1294 362
452 1594
830 692
1013 1605
12 1141
786 209
629 1358
1209 1321
831 17
1740 1518
1648 1475
1673 215
25 1602
1162 263
394 274
647 546
740 844
1455 147
1093 1743
70 1117
708 1623
512 112
1664 15
676 1275
1471 330
1175 1661
835 551
1676 1669
1045 354
1342 1118
527 635
1392 1528
1859 682
665 1477
503 665
323 409
188 999
1635 25
651 1753
1575 98
283 191
1617 402
448 675
1716 80
1830 262
1316 718
669 1194
187 332
29 1753
891 428
463 237
236 116
775 176
810 1796
386 1586
1368 1325
1871 1861
1348 27
713 341
171 568
592 1698
1625 386
1005 1211
1106 1175
533 1073
580 1539
1879 717
1489 31
397 1071
901 1309
880 564
1006 1593
400 1443
1028 783
887 1764
864 1482
1684 1413
1116 1285
1743 663
1116 837
136 225
617 1104
129 716
1566 1529
955 1816
150 300
1895 710
409 1285
221 1791
1162 257
902 1496
402 813
20 140
270 984
1403 172
1557 1712
497 270
1489 701
449 655
1048 134
1540 554
394 433
1289 36
505 1697
1167 534
454 31
850 542
1587 54
1823 1127
543 756
393 452
1577 215
1156 1784
1833 1448
981 1444
313 1895
1672 426
1064 20
1775 195
753 838
56 747
159 735
923 240
1254 708
1286 457
978 935
700 1578
191 43
905 1846
844 1291
1263 700
1578 1328
396 1260
945 1372
1304 701
815 1424
1354 656
1461 1178
236 1476
1115 604
319 1127
731 1250
521 1382
1861 610
1529 1009
1019 207
281 1220
999 467
1327 639
992 1731
1554 1216
386 281
1133 358
589 684
762 1836
1093 421
849 697
1223 677
400 1604
1602 1032
1783 397
217 1696
433 1459
1377 106
1769 24
99 1835
1415 1726
1082 1743
751 1344
215 1041
381 1602
1830 255
1216 1122
1490 1608
1160 1633
342 367
687 9
303 34
1251 961
1098 621
1738 266
370 1609
1316 701
1643 390
1642 1796
906 1117
608 1134
1345 963
972 1007
175 1099
835 1707
1781 393
821 586
1896 121
613 434
147 1847
591 14
1558 258
1197 1037
425 493
329 1267
735 192
429 994
282 124
854 211
223 317
1863 392
183 1802
1866 388
961 1333
177 1055
765 1736
63 1200
990 308
1842 1328
388 552
1700 1536
949 1490
1070 1007
197 1042
289 112
1337 484
1561 923
776 249
305 1890
270 1718
1224 770
1646 417
682 1304
1607 16
1638 639
532 840
1852 324
17 646
1468 1726
270 578
165 360
322 566
921 228
96 530
1322 29
1470 659
586 1829
1408 1789
460 361
1313 138
230 387
513 1128
192 1699
1462 322
875 962
889 956
775 1715
1529 1057
87 515
116 990
370 477
1549 1770
1811 39
1093 1652
1834 1564
1571 1090
1858 326
1600 1572
116 796
181 1033
478 722
674 1842
630 1314
1771 1051
1742 976
1382 121
316 857
1616 949
1850 384
943 499
179 1120
853 1832
1282 1354
1543 597
945 1876
501 242
827 896
1753 1470
1590 561
1459 361
1899 1384
787 649
1212 1338
939 1341
1040 1208
396 1330
555 1119
261 1851
645 118
403 127
181 731
471 1482
300 452
1858 1484
1896 608
758 1552
782 1129
255 700
158 1883
1537 1139
5 623
26 812
503 1238
1720 1201
933 727
1796 1000
1382 1544
1534 217
1570 652
1029 1103
1074 106
143 1278
1767 1705
1842 2
475 117
1767 1141
1637 905
1788 585
410 100
672 752
252 187
1570 958
1488 856
555 1683
1352 589
642 1635
158 1252
1703 160
1457 699
1113 1225
1618 1792
652 364
724 1111
1701 1557
568 1403
1077 506
715 1423
278 1809
733 671
610 1780
1320 236
533 305
808 149
430 1173
1037 759
998 1608
1419 684
1433 200
797 716
1819 197
54 224
1450 1193
1 1336
518 948
411 0
1570 400
1776 396
1619 716
262 1714
99 1347
895 1885
342 12
99 180
1025 621
1461 1044
1449 705
1822 1486
148 1710
168 1393
167 1631
1458 1144
1139 1587
313 941
186 185
1450 291
1454 153
667 238
314 827
156 693
1173 350
1804 1863
1378 1335
494 1490
502 433
874 994
750 587
1504 431
246 141
27 1451
1247 1571
843 535
564 546
573 1064
44 1789
309 1838
468 21
302 421
852 1062
1122 372
613 618
424 791
225 79
1535 1224
151 1310
1157 462
1810 666
1362 1583
1545 232
1748 605
1226 1505
1875 312
983 1237
1630 1634
406 1675
1644 1272
749 29
1078 964
1774 720
330 1636
765 717
193 7
1204 375
1517 1439
604 605
1845 920
1738 1847
172 1487
489 237
381 1039
336 1140
1022 729
1492 46
1599 1462
1559 1633
805 375
1432 1180
1749 828
1239 321
1615 159
46 1007
304 177
789 1152
1655 1022
995 467
1303 186
638 1713
1719 183
1813 773
305 1847
874 1150
77 556
1218 1617
766 1451
1648 537
1389 62
146 496
205 1320
1148 171
124 1883
313 937
60 45
1496 1188
1892 712
1306 1798
742 1145
13 932
1840 1448
1260 1493
211 1487
1088 1870
552 412
1597 205
1447 261
1850 1652
823 1367
1186 1596
848 47
454 1408
1455 258
135 812
1595 1619
1598 658
1469 1283
285 1004
1530 276
1797 1736
473 1643
170 238
140 377
582 1312
1045 1561
1354 544
1014 1152
1016 278
82 1162
985 1097
1803 229
403 729
1413 252
1478 1594
129 226
1485 284
1815 1753
334 231
1398 502
1746 279
1137 931
130 1309
479 801
1878 1320
889 1379
1500 155
1896 1123
658 324
442 812
274 319
261 1030
266 853
171 1138
716 1532
1266 126
1556 543
975 42
718 307
635 920
76 962
810 386
859 1299
1272 674
1830 1239
1127 638
794 1247
1858 86
1118 604
579 908
745 1444
1771 1860
910 66
1220 1001
1525 22
262 1799
1366 1483
1147 243
770 1213
1464 1276
1594 1187
1252 972
1217 1442
991 1100
1016 924
1217 1369
1348 561
1655 384
1579 308
1435 181
387 274
1303 1541
36 135
211 1881
551 202
304 55
1692 79
1182 1715
785 1192
1798 383
543 474
557 753
690 582
116 1166
159 1552
964 1734
625 1642
583 189
934 963
246 1861
1035 1452
1303 434
299 232
1111 398
1290 1268
29 135
721 800
489 1322
1587 550
1199 495
1713 1550
208 1451
1315 544
1606 1446
380 770
1693 335
220 163
1691 709
919 289
1766 355
465 192
213 1068
1200 1537
103 894
990 150
1580 1837
507 1027
1245 393
1644 850
436 1293
1106 1060
519 1094
26 1525
378 376
1103 1871
872 1091
934 406
1298 322
1402 1026
1074 17
1435 439
1662 262
940 1494
478 328
1473 1570
241 819
1017 550
612 1075
1448 53
765 1087
317 244
95 1269
724 572
1487 174
1450 685
702 265
1415 1283
666 1353
528 360
1052 1027
1305 1726
1560 905
579 1135
1133 1033
1335 1275
784 791
928 367
146 1767
1043 1224
785 1722
348 1230
1148 996
1750 1019
217 518
1031 1088
1256 1587
425 427
1250 133
745 132
561 898
1203 194
1234 1694
1676 1157
1241 258
464 939
1372 136
1223 1392
151 1734
1303 551
1684 789
1605 662
867 1244
1525 1557
763 1701
43 1740
932 1612
310 1640
440 934
1045 1080
1500 1529
1719 1017
1164 515
189 1019
1623 192
1490 883
1026 1631
1894 1015
884 1069
195 92
303 680
1394 1608
1054 243
191 535
322 1158
1035 460
232 706
711 934
805 523
1269 632
1105 490
720 707
830 882
114 578
1636 511
42 1148
878 1570
1720 775
0 556
1692 716
1080 1650
1054 468
864 758
1833 1590
102 321
791 846
4 1108
1101 1182
1247 208
1077 1016
430 905
1324 145
1463 1732
455 1629
653 1647
761 419
478 1838
662 680
417 1544
688 440
1148 1083
1383 1330
596 565
1604 158
146 28
1587 1552
610 953
217 1599
1311 384
1257 483
665 1720
791 1308
415 1395
1671 709
697 1701
397 586
559 1667
545 282
1505 1570
158 1249
1891 1166
184 1270
964 997
1506 409
1434 548
1835 1208
1224 1542
774 227
932 791
557 1254
278 1041
1135 11
123 499
833 265
1856 730
802 237
1797 174
840 1723
141 777
91 1837
28 1499
498 792
1135 770
1849 496
1109 1532
1324 779
1115 1435
1307 1006
1132 533
251 1113
1839 55
1861 1588
509 1068
447 1390
151 874
823 1289
960 1265
1489 1264
189 1679
1524 427
1090 1729
1845 521
1189 1272
716 993
217 1208
915 846
1409 870
187 1555
604 693
197 16
1761 248
1262 1819
1263 578
1543 1332
1482 987
980 728
1111 590
974 1448
483 384
299 310
1171 96
873 628
299 142
658 1722
1272 259
823 1084
1184 1203
510 989
1189 30
978 1090
155 1063
897 1838
407 219
308 1166
841 447
1171 1826
162 1734
201 688
1811 1045
1269 1446
1373 800
1151 1174
886 290
964 192
1654 390
648 992
359 1182
1326 303
3 1324
575 82
427 260
697 1701
302 1148
999 1142
1476 456
1414 500
1421 291
1294 1571
394 858
650 760
1709 704
1231 1238
1686 690
764 361
207 1478
4 93
1718 1699
1889 663
1050 128
1616 260
578 326
441 1847
826 504
504 1570
488 1578
220 1625
504 418
1810 79
849 620
254 141
1066 652
429 1409
1845 198
306 612
1311 17
1870 465
1222 693
151 1674
437 1575
838 1072
580 263
1833 551
1825 1635
188 147
1474 1311
1053 1064
746 1833
1423 677
1516 1487
1780 376
37 1375
1262 290
1747 1302
168 457
798 797
510 856
359 721
702 186
1 391
1687 1639
1155 1808
1496 296
201 839
1575 1254
87 1578
1784 771
104 802
1168 1093
685 1192
15 183
1368 24
1250 546
980 44
419 1241
623 874
770 966
1420 903
1580 1378
1584 1145
235 679
827 1264
1782 300
0 1570
677 582
672 329
1340 1106
189 474
492 155
760 1735
898 102
809 896
1225 641
391 743
976 886
303 1012
1505 1033
755 689
1309 1797
252 784
867 1015
1 186
68 52
859 954
1833 1215
1225 1279
610 1207
1333 774
860 251
1430 946
1489 472
1337 846
