392 1110
498 853
756 481
561 271
677 561
540 866
44 300
785 963
488 931
124 193
900 260
202 83
77 1039
277 656
661 309
321 61
381 939
817 528
323 95
1015 132
615 914
759 454
987 659
390 763
871 957
660 724
439 326
371 874
642 776
835 564
886 237
524 519
405 371
119 1149
902 527
137 1054
234 302
989 1147
12 502
301 58
820 586
957 123
1016 141
1044 504
607 14
360 315
84 82
980 890
323 400
88 798
819 213
494 802
576 904
628 166
868 871
155 1090
961 976
1115 1128
13 828
880 898
411 37
1046 603
258 89
620 938
28 422
104 968
413 885
151 963
398 68
303 395
613 43
467 841
979 1185
274 560
505 1062
1020 411
872 816
1154 406
1060 708
249 740
954 331
335 1048
612 1130
261 439
87 689
461 837
1079 490
898 957
1009 645
678 241
97 475
647 491
756 128
897 894
104 1182
1197 686
688 836
742 665
484 987
460 528
917 1024
242 278
173 466
722 500
1125 314
160 1063
400 18
475 983
853 964
96 324
794 544
889 991
1115 649
83 274
1146 268
669 845
785 462
92 142
899 354
827 460
864 323
160 688
1143 1060
410 321
454 754
742 491
108 1106
609 715
112 1164
1064 377
59 100
699 242
143 417
400 272
1195 747
803 825
999 38
11 129
1130 1110
760 509
763 861
585 293
308 1128
298 485
642 1027
522 752
409 308
106 626
661 971
433 544
1099 979
1101 366
973 869
453 733
605 442
121 398
569 971
123 168
196 791
775 82
310 160
1180 701
441 1106
143 785
1060 49
773 1091
725 414
158 208
231 101
1025 1064
724 199
1042 761
915 895
1169 743
866 1186
108 373
1183 1128
148 963
1056 930
1101 933
499 919
718 331
351 15
793 1042
1193 362
181 982
915 622
790 482
526 28
974 534
721 638
61 404
1170 591
772 439
176 935
1096 496
339 1
625 798
220 58
642 233
790 648
931 395
462 453
233 476
798 263
1112 105
180 446
1039 1169
658 393
321 91
1103 85
612 214
1115 515
850 1055
1023 20
909 89
322 307
864 492
1161 144
928 364
70 325
1121 453
241 902
533 800
228 1050
1023 949
479 208
230 301
429 928
309 210
1150 1168
1199 549
259 607
175 636
360 786
622 1174
491 840
126 316
923 27
131 454
1003 758
738 679
918 797
17 151
365 286
349 731
108 115
587 290
1082 1120
582 766
1167 15
55 1005
496 837
1155 1188
405 432
1054 135
940 1008
781 631
1191 1168
793 200
320 0
1167 702
60 879
101 612
29 602
1063 744
898 155
1183 614
25 528
979 592
197 698
201 279
747 430
1141 440
1189 620
1122 1014
1033 921
143 335
484 1115
1 142
0 1168
999 957
85 1180
251 821
668 381
804 52
126 92
504 537
794 323
638 782
342 1013
769 995
877 126
241 115
663 1081
868 885
886 728
570 722
876 771
1086 525
890 912
696 548
980 587
815 946
320 882
572 382
1053 720
233 931
960 212
697 493
1177 253
1185 1197
676 772
708 137
652 518
732 99
1034 1164
1188 804
219 121
243 421
47 656
178 1034
93 368
607 732
293 781
378 1041
30 315
844 665
429 41
456 1000
23 568
26 443
909 727
188 153
70 669
167 823
812 98
309 1096
828 457
85 1167
896 126
873 739
890 1080
1018 750
38 283
235 513
754 494
986 712
602 724
1155 341
715 840
655 940
810 858
682 587
477 48
97 627
790 203
234 903
656 1016
686 1152
690 159
817 1002
417 891
419 111
1075 294
286 974
349 752
415 968
1053 301
338 406
324 1145
839 266
379 408
481 833
790 525
764 562
230 311
302 630
761 323
470 756
636 450
769 1175
528 825
540 878
218 1023
1140 32
357 38
841 777
242 585
897 422
223 798
520 57
870 967
5 969
524 699
649 698
250 317
688 452
808 342
1193 1154
293 963
418 138
52 653
477 852
544 593
223 904
671 812
231 1129
1045 261
1148 520
560 503
14 86
464 809
15 1129
89 395
1035 314
641 735
994 649
597 1090
550 750
312 710
159 157
1147 653
444 997
1031 596
213 341
247 761
892 315
627 987
673 27
935 1149
532 728
819 566
678 482
699 40
792 844
879 1130
261 1032
709 645
1196 418
1185 504
885 870
918 1000
852 430
439 87
619 556
983 1167
26 705
766 203
418 968
892 979
568 129
1144 963
85 461
1010 374
873 515
167 116
927 958
82 293
988 563
911 401
1121 578
667 1078
976 808
295 788
604 238
572 440
553 643
312 67
690 1073
1046 455
889 318
476 877
937 97
350 1158
903 14
879 876
71 608
8 52
347 530
897 435
486 826
573 522
975 979
226 239
337 742
37 73
111 612
68 24
1029 611
1053 334
729 530
541 1102
897 490
146 512
942 163
913 830
869 672
244 62
1102 168
491 843
630 354
275 610
831 956
244 135
408 888
389 114
119 628
554 314
178 1172
1197 699
269 78
859 39
381 162
549 359
523 660
454 780
277 791
245 22
462 1096
608 1167
118 724
232 149
1076 903
748 563
1151 450
702 428
860 488
562 83
242 565
820 153
969 860
200 259
1073 139
1053 280
703 413
411 772
66 460
588 972
1188 736
887 1183
1052 1017
599 964
816 1077
314 230
279 350
341 153
605 675
773 311
719 721
304 12
1094 1070
746 1114
497 83
804 634
459 547
974 1008
684 204
685 105
652 1112
888 532
481 400
572 826
1081 1054
1008 747
51 542
1059 327
504 721
544 245
280 669
371 451
718 180
86 219
1093 910
517 718
884 566
1152 609
148 911
62 288
627 1009
173 803
705 68
808 364
168 775
626 137
776 286
911 540
1120 294
882 420
361 773
721 712
252 643
53 848
884 543
861 496
750 352
657 2
109 265
772 95
746 551
931 138
664 842
203 936
917 589
7 1151
109 692
118 362
137 738
923 183
693 532
654 398
607 1038
240 430
634 159
860 549
18 851
216 219
363 149
91 412
290 687
552 928
757 128
713 793
862 104
471 809
1098 595
53 1133
664 111
1149 185
45 1036
466 625
693 336
645 738
660 868
163 91
1034 30
314 923
1108 251
108 1192
799 233
909 729
632 798
1111 1089
959 809
285 104
554 83
268 792
214 337
525 417
504 281
854 681
657 655
977 260
192 1147
181 731
145 456
976 220
147 155
182 319
248 14
403 336
1013 328
812 973
921 987
196 429
347 346
442 539
379 85
224 862
107 787
502 839
1063 618
581 791
431 1181
1080 42
965 723
772 67
1074 1136
904 1012
371 626
15 427
704 970
338 980
317 581
475 383
954 1046
37 959
293 194
847 620
767 952
415 278
972 1067
803 38
484 973
338 742
90 1185
109 349
13 98
713 890
323 823
282 448
106 325
520 719
54 1187
352 184
752 865
264 352
379 1173
797 1184
917 176
1195 24
742 1151
1128 436
24 462
957 870
242 1016
1042 371
579 1193
245 1066
168 52
215 1055
666 1056
323 150
439 1101
412 922
395 517
769 29
890 669
496 922
1005 618
692 166
903 1057
412 821
67 215
650 745
236 1095
229 981
1048 1106
860 624
690 112
566 485
147 964
11 1127
700 638
136 386
1138 602
819 93
710 854
380 187
128 722
76 480
87 287
909 33
944 585
486 772
1 833
961 823
1105 147
714 972
270 583
310 978
314 755
286 1119
674 1069
934 1065
140 893
15 292
653 401
5 421
901 843
1013 821
152 453
687 786
393 469
164 544
420 235
509 188
1112 583
279 1056
416 679
942 418
333 878
581 808
1122 1153
1024 422
907 1034
1198 760
986 96
1030 875
111 1118
92 629
660 95
528 1013
35 1115
596 1029
660 698
1192 316
1078 648
804 112
1049 402
1 792
38 1036
884 1072
876 868
136 806
264 113
839 417
576 422
325 897
588 867
761 33
977 1082
24 361
123 639
80 752
1031 520
94 479
826 404
812 497
290 328
987 902
791 708
584 1047
236 1045
830 1043
824 659
25 872
716 1162
290 1022
65 823
764 1069
447 616
89 1023
1084 902
1113 575
799 398
769 353
448 922
324 347
206 799
16 289
188 576
72 383
185 271
649 671
698 307
572 426
886 422
1015 1099
958 405
1184 447
120 27
543 761
71 983
222 850
216 825
368 813
1146 684
811 200
507 477
1091 335
1196 377
1012 331
144 693
428 872
278 551
1140 1188
32 146
489 851
496 1777
31 1054
214 528
876 1192
604 997
490 551
966 898
883 841
716 682
693 737
809 412
1018 1095
1167 281
258 525
855 819
418 623
774 1197
1030 518
1099 597
802 793
84 1114
790 224
49 332
1087 711
1056 1055
570 12
7 1019
964 309
753 932
926 33
463 768
236 729
704 250
507 562
795 19
722 242
1113 783
562 1132
96 755
679 586
665 761
769 294
403 1117
204 485
1041 1192
714 48
718 1142
755 1120
177 534
659 886
1147 77
914 805
1005 328
352 1101
1191 844
751 1044
715 75
619 610
1088 502
516 361
451 889
620 1151
423 696
12 42
93 52
1185 263
1055 393
372 983
22 759
759 391
251 715
1034 90
394 602
350 277
83 1162
177 247
1083 1100
56 850
255 377
779 618
184 824
457 185
122 1018
956 173
598 930
808 799
528 852
813 529
923 441
1101 371
847 332
519 161
301 644
704 221
617 1135
1171 452
118 1143
704 720
384 787
112 970
275 1005
905 201
1177 555
444 91
544 477
780 1023
665 226
521 861
797 1174
762 1139
42 108
1002 1069
299 516
377 735
1158 858
499 882
31 987
1117 1097
234 20
443 286
958 648
207 430
820 1070
861 158
863 629
841 713
1173 581
834 855
764 196
840 283
800 321
1016 457
112 1184
696 834
392 515
766 397
217 225
1003 756
757 1157
789 376
1175 22
898 754
1055 142
832 88
1179 234
97 88
961 685
1140 835
872 913
431 553
1079 363
40 45
85 618
1059 436
480 315
229 304
105 412
280 323
12 1195
1127 114
365 586
1193 505
254 450
122 837
1005 897
1141 481
1098 242
158 1008
999 407
1163 227
1128 293
931 968
121 299
159 624
703 960
365 491
1142 441
387 1043
442 388
832 1121
1138 805
1198 319
422 826
788 251
337 108
808 661
1153 37
258 134
235 792
1115 749
1196 305
212 742
1003 186
1011 633
202 759
968 621
858 1184
782 727
1038 1000
446 355
248 430
429 749
768 511
133 557
675 230
209 189
1160 450
561 488
1182 322
1166 1136
769 959
567 1020
331 1030
986 236
1095 625
271 123
849 1089
510 880
649 665
657 545
22 202
68 37
1015 1143
488 1155
836 484
967 732
148 80
833 482
216 604
629 36
20 1047
940 1127
798 167
208 1170
95 822
458 806
902 663
1096 1884
339 908
493 946
485 2
993 694
814 1194
787 1029
85 275
1008 970
143 105
427 1172
326 1173
614 310
410 227
592 248
577 113
491 395
428 931
1080 234
407 1139
1010 380
156 453
467 85
518 137
807 956
349 330
139 264
1010 1011
881 1139
840 417
820 1089
797 852
258 9
292 1119
282 322
465 591
483 473
320 264
295 398
1154 746
331 959
501 323
1068 1148
686 542
375 666
326 73
1140 515
46 1092
208 330
832 1093
198 572
468 73
170 994
92 837
1122 979
781 474
785 759
442 1127
544 422
1166 488
363 622
566 1196
102 515
617 405
794 481
69 585
256 398
199 277
553 507
1045 176
1079 792
44 189
540 967
178 187
381 728
791 967
1090 404
845 1185
493 214
465 572
948 851
789 750
765 938
859 1191
213 503
544 303
1020 1057
610 680
785 307
287 723
614 1000
636 558
416 767
111 331
