415 1531
1389 1904
1445 882
126 1565
262 982
728 719
562 56
491 32
1327 310
1997 664
1350 1168
1145 258
92 1619
834 1879
474 227
712 1945
1339 1477
1760 1301
788 1014
1422 1133
208 1980
412 2030
351 1007
342 205
1197 951
1312 461
756 736
1765 1862
2047 1766
358 329
1223 641
784 137
1736 489
400 532
1187 1404
2099 1238
926 1301
1162 1944
1001 900
1012 417
1698 1548
1151 1436
1022 1728
621 1969
1165 855
63 369
927 278
1269 217
1673 881
521 1806
59 883
147 897
210 286
118 1178
89 1787
469 183
1284 1858
1740 1511
766 599
1381 480
967 797
868 1918
1608 340
1187 1778
238 194
884 107
1693 1554
605 557
186 279
457 244
1275 1468
81 1783
93 1012
378 1427
1833 768
502 702
1908 985
1774 18
1188 1890
1870 1591
1891 515
661 195
670 867
1545 822
113 331
1375 1510
1403 971
704 1830
1936 920
1143 1468
1058 905
2058 1039
13 399
100 711
600 1600
966 1736
169 470
1803 1906
2013 1753
355 973
56 1787
583 1644
1752 53
1394 787
2026 372
915 1526
471 342
358 1244
1124 1458
383 1270
2052 142
1279 50
1875 1748
471 1732
744 345
1742 337
733 434
234 509
2035 209
1335 815
1926 720
35 625
1638 1857
1231 633
2067 1603
379 2003
2072 904
433 1744
2058 44
432 1505
461 525
1304 1830
83 1605
1891 1999
372 1274
647 1113
1832 1258
1678 1332
372 2011
135 1824
1669 2045
879 938
279 1450
1124 1295
1388 1023
459 493
638 1583
1492 729
1154 1844
547 1916
667 882
1946 581
1636 867
361 393
185 1673
504 1791
335 1237
1311 643
1470 505
1464 1570
75 73
1595 1263
1939 1649
1226 170
1571 1559
373 850
488 1292
556 536
502 1982
248 134
717 258
1960 1030
1540 491
1164 2030
1109 1972
1989 306
214 1409
1933 513
1266 173
742 283
61 309
1670 1447
1046 1001
1953 1045
295 449
1218 1165
899 122
465 496
872 1251
1710 1531
1840 694
1067 34
1838 884
1400 53
601 1842
1816 1646
820 1623
1057 1280
1426 1211
105 1157
214 1169
1320 1968
740 237
977 1601
3 1096
680 1826
1354 1045
31 150
646 930
1909 1212
1037 1736
852 1079
1885 84
1211 1705
1672 1284
1484 2059
672 1838
1677 56
1316 1659
1414 1642
538 1395
847 1930
873 1093
2095 1935
890 526
807 1955
1922 1880
539 1209
330 1962
1887 1811
352 7
1579 1531
292 451
1301 22
7 1097
1267 1874
1059 447
414 1933
43 920
1556 276
634 689
415 512
68 1076
855 64
105 1718
1130 779
705 727
1596 826
1786 1321
2034 1140
1197 833
1055 1070
353 2021
1149 601
1497 1548
1378 1129
1023 687
1189 1920
930 1994
1161 453
810 1747
2052 776
861 1675
676 832
1914 1115
1009 1919
2037 1913
56 989
809 1437
702 883
1278 1431
606 1487
1620 827
1928 1483
265 1669
629 2019
975 1587
764 533
1126 1824
176 435
820 986
653 906
800 352
1205 255
1573 1835
374 1432
1164 1643
1766 1838
1405 1270
868 1636
1041 1629
1719 671
98 419
1886 1142
1556 719
1534 153
1845 182
79 1295
1110 1942
1677 2065
1368 1050
1012 1862
369 1691
1156 124
450 472
1902 1541
186 982
40 2000
1750 906
779 1274
805 785
1883 1110
216 315
1742 281
1603 459
1602 1806
2018 1462
738 246
110 1371
942 304
952 884
1958 1721
1280 360
534 1718
1564 1389
2027 863
583 576
312 697
474 1432
1583 663
274 576
639 1935
928 1865
2080 1784
63 747
677 1303
1730 1411
1679 1427
94 1792
1790 1086
582 1388
1449 963
908 750
1227 1666
313 1258
1377 1907
52 2075
1644 1739
229 341
1499 260
459 1324
1226 1767
392 1597
278 461
1829 528
1749 1955
1294 566
530 120
1870 1794
990 1010
515 296
1374 107
661 14
1013 846
141 623
902 1537
283 596
2071 1820
2023 1333
1542 1565
1885 1838
837 1654
728 784
1813 972
1577 140
1679 1128
1103 243
1442 1937
201 600
630 357
420 58
1382 1217
376 489
174 800
1570 248
1459 572
1982 77
1763 1086
2018 238
11 856
2083 1057
372 1332
126 1415
870 471
276 701
831 459
899 47
403 259
1318 194
1974 969
1562 695
771 223
1901 620
983 762
2011 1283
1504 614
1527 987
1871 763
1427 1542
238 841
1333 2008
1881 1805
1558 884
922 1523
2059 58
59 516
1378 139
228 714
1166 662
2062 1071
1477 338
1732 1303
2052 914
64 326
1656 833
42 1889
1120 105
1086 710
286 2005
1407 631
664 1412
1941 416
2077 1506
1240 1045
1985 1791
818 570
521 587
1284 986
1767 1300
56 919
1986 203
1267 2064
2094 246
1266 579
1316 1451
491 158
1958 1982
344 1044
1918 1402
130 156
1688 1657
2008 1441
994 887
1999 159
480 1708
1350 895
1144 773
1349 554
856 335
2014 1934
1012 922
1776 145
15 1414
1226 1064
1627 1951
1824 413
673 1874
747 278
1598 133
1603 785
643 2008
1599 117
1579 1719
1039 1574
1477 1920
1957 470
917 2085
267 1756
1177 1895
770 1837
1245 382
1073 1654
547 101
1748 1517
757 1222
518 409
1724 1223
1458 173
1207 1996
1223 218
1165 1161
1808 88
2036 501
156 550
999 245
9 366
1467 1730
1057 1152
1494 929
230 176
12 2093
486 511
1179 1153
1783 955
1475 1781
1836 108
684 2042
926 1990
1905 1485
1651 829
925 271
13 775
891 1840
739 1703
358 1052
1157 697
143 1571
865 667
153 473
1431 1320
476 845
381 460
1962 647
1964 519
2079 438
992 963
263 1523
1566 1448
954 1696
240 1427
87 1077
2065 423
838 688
253 652
1257 89
1 1227
638 1489
951 1440
1512 1725
1357 2071
979 175
1782 2081
1129 2008
547 1338
1127 541
1625 288
1546 1763
1708 874
120 1271
1720 860
1311 332
1914 1753
460 464
1203 1742
160 106
1593 1370
69 305
1983 2074
1480 1962
1152 288
508 335
2048 1193
1845 884
135 283
426 841
267 797
451 1106
136 1740
375 1159
1615 1420
16 1991
1201 1989
780 779
1898 1000
926 1133
66 814
2002 47
126 791
2074 1623
952 313
560 1385
1198 1560
533 271
1970 270
319 1717
832 1864
395 1960
1948 2087
985 1230
330 109
393 1769
340 65
1176 277
599 1962
268 872
1902 1076
1057 1843
73 728
1921 631
1794 2066
1751 863
870 1898
1705 214
1250 1661
107 969
140 38
588 2018
1250 1131
336 728
2083 209
719 663
590 1657
266 912
1619 639
1532 1558
528 1969
564 477
1601 1532
78 739
968 1305
1776 249
1513 1303
1983 328
877 1850
2075 801
922 1430
1771 1780
771 1622
731 628
1866 679
124 772
1548 101
966 1313
721 1452
1098 1501
1501 1765
1373 1914
1335 572
414 1763
956 1130
204 883
1596 1891
865 1331
726 1290
1363 186
557 1317
627 1209
723 1400
164 1322
1985 47
1998 66
1502 928
1629 1071
15 2028
1358 1627
1904 636
1467 1408
501 711
2084 918
874 647
767 711
189 1280
289 293
734 1331
66 1083
869 1988
1299 414
1651 1506
1452 1533
1868 57
40 1116
1229 1491
316 632
1320 763
1018 767
860 878
502 2038
1834 1999
1072 525
497 655
541 1962
1554 1058
1781 1518
505 169
346 1481
852 781
1674 1437
1378 960
151 810
1155 1772
144 374
1438 2073
816 480
686 1361
1522 1427
1479 479
393 109
1309 2067
667 1549
1230 1822
1221 662
764 1841
149 1902
314 1104
1235 1128
1276 1394
819 1398
519 1020
1992 1614
1991 1508
0 407
1819 1828
1519 2041
2095 1491
1156 1639
1258 1748
1312 106
1991 837
1094 1755
347 1235
1193 1652
1193 421
1352 383
572 1547
987 96
1470 30
224 719
1378 921
2053 2067
616 1270
1150 2097
1026 252
1151 636
1359 89
191 1989
1996 657
2008 1723
1954 514
15 1506
175 989
289 1538
79 1262
603 1788
1598 1871
1159 641
480 1725
531 150
2060 1817
380 383
390 245
1261 707
425 1585
1517 1017
821 1967
1152 1407
595 1571
1217 848
1517 955
929 976
645 1322
1996 1732
1843 1335
473 751
1927 1444
1072 1333
313 834
284 257
1503 147
484 1322
197 378
1871 1388
996 1272
1059 1354
1749 968
559 682
107 226
2033 1560
628 1323
1471 1399
1228 1949
2010 200
1195 1591
237 336
9 849
104 1678
1189 1786
452 1108
1755 1481
212 1716
347 778
1451 127
302 1442
1701 441
292 399
1252 1894
165 271
823 1585
1974 1875
1182 1580
1575 1125
1669 621
1382 467
2052 1640
1503 2078
1652 1706
1379 770
1234 2070
1684 51
949 1810
1207 1330
366 1625
1761 1276
1422 668
1872 316
1272 151
1933 551
680 1559
884 861
833 630
1004 1434
506 703
1793 241
77 367
956 576
1352 1117
1129 1100
1796 415
444 741
896 1781
250 850
1308 488
36 1692
281 1239
534 140
116 746
1034 2015
106 2005
752 1777
1962 1367
226 810
415 1517
949 2034
1458 241
1587 1693
1248 1960
1496 727
208 1324
1627 1268
1063 1347
445 576
281 1354
702 438
609 530
1489 1696
195 1673
1839 1725
1017 997
1628 654
756 462
649 1286
1868 1333
1453 1720
986 793
351 447
1251 1361
290 1178
1589 41
271 494
1771 1455
512 1181
1954 570
534 1609
1727 186
1662 2078
886 1226
402 1721
316 1040
991 554
1420 95
1902 1164
184 1219
738 41
318 716
1321 661
1755 1061
1281 1200
557 313
1827 1313
1989 1677
1071 913
1851 1578
86 1209
61 140
1104 2076
164 1128
426 1756
587 1851
80 621
1470 1165
729 383
694 602
907 46
1194 1459
1287 1853
774 1728
627 1111
1217 897
550 931
122 235
601 1798
332 235
786 1535
807 1282
295 54
1319 516
610 302
827 1755
1780 2041
587 1487
257 431
1982 512
569 776
1131 1892
677 1635
812 1491
793 2040
1318 1645
751 20
1817 476
1822 1572
1415 1028
396 1692
1807 1576
318 115
119 605
5 1717
434 2093
682 768
1025 670
395 884
599 2094
354 2098
1693 836
1795 916
1720 629
1858 295
100 225
127 1510
1165 1172
746 1767
917 626
2099 84
1362 1443
678 724
1143 1919
1729 1135
1398 1062
374 196
100 1472
1916 882
1277 1085
1427 1428
140 807
668 887
1450 469
791 873
1647 1705
904 2023
1409 1370
389 246
53 1904
1365 1932
1154 380
2054 963
1765 147
1174 764
1683 1204
1100 782
625 775
1442 1288
1981 1662
119 1741
524 190
2023 699
1764 1326
358 204
1164 1680
534 10
1786 728
990 721
707 1440
2027 516
219 1210
1567 900
1425 53
845 2065
1475 1414
1232 1419
135 770
1092 1740
1606 1150
1602 1713
802 88
1097 730
775 814
477 1320
1266 480
309 2074
248 1878
790 468
771 1476
2030 1285
1084 419
883 1887
1874 601
387 157
39 72
657 841
732 531
336 528
1580 2086
1237 1591
817 1769
751 2039
187 1470
1406 510
1734 616
1551 1889
1595 1971
1156 1410
2080 425
25 927
1533 1054
2055 448
1230 1913
1618 967
29 1524
932 454
1842 131
1237 791
2028 1088
1834 32
1344 1286
1103 1576
1320 2071
1562 523
1809 368
773 1474
1353 1454
1892 1495
1612 351
747 1388
1048 1956
1427 2034
984 825
1156 510
1934 1897
1100 1799
1644 65
555 532
1020 588
770 2066
1237 74
1451 2017
1358 1166
55 1440
863 789
1807 1698
302 225
730 641
1435 1255
935 907
1033 998
1882 608
1933 709
1033 275
931 200
161 831
204 134
1460 1197
113 1831
1257 1697
1513 1497
1379 1843
1946 1469
68 1557
1031 1518
934 391
930 2073
1437 1046
901 595
1256 1541
172 1208
1400 674
1561 380
1183 2034
1141 885
2086 1445
19 1173
150 2097
270 1746
674 1317
2032 1561
654 1241
1881 503
2025 1689
203 287
352 1691
1408 1652
98 1611
666 1837
672 879
1788 1320
1742 1232
657 921
705 1320
10 1438
912 233
538 432
310 1774
1669 1420
622 1749
1867 1575
241 1461
1450 963
134 775
1506 148
1411 1497
1958 1136
1897 1154
944 1532
1390 1973
659 1331
458 1633
693 1772
1630 370
1255 264
1335 90
205 1617
152 1475
82 1535
1059 240
893 382
245 2091
1144 1149
1202 1699
2034 950
647 576
524 1534
900 1149
309 664
1798 184
1078 1762
349 1265
693 377
1392 1616
1218 307
426 44
1028 938
1813 67
154 1347
562 1088
1605 88
1983 549
406 335
1977 1985
90 1385
495 1621
27 2052
1240 1316
763 1974
2061 389
1503 2010
1503 538
533 20
783 1967
1371 353
953 1576
299 425
2019 2003
1821 1274
1178 1518
620 626
1272 1057
1861 1549
448 877
759 488
1564 1610
1852 1066
1681 1802
1357 1617
1584 1019
1199 1885
502 1938
1614 650
542 35
1828 1811
1943 223
307 608
917 791
1201 1140
1385 1863
1457 1304
172 1182
846 109
149 801
1356 1496
351 1496
671 209
827 1292
1244 54
1304 1240
1672 1070
388 1199
1179 1546
362 233
982 734
1438 602
1709 885
1725 838
1396 368
1868 1573
734 650
1820 726
1575 1906
26 325
1735 1245
313 248
64 227
633 1528
753 1548
384 500
1261 1580
1128 354
1827 1820
336 1685
1728 1643
363 1348
559 762
1267 1941
1662 793
232 78
521 1080
1846 220
280 701
1801 794
791 1795
494 307
585 2084
2047 175
1063 1360
447 1804
1182 614
1477 465
708 1377
477 1396
2036 2020
1361 873
1632 266
1045 319
1717 1018
477 1711
586 1070
65 1148
1035 1971
1387 1714
281 1717
268 1863
483 213
453 1183
1663 637
1269 756
1299 1896
1380 808
691 1463
269 1199
1335 324
1173 76
738 1785
1455 1395
1455 121
2091 749
645 1616
1983 1817
1466 1620
2078 1453
997 1473
183 232
132 1357
1227 141
1065 580
143 661
1929 948
1620 1514
1500 1613
1770 890
2020 1658
1156 134
283 1748
674 1888
100 2027
1933 660
1922 1354
1720 1286
594 819
532 682
124 165
1089 124
2080 1635
960 976
1574 1906
1317 915
1746 1010
1222 996
1304 525
31 277
329 1322
1830 1989
455 558
415 1947
1050 1013
100 1030
1247 1661
646 1069
139 223
1103 1822
1525 171
241 1706
122 328
769 1919
1730 1908
369 1655
1484 1392
1060 465
810 393
552 246
1071 1093
946 234
1974 1404
1810 1348
439 797
1502 484
338 888
1720 369
992 230
1033 128
710 201
929 1740
222 747
1477 10
1561 2030
1335 1849
47 254
2052 228
1972 1458
1382 1365
1584 1425
1337 758
143 1981
332 2026
659 1883
653 1833
1613 843
785 1189
358 561
1707 222
162 1149
613 657
650 459
248 1990
1295 180
917 267
1568 2070
311 1349
358 1731
1629 1797
1344 1682
1018 72
725 822
247 1793
248 839
1279 1472
563 1447
949 1229
733 362
687 194
1198 1454
155 910
1238 858
662 1811
261 790
1129 99
914 1660
708 511
1875 1707
867 933
854 1794
181 84
1566 399
2015 650
191 1369
1049 262
1549 1739
180 2004
556 1836
1928 374
1850 440
1382 456
1306 1890
1367 1324
1408 1833
915 485
749 1452
384 2027
237 737
1816 1272
565 2077
1669 1585
1348 1727
1473 2039
1978 407
498 1849
1043 1260
851 1008
2075 126
390 1034
2090 388
249 832
1687 1774
1617 2415
1486 1670
514 1343
1382 1
767 947
1926 1285
1631 1437
625 87
1624 1446
119 333
1674 1954
477 794
58 1307
649 180
1483 740
1500 1384
538 1715
9 671
774 1964
820 215
308 1266
1214 2068
2038 761
1112 1425
1479 1670
1103 643
359 514
1279 1419
726 53
1095 1233
850 480
1705 1377
1243 71
1467 111
493 712
1435 932
1053 325
1684 2063
2078 581
1434 498
203 462
392 668
63 1444
1948 657
1824 1102
1479 106
1172 1173
1287 1060
1986 1861
479 1032
414 128
59 1016
629 652
402 1044
548 1806
1837 1615
1238 144
29 1215
925 1139
820 332
1286 1580
2064 1781
2014 1250
405 1572
1943 1011
2062 1436
299 1092
1484 2026
395 1223
871 1290
419 635
2078 132
1894 1459
314 165
802 1004
186 915
1906 561
1750 974
1736 1965
518 915
1446 576
1259 30
612 231
5 1439
489 1830
1176 1330
1088 996
1929 1633
1770 571
995 1844
1957 1962
1316 2007
819 972
966 1831
1869 1710
1612 1914
1015 1184
1042 731
1431 654
784 147
1090 1022
1388 446
1266 1171
1222 185
1146 1579
621 1807
1819 1770
1464 272
897 312
1159 1138
938 370
1761 1344
735 1046
1416 1886
278 804
895 1638
1103 717
1979 1337
2067 937
573 993
1154 1689
676 895
1444 468
960 762
1453 1443
1938 902
2047 1353
462 492
21 1472
1496 127
69 1298
1800 72
134 652
1322 887
1829 809
273 937
298 388
571 650
1060 1055
1410 952
1165 580
926 155
871 386
1932 441
1201 1577
827 38
1922 111
1681 120
537 411
628 748
1184 236
2052 637
1343 180
890 1250
1174 1507
1659 1592
1323 111
1312 1438
843 1389
2077 732
67 597
1436 1836
671 176
1579 1051
238 2063
1494 81
230 1053
1972 1884
943 1929
1510 611
1627 1646
1303 1124
1018 171
563 330
1067 851
278 1993
1147 724
1915 528
500 1312
526 1529
1887 842
659 1905
272 937
447 1267
1516 1067
298 1299
90 1801
1402 1585
777 890
75 1443
1658 284
407 904
1505 2018
1553 702
1783 916
730 522
1831 2097
288 605
1341 2071
2015 1482
373 146
1938 368
1932 266
1708 358
987 191
5 298
1173 331
1047 820
1454 35
233 1250
993 1900
119 1306
1434 1081
1768 207
615 865
465 941
910 706
1407 501
1045 1441
1297 253
1893 1718
1976 698
503 1317
796 850
44 1827
536 653
465 1267
1965 436
1153 1236
515 853
1227 915
378 248
2067 1807
1308 2074
520 941
189 1508
320 515
1812 2007
229 237
1433 226
1221 1014
217 1322
625 549
544 1821
146 903
1366 1338
73 1646
360 390
1533 1709
2038 1192
1278 579
2000 1808
1393 1926
6 469
515 584
1705 1672
1464 1268
1864 177
430 1443
1955 149
927 807
1464 1711
600 678
656 180
1414 1012
1064 774
1235 1582
1785 960
939 811
565 329
577 1081
34 484
969 1789
1154 559
1924 1029
528 279
1011 502
769 31
317 1926
293 1934
1816 1456
1099 1324
39 659
26 1618
437 374
2034 1193
238 541
1794 1093
701 2069
1686 55
1990 1406
149 1977
834 542
1150 138
447 630
1713 332
78 1433
910 1099
2021 1829
341 1336
2053 347
996 404
1059 531
1010 352
702 57
205 213
649 470
1228 2069
2052 1453
867 1624
987 959
1375 1522
16 947
1141 1153
245 1517
1755 1675
1423 1958
808 131
1059 424
774 949
442 1023
2050 1845
1020 1582
1263 1300
9 217
1286 1270
1201 1957
1999 659
1534 1095
77 1804
1961 459
349 1607
1705 791
309 1544
1252 1487
1774 584
780 112
1149 1676
1545 902
307 2042
1649 2001
1322 1698
1953 455
648 1380
1880 939
853 1048
635 1653
1529 1756
101 174
363 2058
2023 1073
514 592
1487 700
1199 509
229 1105
1956 1110
1989 1088
1360 1371
694 1774
1371 373
375 1052
1217 1647
807 254
420 433
1745 1683
331 837
191 506
2026 1471
118 228
379 1692
835 1856
1246 194
1828 716
2038 10
1985 545
1857 1922
1086 67
1586 551
939 492
1266 872
595 1295
1412 1994
190 1881
822 1503
118 1158
1282 1474
953 1226
1405 1432
730 1552
1368 1165
1861 733
1540 654
716 1178
1400 1495
2049 2083
842 299
1202 1272
2023 1932
281 302
258 276
484 1007
623 785
1656 716
893 157
1295 48
128 1807
151 1853
165 1566
463 158
78 164
1013 432
386 1258
1542 403
1411 1235
1563 1278
1417 2016
777 928
1430 1160
2051 221
1261 584
387 1455
1233 612
1615 1562
264 1586
619 1032
520 1121
705 503
429 1123
1399 705
236 515
41 1965
1373 1705
911 935
268 1804
68 1350
551 819
2062 347
1648 1773
1660 783
181 1382
1978 1846
2050 2094
1043 847
1962 1748
194 48
1083 1541
1043 214
1596 1161
1616 90
768 1535
2068 231
1389 900
105 1731
755 509
419 553
1516 1446
677 1170
1473 1447
227 157
1651 426
1833 1989
2007 724
1896 1710
1367 1409
1123 211
103 1412
1262 1538
701 432
158 1363
1446 636
1036 1768
1361 1029
2069 430
1013 397
1535 2096
310 1985
426 1113
1613 1400
65 1132
1426 2012
1108 944
1944 271
1004 1842
53 1543
419 535
355 1050
1891 1123
1511 804
1821 1324
352 1662
1712 745
2056 865
1868 910
2096 302
1042 1033
18 1341
1380 819
812 1916
415 1377
170 1060
419 331
1517 1576
427 730
464 1071
1304 1074
581 857
1013 847
1613 317
271 333
1536 2041
2031 448
1733 1151
161 1814
854 1512
2062 1847
928 1805
326 959
1705 1653
504 870
742 1498
1621 1206
177 1787
2036 1415
638 1219
1495 2015
594 573
859 1594
2040 2590
1095 354
982 402
885 671
316 581
1183 485
1313 312
211 1019
700 957
1111 1354
1310 1174
1716 1245
797 1797
1395 917
270 1226
266 222
97 1655
1328 1541
2058 1235
1659 2015
1458 354
1191 1489
385 2061
72 189
458 717
652 1228
469 1739
1847 66
1599 795
712 242
685 818
77 149
1117 91
408 274
33 1828
1976 904
1970 1643
631 136
987 235
453 665
1920 1562
443 2014
888 1062
1127 415
891 1059
1076 1756
561 1221
534 1744
290 733
1762 1857
1814 1330
89 1326
1722 1867
1543 1758
314 24
1659 1071
50 1550
655 1948
1980 376
1213 1695
419 284
221 616
1602 347
2018 98
457 1305
616 203
493 1977
1997 317
980 1685
891 1604
1127 790
1246 939
1748 543
423 1122
475 900
460 161
1453 1770
1217 1252
1817 1366
32 1037
146 271
1041 376
1795 1784
1993 724
733 48
2051 1729
1772 1509
1041 1381
577 768
1177 1649
1368 1435
401 1355
1927 785
199 1515
1032 1028
1829 1863
1165 492
665 1110
458 1412
1772 925
717 161
743 1545
796 923
449 689
366 133
148 97
1224 789
640 783
317 365
1302 1574
1834 1265
1997 65
1769 1583
1056 1084
744 501
1419 1982
948 689
328 1701
1171 1298
553 1523
803 1975
316 549
1997 1070
1844 839
1989 1359
1772 1123
2032 182
1055 803
1292 1752
1922 1859
21 146
1565 1712
1965 885
84 1704
1737 882
1906 334
860 20
2045 33
1586 565
718 1901
493 2001
336 1250
1736 655
87 950
