1759 1275
954 1758
138 44
3156 3295
2171 3105
2682 1758
455 2750
2992 674
792 3171
2604 1362
2844 2723
918 2131
2943 1643
1165 2175
1383 1319
887 260
2977 1908
2465 1486
744 1217
1921 3270
2552 7
107 3212
677 1703
587 2335
1914 500
2033 2093
237 695
617 1634
267 3296
3161 2171
794 1118
805 1208
1575 418
2681 1037
730 16
2153 1102
541 552
2504 2742
2377 2221
551 3
2756 845
3210 3017
292 3172
884 1489
2934 1477
2128 2936
2631 919
2688 932
888 2862
1989 2543
208 500
3117 2248
1010 615
541 276
3201 47
1235 254
2841 2308
2785 1766
410 894
257 1999
167 3078
1196 2975
3052 1703
2350 1198
2304 1186
1363 480
222 1690
1424 216
2156 2239
1574 42
2647 478
1912 823
1810 650
2016 2420
2981 3158
519 1009
67 95
450 2261
1071 561
2622 700
3112 1931
1508 996
2216 160
1046 761
371 329
2614 3228
214 2053
1641 923
2342 1775
1432 1899
183 1343
3251 3007
2229 3108
2638 1853
2202 2774
2984 3223
2336 569
2732 204
1050 1702
2004 2272
2786 1382
138 1846
3185 1316
626 2822
1070 395
833 1716
1646 2018
3091 1312
630 2733
3096 3
2980 393
1413 3226
791 711
2151 2106
1268 331
2101 1753
498 856
1574 205
2614 2944
3151 23
1673 1801
435 590
1912 574
477 2993
1181 833
1547 1015
192 1995
1620 1678
2413 1487
2212 500
514 2799
2941 3195
2718 2256
1030 2195
2848 1100
2184 1883
1057 2419
3265 476
2028 1795
852 1262
707 1570
2328 2041
1596 2879
3153 571
1956 3160
3125 1761
2005 2231
2020 3187
2362 2818
3018 2178
1286 413
2086 789
666 2080
36 2224
1541 2350
1605 3002
1528 1654
643 2990
1591 293
2692 2416
1721 1513
2392 793
1659 1818
367 1785
64 766
857 2333
290 782
1136 1838
1 915
2836 3034
373 2007
411 2186
323 3027
1396 1764
2081 2702
2218 2198
3062 1616
2946 1620
757 1636
1605 2908
2857 1604
912 1976
2083 1891
3295 2354
1594 3166
645 1976
2487 1696
2570 453
996 1755
1634 1805
1022 1237
2994 1485
1651 3051
2558 699
2135 2978
962 1081
1872 687
31 1164
1333 2165
1497 2613
1840 139
1446 2999
1334 1283
1046 1689
228 1859
2727 3028
2489 1535
853 1000
71 2939
382 304
3001 2999
2799 1284
814 2841
54 1183
1124 928
2248 2710
1711 599
493 2776
1468 3184
448 2668
2831 2739
377 2561
2172 1595
293 3068
3251 1833
1268 1257
420 2332
542 224
818 725
1584 3175
3048 1606
1152 1846
1500 1502
912 3230
2804 2946
2559 146
2620 2539
2889 1068
410 1809
2456 3213
2651 2815
2169 1709
1838 3128
278 266
1945 1630
2967 339
3053 1981
2127 1728
1107 2860
291 3221
914 929
1559 165
2767 719
530 1233
1247 2430
989 162
526 3014
3288 872
2084 36
256 2645
1338 3013
829 2979
1691 2093
2135 561
2111 2213
140 1253
1974 2538
1109 94
1554 2567
1950 1477
1703 3165
377 928
876 2554
627 1074
679 2690
2454 3187
2787 2343
1294 463
2030 1581
2171 2645
821 1705
1005 1234
28 1660
3111 3060
1554 839
1095 2427
1766 1027
2562 2187
3258 2162
2596 2119
297 273
2694 305
1440 406
2492 403
1826 1485
1863 467
972 3192
216 17
2364 2615
1387 549
729 2926
830 886
964 1343
786 1782
3219 1380
492 1720
488 22
2239 1302
2922 2519
705 1675
2147 486
2704 2904
109 1046
1795 2340
3210 2892
1533 2190
2395 2038
3239 3044
3137 1077
2709 1778
2772 1467
2407 404
74 996
2714 2708
517 1702
2299 964
17 2203
3189 2000
2439 86
1686 145
2242 511
1991 1971
2543 389
417 2532
850 1358
1005 2034
2565 1514
973 546
2897 3200
2829 216
192 947
3184 2901
1948 1572
314 423
2643 2762
859 2503
200 2114
3247 1183
598 993
1362 2079
2369 621
2156 2287
2953 2103
333 2144
1851 1588
1071 313
2435 1409
236 3077
896 946
52 2648
1960 2908
2820 558
628 2096
1104 1607
2884 1724
2108 2059
3007 2967
1337 2945
2477 2616
48 1242
1886 3023
2692 393
3143 3294
3141 2307
3125 3221
1637 703
2055 761
3054 2430
1126 1590
2167 1706
1047 2711
1188 98
280 3259
1169 2896
3072 3258
2838 462
3204 1366
2069 3225
2868 1905
913 2400
2220 319
1420 2162
439 1333
877 2447
1306 214
307 1529
666 182
549 351
316 413
122 2971
738 2661
195 2397
1007 1816
2917 3212
2117 2649
433 3041
2207 1978
3178 1027
653 361
3213 1678
2424 2068
3100 2768
1819 1145
21 158
940 970
3162 2783
1268 1445
383 1784
1198 74
568 1532
1259 3104
1449 435
1603 3214
552 2022
109 155
37 2730
1528 2330
130 1363
2758 1884
1590 715
3214 1237
2161 3215
2650 2398
1421 2754
1536 2683
1190 698
1725 1880
117 2748
3236 3018
1107 3141
3046 3127
586 2030
606 1666
1974 3033
3232 1167
2105 122
2283 347
509 921
27 332
198 3010
591 1163
456 2969
784 158
3096 678
1267 310
879 2114
0 511
496 296
2515 2132
1590 2334
3133 2533
1710 2143
752 2123
676 650
1380 2355
162 1490
1494 187
1765 10
1607 2710
1563 212
926 1179
2266 3025
832 3274
943 239
1309 2899
1961 2056
2848 3048
701 1199
903 1545
2733 17
1121 1635
749 1394
3100 3298
1885 2933
2339 1804
1522 2206
2595 3036
1074 416
354 864
819 732
2141 2855
2768 1485
2013 374
849 2868
1485 1790
3264 1648
2756 923
638 1992
1203 1925
2153 542
1031 540
1405 920
2668 1098
2782 57
1049 2088
1423 3125
1083 1089
2577 1918
534 1565
271 828
75 1530
1150 1528
1752 1977
1294 1174
586 679
172 68
2224 974
2300 2307
295 344
1366 2652
1162 300
460 1400
3048 1404
2615 838
164 1127
2547 1246
1479 1879
2138 520
383 1379
2029 2806
1289 1340
2638 2135
1386 606
2678 2769
2810 526
2599 2702
1188 798
1626 1880
3274 2317
2038 834
1085 1201
2089 1903
1915 1815
2980 385
541 2102
815 586
2432 2309
1251 1553
356 2475
1856 1672
1539 2593
2500 2411
543 987
3145 1736
2255 1663
1063 3090
1309 675
1512 1589
498 2202
2805 1927
543 2003
956 1297
1067 3165
24 504
194 623
3086 1855
344 2040
825 703
2621 1915
188 2303
833 1711
2176 2869
179 233
250 1669
2551 1131
2816 2086
381 1120
2911 3279
514 2849
552 573
681 432
348 2822
551 1060
998 2173
2283 898
157 854
2458 435
2604 1208
1980 2975
829 2872
1644 1058
1025 101
2670 822
729 81
865 560
335 227
2485 2168
1869 1961
606 568
2976 1946
640 1192
634 1838
2664 26
3172 2215
2011 1153
2438 385
2143 1224
2052 232
1902 1273
2890 1337
564 1315
3230 1175
161 1981
2638 2665
819 3284
2014 142
1914 245
3 208
3009 1325
2970 633
2133 2971
548 1496
3090 160
1818 909
802 1209
1202 1685
3031 3284
388 1293
3085 1856
1495 1460
3037 1245
3012 324
497 3189
442 2966
1875 2646
2553 2235
2974 3172
2729 1141
284 322
2094 454
758 821
748 579
790 1286
1221 860
562 385
332 592
2656 2250
367 1261
1534 2624
2377 1886
1084 565
2045 913
2960 3022
3179 816
217 3127
1656 967
1381 1487
2102 877
485 1750
1057 3221
2316 1584
1101 1436
1059 2960
593 1228
1188 2189
2818 1279
1439 1801
394 770
1670 2635
535 2585
440 3151
2844 2726
2252 2342
2938 854
1280 2298
189 2468
514 2717
1089 828
488 130
561 518
1016 1422
1190 3197
1099 210
217 1631
3282 2649
1253 1729
783 1636
527 1285
698 1669
3008 1743
1512 90
2736 1732
1257 392
457 2712
110 3120
2348 2039
1706 3005
976 2741
2470 2985
1393 1896
1368 2590
716 1939
2625 165
2400 2756
756 2873
2914 2106
603 281
562 2798
2520 2745
985 2884
1145 219
1808 1927
1105 2700
867 77
3247 797
1959 656
2933 735
677 823
442 1679
3019 2985
297 2279
998 2385
2718 1711
1416 37
2760 835
241 2597
1701 1343
1804 437
2345 2121
498 2887
873 2854
1745 3164
1241 3072
1460 2277
1126 440
661 142
2422 1993
430 1966
2021 449
1608 515
1600 2124
1196 1633
1118 3258
2908 1714
2243 1809
146 2162
1986 2361
117 3256
1435 293
2389 1445
2573 2204
1253 583
3202 2212
408 2787
2905 2198
1329 2894
2053 3010
424 330
1420 234
2276 3225
2995 2464
1339 674
2133 969
1347 535
2344 3054
768 527
2095 2149
843 1570
158 2544
60 2275
880 334
336 2290
1523 927
387 1207
3027 2555
361 1727
2896 2406
2004 2511
2802 2215
1457 1910
3199 1451
2036 2980
740 2141
87 585
2805 749
2056 2034
2767 1950
447 12
1977 1253
314 1112
3263 1460
1582 960
459 2631
1407 2481
1229 3062
3189 536
2725 1312
1059 3174
0 1664
3078 2348
324 2779
1822 2349
491 862
2852 896
1963 2561
12 2777
2100 217
416 1047
2359 3199
2238 3264
2034 3251
482 2611
2429 980
987 2583
1483 213
1535 2240
1511 417
1971 2186
3174 2496
1758 2786
398 3199
1271 1523
1022 2199
245 102
2221 1073
2242 2053
3121 1261
640 2780
1583 989
1432 2534
1245 1696
2738 1445
3285 617
723 1291
2590 2230
1986 805
630 655
693 932
477 2505
3295 514
2492 3075
747 2435
2494 3296
1108 1146
2553 2469
1348 2439
2110 2298
2884 1807
1442 2293
3146 1747
545 812
1382 1526
3290 653
1627 1174
1377 2931
2141 1966
2945 2507
2124 1569
729 1025
2673 2335
1209 1133
1593 539
394 947
2016 85
3019 2515
251 1274
2401 1681
25 1972
3178 821
232 3092
402 1242
1140 1168
1771 1735
1955 3290
2174 1823
43 2116
439 2422
3209 572
2565 2805
2390 1640
1924 1697
491 1700
1060 1565
1667 2873
763 2414
426 2354
620 1282
175 1308
2563 481
1982 1259
993 6
998 3080
552 810
141 372
2312 306
2670 60
2612 1096
1458 517
828 1097
2609 2906
2125 2302
2623 848
1004 689
354 2404
432 2086
2766 2169
3150 343
951 113
367 202
1020 1970
2337 2966
2637 1024
1908 2153
2608 2049
1360 396
2950 1142
3019 1736
2016 2903
920 369
2297 2942
2803 3238
2366 557
1829 1898
193 2896
2401 2238
773 1237
2369 2635
542 2553
435 1090
3021 213
1679 903
1642 1519
1782 963
589 1557
2865 434
2361 982
556 3253
948 941
1198 1494
2157 1692
2454 66
1663 1432
604 284
1433 2990
1778 160
2176 2396
931 2649
2309 1170
2953 1068
218 3140
15 1631
913 746
3202 131
942 1827
1462 2119
649 2695
1721 1933
2947 2628
507 986
1511 80
856 942
2838 122
2239 1634
1616 586
2289 3028
2910 362
2531 3032
237 564
2789 356
1185 1306
2439 97
3067 182
10 1417
1713 1862
1228 2507
2455 27
202 294
2843 2683
674 3123
806 1836
2093 685
2487 1357
2819 198
2425 1568
702 0
3229 1054
1210 301
2866 484
2154 1589
2852 2503
2264 115
193 2738
1107 1691
1739 259
618 907
3091 2908
542 868
695 3253
605 1224
886 3092
3245 1982
17 2911
2367 1483
871 1638
1197 3232
1978 189
1516 3193
2729 2063
1512 2140
541 2410
1978 27
2464 473
175 1921
3158 1772
867 1843
2559 2302
1601 656
975 2146
2191 2590
192 2220
2090 916
2509 990
2574 1973
1476 3059
852 179
2686 1389
2602 226
2848 953
2329 2335
278 1815
919 1166
2100 2398
1603 2544
1225 3234
224 710
2079 1017
1685 231
1038 3041
2332 1708
2937 1009
836 370
2750 1950
502 560
683 2677
1392 1256
445 1595
2355 2881
2934 810
2710 752
2472 2390
479 1351
2232 1763
1492 1814
3109 2890
2608 1389
1036 1351
96 1115
1513 2271
2826 470
693 692
842 3023
1672 1871
1565 1449
3016 623
738 2482
199 928
2605 3278
3293 167
1308 2321
1701 2082
2100 76
2974 1818
1151 2856
939 395
1526 1183
1347 2136
1466 1183
287 11
327 2337
270 884
1481 3171
1596 1979
996 2059
2664 2080
2528 2240
1487 1347
2447 1146
2549 2413
1921 1074
2059 2430
42 2672
2688 2709
2698 2962
286 2891
1347 1314
3132 3183
149 2239
237 1627
506 1965
128 1068
1641 3007
3179 271
1676 3295
531 1249
1483 3209
1662 2789
2014 1736
360 2617
158 874
692 2771
1115 283
1823 3145
954 386
2207 1757
2881 1520
1174 439
586 1398
193 1633
2109 837
484 1506
1069 1009
2580 2134
2878 2139
1324 778
2008 621
3151 119
1621 1860
1962 2418
1493 392
1806 1719
1155 261
752 495
2625 1449
2425 3017
1541 2406
2138 2199
2586 490
709 2043
1182 726
383 1664
3021 1813
2757 1700
3112 670
1277 2713
193 721
1413 111
1658 3039
1196 398
1630 3279
430 1291
1391 1358
2887 2801
1354 2543
2352 2887
1974 3000
2077 1085
1279 271
3218 2112
2280 1512
2713 1691
2363 2304
3246 1768
732 3094
333 2492
1966 2050
3257 1763
181 1448
2507 1344
1627 1558
90 1762
1338 118
2134 867
1586 1535
920 2957
1540 795
2601 1047
714 2327
1795 734
3288 3067
1580 3247
584 3080
1658 2997
2718 2296
2004 2959
1970 910
1508 1376
322 151
3019 326
1421 2913
1505 2134
974 3262
3061 1655
1939 1529
2669 2469
1181 325
608 861
2345 1243
1089 874
1414 295
352 851
2186 1750
1759 773
130 508
2811 2184
1177 2449
1270 1423
2389 161
1057 888
450 1925
584 2005
2205 2837
1841 2138
3013 73
2162 1533
3012 1648
590 1616
1136 1952
1722 2141
2014 2336
2478 271
2157 1806
619 2865
2413 917
770 1477
1130 180
935 2595
2047 254
3103 2551
1147 1299
1840 2586
2298 784
614 689
411 3278
815 1729
1059 3179
2069 2283
2238 1590
1332 542
1922 3258
3195 2620
743 1211
523 430
2203 2296
311 1412
1683 293
2060 2557
419 1626
393 2483
3108 1749
2068 1512
2075 3054
842 2121
1363 139
1189 884
1312 114
1532 3086
1514 2176
2072 525
1468 2192
372 2873
1870 643
514 322
2279 1278
2854 2714
1842 909
2210 3261
2195 2548
1804 2637
721 1719
629 18
383 655
2282 234
999 2168
530 726
1180 2866
1670 137
1776 737
2970 3209
2902 1661
3209 509
3171 2142
384 3226
924 2277
140 1055
2652 2576
393 1592
1022 2289
1259 1813
2297 1175
437 3116
3038 2092
2102 1377
908 379
1255 971
2024 3018
1650 361
1651 596
869 503
2372 1762
1668 1698
478 2099
501 3142
2672 919
2618 227
2945 2096
860 1404
1218 1941
1210 2561
2111 468
2934 2922
2989 2278
3230 3006
219 2987
1192 2262
2628 1026
606 2659
482 2541
228 1076
1606 313
752 1224
1186 3289
2296 1856
524 1190
3020 2780
320 2342
3091 1472
389 820
2764 1851
2034 490
326 1480
2533 1502
329 3058
1134 1176
1356 1418
1781 208
547 379
3005 2353
3101 1778
2088 1225
904 2335
1240 2000
750 3136
596 372
3120 81
413 1747
1703 1478
2857 213
2658 1198
2882 1305
123 9
477 2751
165 2276
561 7
2523 964
3046 1165
1268 1669
186 2541
2467 170
542 1939
2371 2355
872 241
2523 1351
1338 1812
1795 456
1599 1575
2598 1008
750 1670
1485 229
1343 2353
2826 2564
2110 1919
1174 2183
1547 2370
1141 131
3148 2416
2496 1243
1202 771
2349 107
2946 2046
1523 375
173 2440
761 874
1760 2410
2756 2224
730 3077
1853 1513
1480 3114
101 3113
1710 1384
265 2533
2488 2548
1743 2083
2408 2830
3114 3118
839 2279
62 3008
463 2203
903 181
427 1435
2072 3186
1063 1941
845 723
1792 2467
2062 2907
3164 2153
1443 2722
1971 1758
3076 1507
2141 1423
874 844
2176 792
1845 2523
1910 2231
2729 2409
1119 371
2520 2666
1433 3207
646 1307
1258 1569
772 1676
1848 306
2067 869
429 226
2756 1316
1925 548
2089 402
1972 2388
1371 1440
1441 626
1984 3136
2989 2309
2420 1965
69 2560
644 1431
1498 1368
1707 973
1699 855
2356 1425
1551 2293
2286 2526
1094 2822
1838 2546
1369 2164
480 2738
2197 398
673 2743
2619 2078
113 3211
2607 964
1126 281
2996 3157
1159 661
2785 3008
1387 1325
2263 3210
154 1773
753 1861
2607 3278
1698 219
3160 254
2841 645
1679 2227
382 1252
2830 2435
1646 3251
857 1544
2473 2211
1837 2897
929 1144
1117 1970
246 1458
1933 2024
729 1553
922 949
290 1449
3036 1395
698 2345
3104 1471
939 626
2667 654
426 1209
1369 952
19 595
2079 1713
983 2865
2467 533
2361 2716
2774 1868
271 997
3296 3067
211 83
1307 2966
1079 2503
3298 2367
3224 5
677 1432
1536 797
330 545
1435 552
2840 761
3240 46
1108 35
3158 812
329 2292
394 531
2624 3100
2268 1872
2345 3067
2769 2003
2091 3015
3015 2784
3182 2668
1840 2117
2664 2891
2910 2270
2389 1412
2240 2942
1690 1230
1746 507
886 1601
984 158
504 449
1729 1552
2763 2061
171 669
1439 1663
566 184
2148 815
1257 1200
1518 2787
26 2374
2308 2858
3210 3174
1166 540
686 1209
2450 311
1133 1885
1382 3044
666 2513
1716 701
2350 693
692 1968
1262 2268
2875 2856
128 993
3269 1355
168 1911
172 3065
1063 671
584 2328
452 2384
2444 2945
54 2762
283 2683
758 152
3204 751
685 2043
700 2504
1764 480
3201 421
2004 3093
2573 2265
1221 2094
3197 2847
2170 3
2916 466
170 402
1588 113
2342 2055
1087 577
1487 2327
3191 827
2125 210
1764 1141
115 865
1832 816
134 2409
3162 2128
2335 90
1612 3177
48 3199
2834 2359
2218 351
1106 3008
2554 2889
1410 2794
1204 1081
810 1112
1950 748
2228 278
2618 3138
1979 3241
2829 1599
975 2384
912 1587
195 2770
1556 287
1097 857
806 1650
1571 1877
2462 2536
2691 1966
1769 2291
420 2494
1535 2911
236 3275
507 2652
1451 1769
2926 688
1661 1829
710 178
1357 507
3027 1487
534 470
21 807
1106 1590
225 2652
3043 573
478 2724
425 2059
2724 665
2855 3216
2776 1822
2642 1548
124 2920
1432 844
595 2534
855 980
3252 2047
1029 1021
1734 3239
1944 2575
2799 1113
398 471
2055 1912
2646 1661
1458 1156
1267 2462
1835 636
3054 898
2012 2843
2404 1735
2717 1060
723 976
2584 3179
793 98
3 345
3139 1174
1497 2659
3224 2929
3028 244
1962 2504
2045 9
2818 407
2143 723
2411 54
2981 3156
2445 2352
314 1663
1036 484
1914 1822
2112 2113
167 257
2321 2137
3103 1578
332 2898
3225 1031
2201 1310
2356 1632
1717 1229
1579 902
659 953
432 813
1298 3106
1548 371
3078 892
511 2830
1064 1086
177 1880
3173 1513
128 1861
3003 966
1263 1526
351 473
464 1573
2271 299
1553 154
2220 894
700 289
2724 3169
2589 1413
2509 1647
1587 2821
1066 1449
499 1210
2592 2269
2313 1434
2165 2033
536 316
1569 2861
532 3080
2273 145
332 1174
873 2163
1738 2823
2759 2229
1740 641
70 2778
2609 1353
1402 1879
2180 802
3261 1894
2945 2699
2326 715
1709 1637
1258 2172
1121 37
592 191
1916 975
2187 3237
2614 413
2439 1202
1832 517
2288 1205
2905 1508
2855 531
2428 1904
2036 448
2553 1390
1514 925
1270 1242
1702 2411
838 2976
2690 677
737 735
3028 615
2167 1869
3003 2933
2699 1147
240 879
3068 2415
1195 3021
1691 1444
3061 2894
416 365
2224 785
819 251
2710 285
2108 288
2447 1072
2155 2361
1338 327
2977 3096
2009 580
1588 1931
2944 101
938 74
1056 1513
3117 3091
2712 2965
1007 2393
1377 2961
2169 102
1660 916
2470 291
3101 2762
2506 1526
3264 1946
393 130
707 2297
1411 992
566 3018
1690 2413
383 927
874 509
982 2273
3157 2170
925 1472
546 2733
683 1821
1865 3255
2990 777
1877 316
2411 1963
3271 3291
1414 2855
3039 342
1710 568
2656 2700
1751 1919
2954 3132
959 1393
1991 900
768 2346
3095 1868
2860 2368
2796 2746
1423 1748
1926 1675
3222 491
2678 2039
665 890
2134 1422
62 2220
897 299
1762 1398
2325 2055
385 1506
2033 655
2878 2775
1329 2634
2369 828
420 2150
1552 3251
4 2054
997 1734
759 814
2178 3270
1767 3075
2732 2241
1109 2309
1626 2834
2939 615
3290 1903
2798 1271
1030 923
2786 2023
176 1786
2725 2144
1956 186
1103 237
2064 3104
3149 572
787 2364
1130 2985
791 2097
2927 2572
940 2921
2620 1602
1049 2250
2842 2056
1885 539
1740 2004
2628 3169
1714 732
1401 2034
848 2089
1720 1316
321 1689
3149 2334
2883 2121
599 1973
516 43
936 2134
2360 332
1626 3213
1102 1481
383 473
1253 2704
2922 1035
63 2566
945 2501
297 2333
392 2726
1122 2632
2124 702
2390 1031
2345 2693
2519 1133
3205 969
1399 899
2190 3200
2238 1348
1395 1195
347 1964
1124 1858
1409 1018
3069 2949
2611 2993
3060 1372
737 1795
3051 2655
3107 1533
1812 756
1821 887
37 63
1417 2586
119 2572
3225 1535
2975 2808
652 2950
2737 3186
2056 1504
417 153
2722 1470
1140 392
501 2032
983 1097
2134 2429
472 2203
834 1601
1306 1910
2198 2490
2464 2133
2043 1500
2873 2428
138 2541
1309 1716
1735 3223
2288 2357
1310 2416
897 2983
487 3232
2296 940
783 1059
3185 1373
248 1292
2909 1680
2766 1545
3010 3187
813 897
3298 1499
63 623
2869 2048
2471 2693
1368 2037
1887 613
2910 2464
2634 1231
102 29
2266 2758
3288 1935
758 2650
2901 336
2642 19
2755 1641
987 1827
254 1886
1053 2112
2640 1882
891 2804
387 3129
2146 860
1216 2528
3267 3206
2009 2814
1284 322
1148 645
2490 2660
828 1273
716 3111
2422 1088
1180 1442
360 1887
2275 1884
3250 2817
507 1574
1670 418
957 1674
1549 2807
138 3211
868 109
447 2336
434 3251
456 2585
1516 1054
53 2269
1399 587
1057 518
294 2880
1792 3272
127 437
2197 1665
744 1323
433 425
2027 3128
918 258
2765 593
3240 2487
2120 52
1389 2831
810 624
2002 53
2746 3019
2961 2499
1334 748
3102 588
2012 2388
1670 2446
3139 303
199 2000
665 2220
19 3281
3114 289
475 1048
1700 916
57 1217
2510 740
2133 1733
956 984
1053 2677
2461 3071
2360 2946
680 2748
2477 1329
2577 672
1513 72
2092 2815
1354 2731
2135 616
80 1254
289 709
2347 2070
1204 1039
303 810
2864 3186
280 1183
2158 2317
1246 1981
1271 1358
487 402
2159 2562
1900 1052
1259 164
2027 76
982 2627
2932 2545
272 2009
3163 2908
859 2647
933 1042
1955 2860
2715 2023
1187 2783
3255 1786
1034 1513
1095 721
465 3251
2705 1869
822 736
2621 2223
257 1251
3129 1250
2555 109
734 5
3064 3298
549 636
2547 1819
625 2119
746 235
921 2775
1476 1178
615 2010
278 2456
2026 1214
1085 2475
1861 2494
1381 2717
3044 3036
768 1288
2720 2171
2007 987
2765 1449
3290 2714
2455 3045
1152 971
2899 1108
565 577
2447 1513
551 178
1041 455
172 2852
2162 2419
2950 3160
2178 704
391 3027
2724 252
2020 3218
2307 1640
3116 246
2045 931
1369 1650
553 972
2865 3185
2336 2922
1661 2352
2756 3089
900 1824
1381 1203
1532 3288
1697 1637
2514 1238
1755 149
214 2468
2745 241
1887 563
558 2586
304 1264
235 455
1297 559
1786 1580
1753 2561
1393 2147
224 830
2733 1086
3162 2317
307 911
1155 2788
3272 70
1923 15
305 549
3257 684
98 1362
2147 3129
981 1301
844 1315
932 477
810 916
1071 3242
1549 0
555 1080
1842 2359
3070 763
2661 754
2772 1475
433 1345
2185 2096
2429 670
3038 1075
820 2353
691 3071
686 1840
1478 123
2287 3078
537 973
506 499
54 921
2410 2098
2220 1084
3029 3096
1826 3068
680 2337
1964 3168
1163 1533
3174 2977
2848 1793
525 133
2120 1615
1261 2947
2439 1500
1973 2464
2243 2590
2091 1925
3027 2055
1639 211
281 1417
955 1736
638 391
1457 2607
3252 3116
461 3228
1455 3011
347 2542
961 3164
1157 2046
447 83
1198 168
2284 971
2149 2016
3144 2437
3209 1787
155 1118
2843 2485
498 1467
1626 85
1275 2289
68 3260
456 3201
2965 1382
1641 3242
1453 2198
1567 1573
587 900
605 1891
2245 1314
1123 291
1320 3241
58 3007
1896 606
619 509
658 2833
2888 2593
1890 2308
2016 902
431 778
424 2346
1462 1912
1366 3232
890 1981
675 1134
3114 1438
382 2231
702 2516
703 1355
3157 610
418 3073
1621 3087
1736 319
1471 2838
2547 1762
2137 53
1467 2836
1911 1820
1570 1667
2210 3126
2449 1975
2397 1718
3266 1069
3154 1208
109 3287
1828 2734
3198 2588
550 1240
637 117
2665 2908
497 1125
2412 235
1317 2163
105 1637
3113 1606
847 2084
3208 1531
298 3224
2630 1023
3255 1605
828 1339
2629 259
1901 185
1627 503
2617 1351
385 2008
3286 1592
2430 1561
1134 2144
383 717
1108 46
1789 2009
82 457
884 610
1540 126
779 133
452 10
113 3003
37 3148
955 1877
40 2391
830 428
2325 1261
756 3242
1803 475
2442 1275
374 53
320 3160
309 2890
3227 2822
1898 2427
2729 641
914 1177
2896 2795
1935 2777
2894 1241
1000 2823
2226 2089
2715 1246
1558 1407
1390 3183
1197 2806
1589 173
1583 2110
1201 3098
929 2361
1729 2065
1233 2715
1301 2420
761 843
2327 2448
668 2339
1367 1883
3145 1579
2020 26
1809 1367
758 437
13 1684
487 1197
500 1693
1736 3224
2771 2319
1449 2496
2851 834
1953 1886
829 1547
2937 1757
2841 1848
676 2088
256 1266
1532 813
1847 1427
1048 725
2589 2079
2177 1396
2142 1265
1396 3294
2819 3228
238 1220
1307 3267
2315 1280
2043 963
1332 2073
969 1371
1228 430
3278 3298
2914 2003
1529 2286
1818 2106
1938 1232
2083 1953
1781 1329
1144 1137
2597 464
35 321
268 2653
2669 3097
2423 1902
1198 2082
2008 1537
1993 2645
1032 723
1716 2460
2560 1980
2538 2833
2528 1635
1681 3005
1069 3061
1552 204
460 1771
665 719
264 2957
2253 2911
1535 1042
2497 2570
2470 261
2921 3080
2498 1073
288 1265
1182 374
303 1725
29 860
1106 1253
2555 2730
797 549
2897 152
1672 3007
2986 1294
1475 2075
328 45
993 2672
2867 763
3140 2428
403 1051
163 1257
3217 1135
686 936
1516 2615
3231 2078
1981 3203
1178 1573
3019 565
516 2576
782 1212
3013 1376
2349 1333
664 1944
2251 3156
228 1073
2883 171
2568 2831
1007 2095
237 855
1667 1688
184 3051
2960 1920
147 2167
2831 840
1352 2822
2996 2464
2353 3144
704 3280
2920 851
158 775
571 1398
75 879
2289 1649
706 3127
895 2877
3183 1155
357 1071
1552 2554
2945 1912
756 2399
2082 2617
1636 497
2110 2508
1105 1231
1214 3083
2885 1393
3240 3008
1507 1553
584 1626
1684 2627
1500 2928
1739 1204
2809 2760
1293 2221
2678 3208
2571 2504
2900 1285
2338 787
1913 432
1433 1939
22 2986
1322 1169
2356 1558
1598 2835
1554 1003
563 1273
3141 1965
1267 646
3282 2598
2343 1127
1581 1370
2148 604
1883 606
1715 787
129 2923
1447 458
3248 2122
578 1235
869 2350
1053 922
1735 1546
2330 1456
1373 2007
2429 1911
1090 735
2535 2799
1415 471
2217 2715
242 2933
2005 2417
3234 2773
3052 1085
1404 1845
105 2964
2885 2481
1647 1706
574 957
316 653
2636 808
1034 1069
2466 2668
2579 3162
129 983
1989 1881
983 2800
3289 819
488 500
80 2339
809 2246
2852 1375
904 1426
128 2859
385 2494
2983 1198
802 1421
2340 234
1565 998
1784 254
2036 1101
1226 2538
2552 2197
2623 2412
2692 1778
390 2890
2184 2374
185 129
544 3147
3190 533
1230 1431
538 2842
904 1069
2731 3172
937 272
435 74
2488 3106
540 358
1938 1343
2939 645
2213 1396
54 2477
93 2279
2341 1101
2643 2601
19 1552
1450 335
328 2258
1741 2294
2518 740
2716 1274
1666 1179
1103 1082
2444 77
3001 2090
1898 68
735 257
2369 2723
1079 1323
833 3140
640 2131
3035 3091
2904 723
363 377
2801 2501
130 1330
1159 628
1458 1824
75 2460
2014 1778
908 2539
1314 149
3226 1390
791 2154
528 2860
391 1920
2932 2346
2163 48
462 2149
310 2328
325 1353
1031 2770
866 1054
2136 414
411 661
1413 695
1509 2108
2800 82
2135 1115
323 1792
1538 396
965 2624
757 2634
378 1309
558 3274
921 1314
284 2255
1312 2864
2884 2689
1122 1884
1239 3173
2082 2458
762 2039
1221 1034
3249 2912
2489 1667
2882 1410
1001 253
1565 2103
1481 1572
3289 1603
1676 2428
1734 2335
1721 3279
2967 2211
1158 1346
1032 2991
3032 1689
1836 1438
3047 2502
2640 1756
767 957
643 106
741 1341
855 1288
283 2571
2199 999
623 1160
151 1200
1371 1549
149 1030
1118 525
977 152
1500 726
3074 2075
2707 3064
2313 483
2522 423
811 2629
1987 2484
952 414
1833 2943
1419 3086
3018 257
2108 819
1169 1109
2119 677
1696 1336
2194 419
1529 1482
1898 1089
218 3208
2995 2999
997 2905
2428 2449
2085 2865
799 2060
2543 1316
1579 1076
2121 1860
76 1412
3092 122
288 3164
3291 172
2139 114
2036 2961
3254 77
1498 1273
1382 2754
2121 739
231 2536
1446 1720
2644 2307
1720 914
557 1061
2588 1587
1471 2462
972 3237
1734 2987
1806 2684
101 99
1908 231
191 1977
1145 2299
2418 756
1837 2437
3248 1233
157 3274
2035 2787
36 2361
446 2950
2023 2162
3034 2702
2628 3023
2731 1163
1351 2856
1883 1814
2910 2720
2113 2487
3073 2226
3144 1671
2543 1906
2447 1704
748 130
169 1079
409 3229
229 218
2722 1780
2832 1800
1869 2882
1980 2486
605 785
3085 3108
941 1280
1584 225
2568 1047
907 981
303 1612
2023 1025
1398 321
1141 996
2868 2286
1152 2800
125 669
161 795
382 1459
2421 3194
2691 2498
816 2513
1162 1338
423 1885
1649 1666
911 202
1286 1830
1105 3064
82 1973
143 2122
1275 2868
2813 398
2372 3089
525 3212
547 2478
2325 990
195 3180
955 137
2585 2548
2799 1526
2799 158
3180 1212
987 1059
1089 2361
1230 2989
831 584
2702 2966
345 2515
1303 3278
2253 1379
1030 291
1838 822
868 1138
2302 2331
1064 29
1156 596
172 2591
235 1765
2823 308
147 2609
1561 2711
1674 43
1088 2194
1220 480
962 1877
2188 1091
3004 2246
498 126
1850 525
513 332
110 1972
1854 168
2291 2294
159 2793
186 1354
1759 667
627 1287
3279 339
2018 586
694 3239
962 3016
2138 757
1872 1954
1906 2818
2193 191
2493 1379
605 2618
1424 3284
227 978
525 278
1507 903
176 743
96 809
746 2383
631 171
2030 826
137 2726
2080 1945
1775 2009
2314 2515
2360 1115
145 353
1534 496
2655 1474
3238 1919
3295 957
2062 700
2099 1389
1336 2890
1552 2552
184 309
2301 915
2060 1248
3220 470
2980 3078
2973 3031
1745 2798
3061 250
332 820
2684 1529
71 338
843 2821
716 2837
1844 489
3234 1078
8 3090
2068 2629
1119 2044
1699 2581
781 1833
561 228
152 2880
2055 834
1549 2302
2075 3
2364 1400
22 2391
557 568
2209 2682
1371 2987
824 2251
354 976
520 57
2712 320
1587 485
172 3082
1126 2188
955 429
3138 1211
3050 220
760 637
854 2154
2283 2556
1099 2963
888 1043
3147 2572
2349 756
2570 1911
1132 713
1215 1751
2534 2249
1843 392
2380 2191
766 2318
2174 1864
1851 748
3215 2781
1568 2148
770 1131
3051 514
1874 2223
2129 350
1277 3018
2685 699
2859 1647
502 1614
1554 1129
3036 968
2546 539
493 991
2491 2925
2733 2712
295 2969
1304 1219
199 32
220 1936
2390 2188
1329 1463
1805 2859
178 2907
873 1070
43 271
2217 551
2354 801
2337 2773
1935 773
2301 1287
2718 2826
1425 2172
3024 2340
2893 1946
2830 1486
1649 1304
439 1010
2719 571
2362 2232
1731 2658
403 2312
1044 2242
1766 2372
3101 1849
1761 3274
689 429
240 1879
2308 2481
432 1882
3086 541
870 1991
1174 1393
2355 715
1980 1704
1031 3117
1917 1678
709 472
2716 2751
1766 481
241 663
3091 1632
17 2632
1786 1150
2901 2514
1346 2508
2818 422
1079 501
2726 2661
948 679
2336 2165
2651 108
550 2443
167 2615
2548 5059
1536 469
3002 2705
986 326
1658 541
1588 87
1549 2592
3064 47
1400 1137
3113 188
2241 3239
1044 443
575 3273
3134 1986
2798 2127
2425 1323
936 1791
1984 991
236 3255
1132 2212
2658 3260
2329 2623
920 983
2898 190
1364 2104
2546 2405
921 2776
2992 121
2640 3217
194 122
2417 2178
890 19
1892 1429
1222 824
620 3032
2118 783
2137 1147
3224 189
137 2695
932 2711
2149 2893
582 1840
2714 2547
3145 11
1572 1652
1006 42
789 524
286 1734
2819 3054
1869 1482
405 2325
120 960
166 1710
454 2956
1645 2380
71 3286
1919 2951
1334 586
3273 367
165 2975
242 777
767 657
234 2932
482 1030
2870 1734
1962 2805
2121 3258
2847 2001
1094 522
259 3060
528 1993
92 2771
2499 2343
2965 1431
1769 245
3287 1498
2910 1972
3036 2520
2128 231
2673 2202
2900 1797
117 1008
1730 2206
1542 759
307 2350
946 786
2186 375
990 1246
252 2411
2212 1990
233 1809
820 2921
205 1874
951 2454
1567 3170
1783 1977
569 2128
2510 2372
2029 283
748 2283
1480 1654
872 222
1527 930
845 2960
1134 3161
2715 555
2465 2627
2614 1994
830 2834
49 3004
3003 178
2912 1493
2274 878
1976 792
1978 19
579 779
3026 2554
757 1007
2870 3142
501 1455
174 2812
302 571
1332 2147
3011 1238
1901 208
109 3129
1660 2590
844 2945
2522 2983
1371 3293
2709 319
1810 2640
712 1347
1700 2113
1709 2291
1510 1544
1284 1925
1328 1562
1012 1796
5 698
3283 412
2885 642
1509 809
899 2065
1990 896
861 3126
2670 1283
6 823
2591 1212
950 465
2743 1908
537 751
703 254
1129 1091
1223 1131
3278 1244
2995 1131
370 2747
56 1906
1138 1233
193 1816
2724 2540
2845 126
1333 274
1614 961
327 2843
111 522
1948 3281
759 565
1219 471
2410 500
357 2314
1914 468
3071 1779
459 2294
775 1000
323 1399
117 1459
1566 2778
3057 1551
1409 275
1130 2130
1870 2069
1829 2784
2625 1078
2296 2273
1026 319
1994 2154
2063 2163
3285 2746
3211 629
1244 1556
1105 549
423 2938
1448 625
1069 2248
541 2533
212 71
389 1613
2815 498
1736 1131
957 206
1089 952
3118 358
2018 1505
1948 3209
917 414
8 2856
358 1803
695 2517
2621 492
2152 2027
1937 679
2688 2113
1098 993
2282 1397
3060 3222
2273 1761
264 1134
1147 1196
2180 1100
1432 2315
1327 1855
579 2292
2539 2936
3149 833
1816 1558
132 79
486 3241
1108 1177
3086 2286
2710 1115
1022 262
2157 443
2111 1894
895 1490
1353 3250
2976 2233
1022 22
838 472
95 1116
840 1378
968 3205
1701 507
467 2872
1414 2014
601 1153
1660 2762
3169 64
1301 1471
1146 940
17 787
571 2363
2152 2439
2934 1972
511 4924
540 2485
1479 970
2019 2133
1505 2388
3251 2506
813 1831
2711 1302
1192 2570
1930 52
3218 1588
2327 2813
1082 1317
3245 1370
736 2498
3180 2888
448 2985
2387 1292
2108 2086
1861 3290
1660 2362
1710 1661
2317 91
1695 1438
2735 436
2854 1767
1391 2659
2941 2971
1425 956
1774 268
3293 5638
3260 2001
2620 1337
2048 1127
1924 347
50 3143
1853 2910
87 159
2571 2763
2507 93
2167 1787
854 1751
265 1764
1599 1179
2034 542
990 1013
1971 98
2890 429
1445 1046
1898 2053
3256 1132
2319 284
1623 2006
1340 2103
2154 1224
3121 112
2292 634
1820 3816
1669 1373
1588 2630
2583 1706
1921 3018
1615 3001
2573 2926
1475 926
1724 962
230 2140
1774 146
802 887
1544 2587
2558 2476
2050 518
1726 2194
2326 658
2928 810
1655 3069
827 2954
2228 2475
2559 3114
3197 1043
1535 447
2464 2262
2219 1869
2757 446
450 1757
3026 3232
2569 808
1070 1334
2699 1780
1482 433
508 157
2458 1550
129 534
555 220
309 126
1153 2543
1242 846
2800 2176
476 3047
793 3194
1987 969
1070 1763
197 1770
148 2615
713 477
940 611
2679 3198
2928 1578
437 2492
1361 906
3219 2666
1246 2190
1777 3047
1205 463
273 796
1873 2554
3100 1024
156 2085
1453 2384
1239 2374
1129 366
2557 997
1963 2801
993 916
1276 1114
763 1590
1419 1224
654 1813
1406 85
1023 1561
429 1966
