1067 889
545 1442
1648 1497
876 1374
2020 4040
807 1538
3382 3437
3398 1843
350 2246
3531 823
537 1174
2433 1774
2555 1698
3748 796
1249 1441
1003 2617
3 2222
1882 2396
892 2952
571 2494
2636 1958
3631 1523
724 3082
446 3407
634 4031
1708 2814
1403 174
3144 2187
1518 3105
3095 3655
2990 2887
2425 2082
2829 157
3252 4267
3309 811
3494 2956
631 2207
3198 3834
1042 2178
3826 434
3514 176
3049 1778
895 639
1928 2187
1046 4181
719 4195
2182 983
461 2728
3267 74
328 3483
1357 1895
1964 2176
724 568
2372 4095
1977 2062
332 548
3648 3966
3269 328
2280 3772
622 3220
1033 942
3339 1555
4121 1476
2189 3595
3427 1457
898 613
3136 411
1231 2778
3235 2267
2224 4003
1084 2654
942 3401
3918 2187
2989 3830
3851 307
2626 4196
3521 1425
1664 1907
1334 19
427 1763
2060 2342
1944 2468
3295 3220
3485 945
909 3293
254 3956
89 961
2250 3900
363 3681
1096 3191
1527 817
3199 4275
713 1464
929 2979
4126 456
321 3059
466 1061
417 2148
1290 17
3695 1998
424 2798
3502 3901
894 3600
1142 303
4087 570
1526 435
690 228
3027 3131
2665 464
462 3672
3909 281
3409 200
2817 4022
2170 1345
1745 1592
4009 1985
3226 1138
4041 263
3559 858
2487 1996
2950 1260
3220 3119
2657 3128
1337 2694
4177 2445
584 3213
3534 901
1384 122
3053 2429
141 3732
219 4133
383 1314
773 3977
2947 596
337 3007
1014 4259
629 1022
1829 2174
3727 3028
2916 305
2589 2071
2502 3867
130 3066
1250 1465
2343 594
550 3308
893 937
3317 3344
3955 2616
1723 4135
3476 3760
2637 3162
614 3699
1213 336
3374 857
3753 4072
3746 3179
212 704
3985 500
3495 1452
1998 329
239 4034
2538 2735
675 317
843 3381
97 1884
324 781
3557 3231
527 3397
4073 717
4287 1610
65 4259
4059 2647
3243 1462
3078 4264
1283 1156
2857 1599
3570 2616
3507 496
1913 3547
1142 509
50 183
2360 945
1133 2467
2763 1827
1133 3894
997 1112
854 2217
2887 3164
4103 1736
4066 3398
646 605
3254 4074
4079 2544
728 3976
1187 4207
1230 4213
3193 3561
921 3593
3827 3718
2678 1017
3108 2906
1597 830
3701 3095
3028 1759
2410 567
2605 3605
2268 3351
117 775
2281 2469
1752 2866
2964 2468
3165 1811
1522 1393
1354 333
4038 4168
1828 806
3318 2309
1019 1685
2438 4145
3749 2070
2943 2274
4246 2177
88 3214
4108 158
2888 380
752 327
3434 2483
2465 2489
2006 1472
3380 3503
837 2668
410 2696
243 740
1231 884
3649 111
3355 3163
1519 265
4002 4043
1620 3769
3672 2520
3465 3967
2740 918
947 33
3248 509
612 1216
2399 1014
3614 3236
962 2866
1512 3454
1048 2192
214 2309
1192 1000
784 2104
985 2371
582 57
4246 427
2899 1616
1472 1263
68 2292
361 3925
2221 603
3938 2552
1311 1950
2550 1972
901 1987
2722 3464
1869 4242
3266 3379
3445 2963
1734 336
2284 942
3433 4093
383 2503
2127 2172
3362 1448
1764 3283
320 1781
4043 1785
2070 118
2637 1558
493 2575
3643 133
1269 2207
3035 770
3643 3903
2842 2639
1200 1604
3501 1284
3132 1170
229 2838
2867 1167
4242 2461
4290 3952
1823 1702
1465 3482
3311 3412
4068 1939
549 3807
2264 1132
1233 519
3037 1619
1737 3359
3671 902
1138 3189
3115 835
1936 1944
2196 1239
597 529
4117 2110
1037 1415
3909 2044
216 690
4051 1562
3729 309
868 1453
1679 3156
2632 4156
2258 2137
2757 3393
816 2589
2802 757
3158 1439
2333 1417
543 2321
3352 58
11 2251
3642 1337
3336 3016
4225 1100
1014 2831
907 3841
1370 3
495 3521
2878 2900
4214 785
3591 698
4088 1977
3079 3438
773 509
3887 636
4089 3108
4186 1150
2616 1617
1828 1710
2462 1930
3113 1446
3895 3649
3012 1403
3835 4246
3688 3921
2034 1694
1500 438
1398 3689
3281 3786
818 1755
1977 3453
3404 2677
2869 753
711 96
2810 796
4027 3575
1746 1766
4261 1501
3783 203
2266 371
3822 559
1737 1288
1625 1436
2478 827
1662 3774
4143 3082
2069 3622
3845 60
2153 748
3166 3090
456 1930
2639 3419
3964 3854
225 3481
4013 2989
1927 544
1369 2499
1786 1826
676 2631
956 674
290 1160
1395 1431
4215 2922
3445 2153
3142 3354
3835 70
133 60
755 414
2520 4003
3039 1445
3988 4184
47 694
2520 1809
2923 1445
2944 613
1483 243
423 2904
2944 2606
3631 2740
1535 3981
3643 68
985 977
349 62
1866 3857
65 2112
3391 2276
1887 2108
4108 3192
1469 156
4095 3737
9 3341
2707 1629
2727 3431
1364 2155
4122 1826
2176 3366
1965 2641
1091 183
3952 256
720 3199
273 210
2453 3679
1298 985
1758 3267
2205 4128
1317 2470
3320 4270
3529 2692
3358 3453
2476 2770
3639 3651
691 3186
932 1126
947 2011
3479 1239
2394 372
414 3900
2689 862
2638 4114
1108 3853
4171 1378
638 3
627 2046
2480 848
2138 3009
2685 1010
3758 711
1365 2073
3619 4002
1607 3823
908 497
2248 4201
756 1199
430 1701
2513 3261
1110 3780
1449 2878
3970 2550
3108 308
632 2246
3049 627
3141 2720
1715 1134
3561 2637
1723 1962
696 289
2421 1959
4184 3840
3293 278
3606 3103
2677 4029
3141 4008
3416 1659
2982 125
2626 1468
1930 1053
3675 1100
2869 1884
2790 460
2775 2184
1976 4245
162 1946
3749 1062
2392 3128
671 3222
2311 842
2012 3562
1668 1843
3583 61
2608 4153
1669 2141
3177 1125
3653 3580
1980 1805
3283 1693
2180 129
449 3012
1029 3581
2048 2840
3984 3974
54 2626
1411 2692
1680 704
2335 4107
2552 3442
3621 1001
609 2345
3962 2635
1127 3482
2836 2365
3331 1985
2103 3325
1031 1586
1553 1300
150 6
3959 1588
1043 1063
4276 1050
2588 4199
2783 4135
1588 687
3660 1019
2666 2515
2748 3493
3961 3027
648 2134
3132 1060
1785 1642
2357 64
3834 3273
2083 2993
97 3585
1666 897
2655 495
565 1915
2667 975
2898 602
1987 13
2036 3987
4224 217
2302 1226
1276 1701
3260 246
1381 3447
3117 902
3263 613
2596 4139
3295 3241
3095 3251
2016 4021
3225 276
3028 3072
1283 91
345 3576
4248 2533
1741 1843
607 2000
2627 1326
2130 1747
4195 3477
4245 143
2698 692
1615 4234
84 2556
1217 3089
2231 782
4018 4190
3013 1041
3923 1273
729 4255
2217 3369
1071 3689
671 808
2439 616
1894 1159
3744 1049
2761 531
906 2530
3182 1552
1668 1387
3585 2088
796 2855
274 902
4123 4038
1085 1777
81 2708
1731 1635
3759 2613
2908 3243
3166 3693
1113 1686
215 2428
3146 691
3182 270
3172 1955
560 1177
482 3828
515 2747
2959 2182
453 2220
2942 2891
2487 1413
890 2519
3432 2979
2439 556
3705 4099
1889 1844
2653 3781
1532 999
1863 3529
273 3529
3308 3154
2705 3532
1791 1296
3532 3595
4123 1434
1386 3017
4297 2859
3558 2513
2762 2293
3443 3028
1976 3479
2976 2270
337 1229
3663 246
3142 3199
1718 3996
1815 439
766 2357
1130 1952
1230 317
1658 2016
3956 2950
3597 6
2999 4229
1238 221
1654 2726
1575 1441
1216 3214
3291 3134
1066 2061
3169 1544
2369 790
145 2503
1153 4098
82 4140
1291 2660
477 1666
4086 4112
1508 506
2202 2771
1880 2674
1469 2627
2598 2916
2283 3945
1320 4018
3426 1775
3529 4020
756 889
3082 198
1985 2939
2273 4180
2248 4101
3012 925
129 3283
2042 3690
2641 3032
4223 1208
2955 2791
1645 3445
1012 1435
2355 1157
2434 289
906 3990
3953 188
1719 1836
3699 3518
3709 3880
3126 3978
2096 3479
3128 824
2963 2596
3894 1646
3387 1616
1877 1217
2768 676
240 3893
609 2901
1335 3534
744 603
2238 1870
796 2942
1234 1032
1311 3611
2256 4240
2873 171
2360 1079
631 4186
3572 1618
1172 1169
2711 4169
1374 1801
1873 501
833 1436
5 3339
4170 71
3174 4213
3515 3891
3423 3168
2396 338
3186 1552
3185 2834
1172 559
1341 2404
3767 2800
887 3091
781 512
1509 2160
321 241
4148 1793
3616 683
3458 1958
3706 3440
1931 736
3902 1716
3370 1933
1860 4112
3127 3386
2922 32
283 2044
620 2649
3900 2806
3186 3158
1748 1116
3162 1115
121 581
2331 3419
603 2379
64 3783
3985 3267
4130 1504
377 3604
2350 1774
3080 3394
3559 3619
2971 2336
3597 379
3674 1111
2503 2846
2422 2774
3470 917
372 3850
3715 3666
3488 1195
1965 3042
1627 506
3353 4181
959 2803
2705 380
866 654
3119 456
4119 3005
1876 3651
3029 2953
1363 3681
3852 1554
2656 341
218 4130
2783 1881
2211 1126
2962 1657
3897 3284
3748 3706
2307 2977
3343 2548
665 3335
2345 3018
2005 955
2419 3362
2233 1800
2627 1138
958 2544
1156 2897
1594 896
2092 2852
346 556
3154 259
4265 1558
4026 2092
4045 3391
1026 1920
271 1084
146 998
423 46
3232 46
827 3773
2323 2238
1577 2495
1915 3755
1828 817
1314 4210
3134 1465
145 50
54 2302
3865 2451
1396 873
3665 3822
519 661
2050 3603
4015 1973
3058 3505
2123 2151
1522 1940
4079 1417
2351 265
1625 2980
2448 683
2191 1596
2299 1065
1957 3598
3737 1602
1682 1847
2312 2672
2518 522
1020 3414
1962 2450
2886 3229
3080 1098
2001 1745
560 3164
794 1829
2020 1741
1723 1592
2245 3498
1520 1644
1052 293
4 1325
3149 1508
135 3852
2122 3236
2009 1198
1040 451
1910 3164
3166 3514
3716 4232
2902 1845
847 357
2578 2912
3175 2953
3104 903
1149 3499
3351 2364
1304 1081
3178 3385
275 3993
3079 398
2520 2180
2281 4084
4167 2360
2894 2508
1438 842
608 3751
1906 1900
4014 2562
1635 329
2188 31
1596 3299
1185 1490
4041 3370
2290 931
3346 302
4279 2276
2307 47
356 2147
4090 2159
691 643
3936 94
94 4072
3067 2633
3421 3210
421 1076
1257 993
3211 234
1798 3631
1173 2263
2351 1119
2646 3021
1405 363
840 1332
3031 2110
862 1331
989 191
714 4265
4275 1766
3446 1082
3410 344
50 4236
194 2195
549 449
2219 2031
3510 925
2254 712
1782 321
2982 3902
4199 1387
3805 1063
2855 1482
2557 393
3667 782
1437 134
1367 3646
105 2112
1061 1234
1073 3
4058 3824
4179 2511
1312 1999
3247 1924
4206 3818
4212 765
2497 2395
345 4056
3261 3779
4090 1943
3724 3534
1858 2588
2783 2765
551 2987
1944 1073
1708 1074
3354 1451
222 1234
1273 294
657 1368
1198 3488
927 3460
3166 2816
473 1365
3369 525
1165 3847
4065 3061
239 971
205 2543
3391 788
835 1474
469 2523
3546 2766
4201 80
2083 4273
4098 2948
3918 1450
3422 1356
1274 2215
1803 4276
3665 2770
1381 2305
129 2842
648 3788
1313 2443
2229 535
1784 868
26 168
2136 2790
3875 3822
570 3013
2805 576
1663 3350
1097 1604
3920 1536
1012 2739
3847 4217
3362 1799
3589 2318
4142 2012
3127 2607
294 1381
2453 3632
4228 1607
3886 2305
941 667
1891 3341
2457 2044
2035 3455
2585 296
1192 750
4264 3991
4201 1902
725 1491
1872 2316
450 1368
3767 4194
3118 429
118 785
3691 1985
1079 804
3262 2859
862 2950
3728 2959
1664 2197
1697 3580
2320 4002
243 752
401 3881
730 3341
392 1064
4043 851
261 2140
3656 403
2344 761
2583 777
2091 3672
3927 3590
935 2659
668 54
93 152
3445 4037
2926 4031
1365 3222
1210 745
803 1499
2839 643
1356 748
698 3933
2056 496
3459 2008
660 3569
1350 1279
1915 865
3501 2885
3378 1937
1822 3932
2574 38
3771 785
1186 4028
3457 740
2103 2075
3721 3129
3529 1558
2628 317
746 4082
2747 263
958 2059
925 1874
98 431
1133 3156
3194 2627
3959 1581
583 3996
2662 3574
882 1859
3632 3837
4147 3516
707 3345
1593 1522
3909 3312
4111 127
447 389
3729 2788
1978 1130
2825 2220
1551 3843
737 4138
377 551
1065 2401
3452 347
1701 1087
2129 552
1241 3026
1889 4084
1486 488
2956 1802
2859 2751
1032 3555
2828 3872
3071 2845
2763 2892
1250 638
1504 2728
2390 942
611 3615
1733 3423
402 1156
1874 993
3008 3194
483 2985
130 687
565 2452
2529 1648
1266 3313
113 779
3658 1381
64 752
123 150
2086 70
2924 1954
1846 3086
1288 3835
3043 2485
3053 944
773 839
2052 1805
91 3508
3969 1980
709 4264
3512 2530
2530 1128
2309 1372
3893 3947
3705 779
626 3116
1010 2952
3085 1916
2947 3838
450 3844
1717 3861
1015 1793
1969 2067
587 1472
650 2619
523 3458
967 4015
1156 544
3608 2624
922 2221
1837 3232
3988 1453
4172 3458
1560 3959
2767 1922
824 2443
791 2416
1343 1552
753 4080
2051 1493
682 185
2928 4151
146 3939
2500 2051
1761 2567
2493 3123
303 1005
4051 3138
4294 3609
2480 4230
1251 1747
745 2743
57 2082
1616 4029
2385 3612
919 271
3143 726
960 2233
2479 1914
3088 2445
1133 3411
1152 3328
527 1356
681 675
1064 1061
436 3229
1273 3778
1298 2099
3692 853
4074 2567
3969 2194
1331 3908
1003 375
1754 3474
1571 1822
3465 2454
3337 4159
3283 2920
3040 354
1532 584
567 3039
3524 577
4141 3582
3857 4145
3293 3306
466 1735
3701 3890
1611 574
3869 2294
662 3289
2341 972
1495 2817
176 4254
1133 2127
3671 2350
2290 3845
397 237
645 2425
3833 1196
1138 371
2623 3653
1443 1419
188 1717
211 3094
2818 2876
2897 3951
35 979
1950 871
3653 4106
2978 530
3199 245
1345 3401
4164 4220
2507 3925
2591 844
2919 1758
3986 1426
1438 1785
2287 1115
3126 4216
2988 470
1570 2115
4242 2536
1918 1528
3703 886
35 2008
2025 1970
1842 2274
3527 1889
4188 3565
1423 1925
2007 4286
1146 4214
370 3348
229 2199
3478 1831
853 2522
1597 33
1293 4022
1946 2028
1515 1006
1855 1474
3073 2306
13 2282
858 50
2627 1082
2591 3603
3282 3558
927 2823
387 3737
1423 2757
2925 3865
2559 3657
4219 797
2989 2827
796 2282
814 3774
2467 3182
1530 1688
2054 397
3662 3453
1781 4115
4148 4072
655 3552
1426 3190
1874 4254
3489 2094
1029 1732
4188 3544
427 4104
3578 2211
1242 187
4149 1725
2910 142
1649 1422
4209 2237
3793 2964
3072 1200
2997 3961
2536 2266
4173 1428
1994 1933
974 1562
4052 4277
183 4173
2490 1545
704 1219
2126 3887
4118 2073
660 1489
3222 1948
1273 3588
1541 2929
2524 1922
3816 172
911 4077
3442 2755
172 3398
1595 3384
1671 1540
956 2270
2563 1588
266 294
3114 690
2867 249
2794 2016
2256 3331
3984 3723
3228 214
1411 3076
3810 3565
3541 3068
2684 4180
3591 159
1272 2681
162 1940
1268 1554
1243 4230
3629 385
943 1352
4119 2961
2591 3965
3357 219
3937 458
152 4221
2200 454
1391 659
3766 1665
363 1268
1823 1870
572 1920
1953 146
4265 3744
2877 221
2716 1360
3485 3244
1674 4277
3044 1630
1718 1351
655 3245
1808 712
2484 2336
2982 291
2186 1866
2031 881
1637 1718
3116 3926
2144 2902
2305 518
3297 1631
496 1658
1704 415
4057 2501
2992 1866
3402 4023
448 587
1489 4029
3473 4267
3096 3548
2181 3508
985 3781
4200 2376
1272 622
1003 2660
1383 102
1064 4084
3329 1555
2600 1169
4102 297
3552 3110
2319 4256
4110 2934
1281 591
2723 3466
1229 1139
3027 3483
1471 1714
477 2526
3931 3169
774 4100
562 4118
2101 1018
4102 808
1789 574
3523 1673
294 861
2433 2322
3494 1352
390 1469
3072 1097
2292 648
3848 198
1027 2978
3499 4274
1762 2442
2965 1009
533 1817
3020 3543
1892 2465
843 3369
1394 4261
913 671
3494 2720
3068 4197
3386 3413
4215 3809
4010 2037
3540 3379
4168 1076
822 155
1193 114
2847 3457
1477 1419
1426 2251
363 3269
2965 2736
1477 2249
2874 1740
2808 1767
1256 1575
1115 442
2593 2825
3102 4017
1918 60
402 1787
651 3342
983 2001
4274 4125
3343 3191
1255 1720
2166 3253
1789 9
2363 878
823 1729
2619 2326
1110 120
4 3768
1600 381
2265 1570
2964 1582
1101 3881
2406 2402
613 190
1524 136
3336 2771
2013 396
1958 96
957 1716
3941 2154
2164 1425
2576 1509
2262 994
2529 3774
776 1785
567 3192
1196 2925
289 1117
1649 1439
1967 69
1266 3925
835 2390
2974 150
2919 3567
1963 2555
905 3718
1804 568
475 2074
3264 82
3311 3198
3864 3142
176 596
1992 3284
255 650
1974 1057
684 1735
1284 2919
431 2528
2342 4258
4 369
1189 1584
2933 1662
415 3795
2032 2827
4151 175
3536 2671
1732 4047
3399 2822
2638 44
3265 3542
3681 1137
909 3868
4126 3767
2639 3097
176 1173
2278 1747
4252 3473
683 535
3314 1429
2906 2428
1305 2384
614 4121
2345 1384
217 1357
2139 97
1053 2356
2821 1998
2546 3363
3788 373
1272 1477
4160 3762
1289 3768
4032 1360
3089 2231
100 1690
2958 1958
1516 2600
1183 124
1278 2010
2957 478
275 2895
14 2848
586 2468
3270 1045
4030 3361
2947 2680
2011 2177
3432 1969
4237 1601
1610 1339
2317 1606
3060 1040
2473 4240
25 2532
1923 1932
2544 1880
3750 3366
2028 882
709 4088
3150 3133
2712 1014
761 2190
416 506
652 2854
1667 3402
2326 4036
742 3298
591 603
241 2472
3787 2937
1957 3362
2922 3703
2732 149
3835 1406
3413 128
818 2991
54 1401
1924 2471
4004 1454
1721 426
1842 2273
1306 1792
1459 3405
1932 818
1002 1039
3370 4255
1991 2444
3782 337
157 454
1928 3892
1170 38
1701 781
2243 902
1838 3083
1414 2636
110 1177
2862 2579
1236 2264
1238 1235
2646 3082
3861 2315
660 1266
1990 2887
2853 1803
920 1874
3017 1439
2001 2
4056 3388
1549 3741
922 2846
682 1876
3256 1980
1434 2308
462 1161
454 2368
119 2995
1698 2402
3643 2214
3561 2906
727 3996
1543 1788
3956 2205
2006 2634
506 1215
4270 3214
580 4088
3781 1259
2754 2723
3200 2424
971 133
928 1469
4061 2716
2085 805
3649 215
3421 3653
1192 3477
1544 1719
1328 73
163 3484
344 4299
3432 2764
669 2249
3778 1276
4286 1989
1146 3862
875 942
4246 957
1992 650
2650 1316
1832 1262
3077 3044
2907 3497
4137 2362
1405 2012
1067 3424
3730 2931
1017 2124
3559 733
3746 1439
945 3346
2094 4239
610 7
1975 2804
1737 1356
172 2
1391 2805
1897 4256
3784 1814
4268 2186
3915 2076
491 2488
3548 2201
3222 1030
1656 2637
1536 3888
2046 2975
2406 3703
2228 527
668 3655
3132 1006
3293 2225
3506 581
434 1792
3569 3324
302 1251
1631 902
277 666
3621 2421
2615 1510
4282 99
2268 1152
1103 4252
3983 1818
137 3532
968 797
1112 2641
3987 951
3386 1142
883 2016
3664 3264
3435 2601
1067 3730
3412 3337
2682 1196
1220 163
1455 4220
1027 2966
4285 1624
3577 1076
106 956
380 4014
3163 3441
2632 488
2065 3973
2264 2393
3457 361
3651 903
1401 3716
4025 1897
1594 1473
2337 595
1466 312
1909 2542
3359 44
76 3184
3914 3593
4179 2510
782 601
1246 1438
273 2412
3974 2554
4198 2960
3918 1198
2244 2152
1471 1995
1238 1661
2110 380
2836 3996
2044 2545
463 1135
1724 747
1701 3974
1649 1242
872 298
3878 1892
297 3900
649 727
2429 3189
3216 1770
3144 1155
1583 2002
3934 1256
1470 4070
2999 3890
822 310
3978 782
3117 2125
2131 3371
2835 353
4239 2135
1596 3665
3669 1974
1627 4021
550 811
465 2827
101 1495
1568 3642
1105 3097
511 2255
2497 1664
4183 1781
583 2536
2618 3614
1492 383
212 980
1024 2217
1456 3826
3953 2100
3963 2446
855 1166
628 3321
4027 285
3366 2955
1600 1929
2115 3345
1152 2404
3402 2438
788 3706
2453 769
2620 1456
2113 2309
3626 952
4094 2490
2933 772
410 732
2894 2596
1315 3859
1906 1633
354 2222
2319 1391
2320 1162
1762 2515
1363 1242
2966 3267
132 2911
1196 3445
3889 2698
938 1082
266 987
286 3140
1006 975
1563 3546
2120 3762
1883 500
1915 1370
2054 115
1128 515
2406 3634
2163 3960
4220 1480
489 1744
2879 1402
768 4050
948 110
2052 871
4174 3322
2043 3485
607 3426
2337 762
1293 2688
450 3447
3312 3699
868 983
1340 51
3497 2720
323 3117
870 640
108 2851
355 1310
3247 1374
1856 1019
4095 608
391 668
1810 4236
636 2859
2400 879
1198 3066
1333 2288
2652 2493
2641 1532
3941 806
4023 3021
2212 4163
393 264
3761 3652
3892 2286
1241 723
788 1632
1677 1911
1008 831
2954 1644
240 547
1315 1770
1575 1633
4208 2608
2543 1280
3564 899
3492 1080
983 2864
2174 3293
95 3794
4239 335
421 1795
1845 752
4142 4287
2908 3692
547 742
889 3630
854 331
2072 759
3484 3661
1484 1690
1417 2294
117 2979
27 2576
4201 4254
124 3015
531 1305
1518 1951
1246 3270
424 1974
2167 3142
3507 2189
4051 2562
843 809
1596 3361
1880 2128
323 3308
2669 2092
1078 3874
440 3459
1967 3367
2448 728
3185 1255
3437 182
1179 941
1507 3438
3109 354
1490 1601
695 3381
3128 1929
3685 1648
3880 2417
2431 4225
3631 2767
2793 4296
218 1073
489 2580
2296 2764
4209 858
3810 2821
549 660
3697 1247
589 3088
2216 3186
3768 1593
4259 4098
49 4179
775 1703
1711 1424
2896 429
2080 1314
3997 1825
3834 3169
1628 3579
970 3917
3546 2040
1711 3829
2777 3919
316 3107
4116 3911
1025 92
1392 1780
2312 44
2391 3559
2268 3423
2335 1889
1687 1495
93 1908
318 3366
3645 1609
4272 2147
678 1949
2619 2764
2328 1125
3359 2012
193 1220
3772 3430
196 1492
579 3042
885 4231
2705 620
2624 660
1459 2749
366 1885
1271 3492
4127 1690
4189 13
829 1475
142 424
681 2189
3749 4295
1508 4105
1267 1741
2092 3343
241 3206
3901 4065
3306 4232
3813 401
3136 675
4087 11
2617 2594
3196 140
2261 3482
87 3877
2737 3169
151 2240
2192 3224
2024 1810
2488 2897
794 3541
2098 3309
1418 2273
3933 806
692 3370
1715 2589
2387 4228
2338 3151
1476 3552
3359 1633
1417 3883
2614 1158
1448 482
673 1436
3089 2172
447 1156
2670 3360
2041 700
2386 618
944 4207
3009 2609
2311 3624
3209 3097
207 1371
3124 1010
2300 806
3218 1933
1488 2007
570 3310
904 2679
1406 2544
1867 59
3462 1398
2362 967
3815 2515
118 846
1033 768
750 1516
1882 1833
288 903
195 457
4255 1716
3820 104
399 829
4260 25
564 3834
3160 153
2642 516
1712 1715
2102 3958
322 329
2003 1235
3254 2851
780 706
374 3923
78 1262
2545 182
3418 4181
777 1595
3023 4279
2499 2846
686 1827
1231 2887
275 3518
2184 3984
3009 2529
2602 2777
1943 1467
4071 2320
1418 2580
2065 1373
2323 3064
1162 3017
1737 1659
2934 90
2440 1053
1274 3430
4205 2647
710 890
1106 4282
3116 3185
870 3252
2029 2868
1522 4289
3481 1913
947 4234
2863 3575
4108 3350
1939 945
2389 2635
255 1237
2818 2780
169 3181
2373 3261
695 3122
2539 259
2614 610
1910 423
3569 3980
2968 5
578 2970
3760 2362
2539 43
3426 43
1475 2307
1961 1373
4100 2036
497 3855
3664 3062
3940 3019
1092 3740
2746 794
2729 3722
1352 4033
1339 3619
1993 76
2097 1036
2513 3911
3810 2958
3619 2852
666 3730
350 2121
1340 3200
1693 1331
3944 111
4075 1708
3514 2282
3467 754
797 3778
761 2832
127 2764
2293 3038
3826 4195
157 537
684 3853
1809 2476
3324 2875
4292 2223
460 187
3942 2507
4152 1901
2969 1455
1161 3578
4102 2375
2527 1689
3124 2886
1128 1131
1872 3670
3506 47
2988 655
109 1503
3582 3980
942 3206
374 1987
988 2795
372 2356
456 3055
999 1986
1448 2575
987 1814
1810 1265
1038 3873
840 2617
1839 2432
1187 383
187 2894
272 3276
1832 339
2727 2011
828 3521
2340 3359
3616 1953
2697 2899
2484 2391
2336 4017
1206 3302
1110 1727
3726 1743
3285 2388
816 1317
1800 2820
1306 1307
418 568
2545 4189
1035 2173
2903 3709
3211 1055
544 2666
89 3181
3670 3116
3146 1248
1103 3243
2835 2318
3857 593
3212 3878
4080 3496
3466 3358
1712 2564
2567 3575
139 1659
3575 2121
2111 1102
3347 575
1449 1920
2590 4023
2973 703
1767 84
2574 3538
3598 3576
1246 2719
1568 221
1071 1941
3567 1632
18 1734
2683 3866
3964 3912
966 34
1607 2878
3522 1547
2887 778
3992 1335
778 1701
3122 190
103 3487
2338 2654
4206 3533
3143 1987
1562 157
4266 2899
1919 1965
2913 467
2390 249
2896 3733
3160 3639
1169 1924
2739 2760
2665 4021
748 1706
1961 2577
1238 1124
3588 2511
3445 851
3403 63
4055 2247
2191 2366
283 3865
419 244
1260 2833
3469 3266
3781 2174
1295 1564
3855 3871
4239 1939
3260 70
1054 2112
3247 4172
3726 3985
2834 401
581 3270
1303 3092
907 3334
1972 1754
1571 1832
4226 2388
2370 697
4007 2840
1586 4253
192 3107
1073 855
426 237
2783 2705
3175 1288
3290 1393
2853 450
2109 3342
1499 2175
4048 1175
1536 3076
1506 1083
2067 999
4182 2713
1233 2523
544 2750
1427 726
3320 501
1897 3674
1768 1187
3588 3182
1379 2278
3095 2756
1211 849
581 2024
3708 2133
879 3855
3771 3393
2825 3137
3874 2407
2368 44
466 163
1394 1471
375 3483
3766 631
3355 2475
1951 1066
2406 1670
2188 1777
2082 2449
2958 1828
3679 3623
2450 2726
3504 1559
2971 2907
3780 2126
2715 3183
3356 3973
2174 3915
3122 783
1144 854
2714 791
4045 74
3197 1222
1283 2811
1435 2460
971 1582
1839 2417
2716 2979
3031 959
245 2696
1218 1483
3039 1392
4185 1326
2608 2480
1925 217
631 2721
3530 3405
3728 1029
2786 4209
665 1108
3134 261
1994 2227
1402 513
3186 2340
417 2563
4283 3908
4227 594
568 3190
383 1628
2982 1298
1192 1387
3364 2326
3383 2376
3993 3772
3709 3912
733 337
431 2900
497 1670
1868 993
983 1726
130 2226
1205 1640
664 1170
3653 3143
3004 3645
1618 3855
1452 3187
811 1147
621 4231
141 1081
2440 2879
3084 590
705 1638
2886 2296
823 1658
376 3522
137 2088
1143 359
1099 452
3090 1470
2961 1475
4135 3306
2953 1753
3943 1210
2292 4289
2418 2712
1485 4025
2133 3339
606 3297
1651 1500
3893 879
3941 2938
1900 2041
2693 1806
1442 1084
4092 4026
65 213
4128 2664
2369 318
901 3176
2043 2511
2774 3568
2811 1747
81 1436
3732 2011
507 2230
2409 1341
541 1643
3725 3373
4283 3552
3056 2633
3763 3444
3478 832
1319 3911
3330 3414
3933 1341
1191 1862
827 913
627 4097
2115 2449
2432 698
2669 3187
4015 3616
2636 717
3229 1936
1185 693
4242 496
830 3477
2034 2430
2303 1183
1063 3273
2393 3089
4016 939
3203 1339
3615 42
3924 1750
2181 3812
1051 2982
936 1843
412 339
3888 2863
195 1690
1835 4213
1629 1335
2362 3872
1291 3023
1548 2174
1696 3931
2069 3412
1272 192
653 2415
1675 1758
3181 1361
1272 2863
3995 3767
482 2903
2177 17
3729 890
1203 2155
2406 3663
3290 2151
3497 2867
2745 1150
3488 3425
3296 2931
2216 641
1541 2476
2053 2599
1290 743
2743 3643
588 1196
3816 1436
385 2634
271 2198
258 675
1450 2289
3681 2102
1040 939
4283 580
425 4098
3635 2803
3202 68
4013 2720
3893 943
3825 863
522 2894
3356 2705
3694 1429
1756 3614
4273 2793
4177 985
2203 4257
2425 577
3588 1613
3250 2516
3993 2587
20 1721
1448 2263
3372 644
4160 234
262 2836
3546 1265
379 2875
1408 274
73 951
572 2939
2384 3113
3547 896
832 2536
974 2584
2681 1468
3260 3447
2323 3243
2390 802
1928 834
3684 3452
3423 4029
3858 545
3986 3548
3411 1863
3700 2437
2001 304
2489 847
1922 3115
2862 3044
975 3104
1862 2489
753 3558
3887 1429
2818 2975
3970 4020
4032 941
4133 2183
3320 1441
908 271
1446 2885
2784 2951
2973 4132
1806 3312
793 523
2225 3926
2549 2381
2414 577
467 4171
3193 877
1240 702
3940 3296
142 282
3692 2955
2140 3909
3796 1485
3592 1314
470 923
941 1128
3945 3120
2204 3507
829 349
2029 569
2767 1536
2510 289
3880 3767
191 1009
2002 1052
3946 2930
430 433
739 1734
1319 543
2345 738
4100 63
2720 4226
1505 2629
662 1742
642 3828
1420 607
742 2734
574 2404
406 2967
2279 3247
3453 584
2604 3651
1575 654
4268 3223
3794 4066
3789 1713
4027 3635
662 3893
534 1220
2328 1910
932 1979
772 2020
4034 2431
1803 3828
3634 3983
317 2741
4027 632
2259 1631
259 1397
3104 3249
465 2434
132 43
2045 3610
4008 2415
3079 4186
198 278
3039 1303
1036 3952
3044 751
1936 1905
880 3877
343 2870
488 1500
77 3572
3678 2563
2686 2004
991 3962
2789 2116
2719 4220
3821 1810
1324 3125
3392 2803
3635 147
1704 2023
1195 194
2630 1655
2860 2037
891 3923
1247 1291
444 784
2044 3003
394 3427
1464 3644
3825 4145
1686 2986
3905 862
2338 3014
3565 3275
4116 2780
253 4012
2935 3884
3145 3455
1914 4138
1809 2484
2617 1467
4048 3626
533 1069
1684 1887
3241 3423
652 520
2720 3151
4216 384
2525 313
1422 2092
2518 2301
3558 2407
3290 3052
2445 1424
786 284
3803 3693
3005 3366
1531 3530
625 522
1272 3579
1858 2286
2389 7
4163 796
2143 428
3924 810
3859 3716
4081 2919
675 3550
562 2624
574 2925
60 1724
3879 1001
4288 1113
2723 984
548 437
983 3525
3814 1751
1518 1437
473 1652
3885 582
823 2336
3848 529
1478 2545
2681 3415
1871 4270
1803 281
944 3593
3965 4133
1109 3417
3489 561
3650 2443
2176 4059
2325 144
1953 1178
2068 3143
358 1625
3879 1725
604 4290
1151 1815
3391 2715
282 1767
2533 1317
3866 1004
787 912
3925 7491
4040 239
1955 320
1941 4068
3094 3815
1523 2379
1750 2243
858 228
2740 4201
1963 2201
3450 2881
3889 702
1691 2384
2842 838
80 59
1735 1744
2855 3319
3312 2056
2866 1561
2316 2923
425 2472
2614 1081
3524 3
836 3517
2652 3101
3901 3288
3797 3487
3682 2692
2339 1743
3933 2292
557 792
750 1609
3098 2411
3067 2139
614 961
1208 3857
633 2851
489 1080
2325 1102
1396 2975
3931 357
3526 740
2952 1550
998 1132
2205 1128
2544 160
3392 2218
697 112
3237 1564
2036 1893
2546 4224
2697 3183
4146 4018
458 1619
3238 2496
1678 613
2787 720
1796 3526
2844 3156
2084 2252
1981 629
257 2343
2952 558
3499 2322
1227 2751
4104 2207
2895 824
2034 1872
3292 1691
1315 2877
35 4178
2678 1744
2025 212
2546 768
4097 1272
2417 2523
861 2067
3043 4271
3286 1535
2613 1175
1970 3832
3313 3391
2771 1167
1656 3521
3563 2327
3599 4140
1267 2819
1707 4143
749 4003
368 284
270 1891
3641 15
1812 966
1078 949
29 429
3030 794
3577 2046
3968 2606
2858 308
962 1561
2747 13
2278 1439
22 3144
2837 687
3139 1162
426 3272
1951 1971
2907 1401
2562 2693
438 3145
1925 1000
39 2911
1379 3867
3518 1889
4075 2260
901 3613
75 2003
1017 2826
948 3395
1202 1363
2463 1221
700 3661
3908 3563
112 340
2490 3438
252 272
1599 1177
1988 1923
3734 1637
66 2506
1650 3437
3781 2857
117 3227
3146 3528
1286 2914
2260 728
465 3587
3575 76
3674 3859
775 2204
302 1471
2059 636
1474 1267
2312 2394
2728 3061
2340 2091
88 665
2125 376
3683 1742
3459 315
732 3444
1092 2666
3653 2090
1941 1583
3633 2380
3190 1291
788 3269
3206 3619
63 354
800 3047
1470 706
1492 2274
780 1323
4055 1174
1310 152
675 954
3157 3462
1809 3411
1738 4064
3208 3880
811 2241
2791 2662
2029 2315
3591 2039
3341 1547
3288 1463
3176 2146
323 969
2034 2072
368 1816
3571 4068
386 1445
3389 4206
2224 930
1150 3726
279 3918
3259 2766
2298 2528
1137 955
773 1517
3388 217
87 4041
2562 1895
1007 1194
103 791
851 1553
816 2252
1680 1468
1832 134
3101 3929
331 227
3762 3992
534 743
1152 1118
3720 2291
1804 374
1833 4296
286 3286
1020 970
3722 291
2546 2816
3678 3494
1982 578
3449 1275
780 1761
2459 1757
319 3465
1233 892
2934 2821
1141 835
2726 3920
2825 2908
639 4056
4297 761
2638 1871
4214 2495
3164 1895
498 3887
3637 1543
1314 2438
1098 1592
1563 1885
104 354
160 3244
1363 99
2441 4236
2463 3818
2610 3485
4071 2302
2256 3
2120 1286
3165 1593
2692 2821
654 691
1133 4046
821 2049
1992 1726
1113 1701
2327 2607
520 2894
3524 3837
2987 3224
723 2869
3565 2292
1832 941
2594 2063
4257 2074
3259 1591
2303 4137
1595 2395
3913 2057
2200 1120
2921 7
3116 1158
2012 4148
1056 357
2929 2796
268 2545
546 1536
2041 2248
2934 4077
3991 3706
1023 1432
882 596
720 943
3373 98
963 106
3250 2988
2590 3
2925 3072
1207 2056
2407 2357
2726 2379
3343 3499
2599 3520
1354 595
2550 3323
2612 1684
3336 2716
2535 588
283 3755
1131 1865
2617 3570
399 2711
1798 3623
4232 3490
1396 1105
3479 1965
4068 3542
4286 2215
428 3985
2000 288
3891 2833
3773 3072
1206 3406
3983 3695
3649 3550
2862 2759
3269 1725
1855 2582
2469 3506
3540 4193
2099 933
600 1487
2931 2373
1102 3129
167 2091
3531 1550
4066 3361
2730 3026
2719 2390
3605 2544
3169 855
3530 1653
4165 1243
263 537
1132 3568
2670 616
3856 365
648 4074
2222 1685
770 1440
3658 1505
2416 2811
1414 1895
2514 1255
3032 1519
2628 3493
1352 2686
2554 2842
835 2607
2969 2160
34 4070
390 428
1130 3349
832 3422
2201 277
608 3244
2191 1593
746 778
1180 249
3486 3111
405 2350
782 3605
4125 2644
947 1559
625 2022
2123 2144
4152 3759
1615 1340
1911 2404
1337 655
1889 1149
3109 3326
1603 1689
664 2455
2299 1745
3322 3497
770 4091
327 2132
2260 2764
2177 4147
3084 2444
2300 1307
2285 3415
2290 265
3641 1543
3522 2089
3773 1565
468 3222
2994 1897
964 1045
575 1259
481 994
1359 954
1285 2782
1218 3966
3027 451
1856 2805
4268 2606
210 2374
4002 527
2866 3026
2375 372
2813 2186
358 4263
1000 4195
941 794
1289 1325
364 801
3268 590
3274 4039
3126 3819
1938 2550
1949 4148
3403 4002
1854 4281
713 2224
1488 2477
540 2628
1950 4055
2499 3818
489 561
1228 2225
1824 3449
79 4046
565 4004
232 2623
2701 1677
2533 2201
3351 3371
913 2929
2977 283
1260 959
1228 408
2033 2505
2455 2185
1747 1722
913 2637
767 2810
1780 1446
765 1411
4297 2288
3333 1390
654 1570
190 3304
3585 1276
3063 2865
3380 156
1714 4106
3294 4050
2587 2635
1033 1554
557 1428
4275 3517
1884 1929
266 4188
2871 1185
46 3674
3368 2708
129 1850
787 1350
937 20
2252 1352
622 2212
273 3853
2254 4220
1788 3350
3059 1192
665 2359
1061 669
337 1422
1769 1808
2292 2463
4062 1634
93 3025
831 759
1892 2687
2861 1930
1143 4220
567 3348
3310 1377
2324 1066
1586 2258
3790 751
2361 4184
2981 2711
3268 2685
1502 1825
1309 1786
3910 2623
1152 3745
1127 1511
2602 3664
3303 272
3194 1463
3476 327
945 598
3800 2212
2452 2223
1245 961
1955 3146
3789 3553
2840 2886
3380 1799
630 2537
2807 3434
1026 2689
3850 3217
1693 989
2965 3268
2296 2867
4285 3781
2437 703
1561 1026
594 2662
1156 3304
1108 3802
4187 2276
1909 3101
236 2699
999 1146
1843 2391
994 2751
1675 50
373 2373
1124 987
806 3486
1088 1179
4239 1133
129 343
800 3581
3696 3635
2303 3831
3428 4164
1396 3602
2241 3495
2339 833
2507 1450
3971 1920
1490 2240
973 1337
1109 4225
886 270
2400 3092
3218 3747
3063 3416
3758 2349
1132 1294
3357 3746
0 3005
87 1573
4239 3781
2891 1403
311 1698
1319 3208
2544 3405
1722 2152
258 2193
102 2110
2162 624
1811 3318
3298 501
2925 4098
2940 3066
310 1763
1147 1226
40 3483
479 3109
3750 1955
499 104
4173 2372
2384 4188
3803 2943
3856 689
3364 2553
4248 3503
3378 1777
2955 1733
2355 1653
409 2254
4073 1401
145 180
2910 2966
236 601
3017 2782
4254 312
1438 1630
3027 202
4153 1381
298 723
3026 1809
2746 1382
2082 1497
3090 254
1046 3412
3403 4090
923 3516
1230 1611
2389 2535
3827 4231
3908 1356
3198 550
2624 323
3620 2270
504 3323
3314 3360
3683 2565
3898 648
4193 3301
3164 1494
3429 2485
349 3134
2444 1569
1818 2435
2905 2542
1131 3330
3954 1252
202 818
576 1184
3679 280
1148 3212
2847 2315
3076 945
3879 834
1796 670
2215 1538
4084 4038
611 111
3171 2540
3552 3340
2502 460
1048 4111
4133 3891
805 1751
2695 1371
3977 1528
2244 161
1124 2802
2243 3692
3098 1710
2034 1147
2940 2478
3800 1648
1017 2500
2741 412
402 2057
2065 1227
1607 2620
1674 432
4180 3010
1720 790
3438 2287
2425 2997
1243 4039
134 1912
369 810
105 901
1126 2601
3295 672
2076 1849
1170 213
734 1347
1072 108
4063 3507
2848 2347
4288 2835
2195 1171
460 396
2262 1297
3534 263
3715 164
3808 133
3534 159
2007 1225
671 956
800 195
61 669
1494 762
2461 2416
3757 1168
2141 3270
1775 494
3732 1020
1529 2091
1360 3677
3455 410
1932 1264
165 604
3616 3762
3998 1600
2822 3334
2224 2005
1083 1565
1548 1418
1459 1949
3340 4105
3805 2878
3678 791
1176 999
1553 1057
1039 2476
664 2767
680 3480
2771 681
2464 1418
4122 2587
2574 2185
4168 143
1771 1580
645 590
2470 1497
284 3624
1286 2389
2101 2601
61 1814
2359 1648
342 590
294 3640
3615 4180
2847 4142
1798 3658
113 2273
3406 808
4100 2281
2355 207
1437 3580
950 3206
1062 2932
1442 3587
2520 3141
3421 3080
487 471
1006 2504
2897 1503
677 3788
3783 2766
3521 4154
2145 3220
3003 3457
1553 1396
1264 3825
3116 3046
2864 4102
113 882
3330 1036
1939 1759
982 2356
2714 1939
3195 3782
3821 733
415 1628
3483 3526
2998 2847
1659 2918
2855 3602
2075 3019
897 4131
2458 4008
2234 2647
3538 908
1089 1850
3690 634
3666 2108
4015 2422
784 779
3738 481
3008 4044
3726 3097
77 1149
4012 1452
2567 2861
345 3510
1980 3639
2568 498
1043 376
1220 1628
4292 1880
2288 3889
2219 158
658 1815
439 935
1257 743
392 3796
1719 2933
1899 1902
2082 2084
3109 119
3546 3890
2654 166
796 2975
2300 192
2438 2687
428 2527
627 2781
356 544
3410 3665
416 806
19 2558
3760 3918
3972 2243
422 3142
3188 4113
1630 3845
2766 3999
2417 2701
298 3797
1188 2628
2564 1273
1306 2245
1500 3503
365 2613
631 3825
2087 3770
2168 1000
3620 4035
2961 119
3537 904
417 3014
2495 3897
1242 254
3306 983
1879 2112
3622 1547
2476 3735
1903 1924
3199 1048
29 3455
2975 4081
4050 4230
3956 2690
3045 3067
457 852
41 1795
2466 3051
3474 1036
118 2324
1949 1827
1866 1552
1185 2830
3041 812
1235 2902
2207 3447
3212 3989
1477 2925
229 743
2095 2134
2173 327
148 1295
3965 2421
3799 836
2538 3004
3107 2120
545 3866
3242 4062
4119 1891
1599 3674
3581 284
2714 1319
3742 2948
765 3815
4051 2574
3968 2734
2717 858
703 3287
262 3081
2844 3102
2331 1412
848 147
2298 1788
1002 3336
1199 1578
2427 227
4289 3502
3254 4118
2111 1578
1148 3041
621 1825
3056 816
4193 2329
1449 2478
2739 3542
252 876
1541 2589
1601 1573
613 1394
1203 940
2061 894
3356 4259
584 1480
3468 3132
43 4187
3433 1979
3287 1389
3115 594
3178 2967
1946 2638
749 702
568 2349
2284 4118
3587 2773
4262 2166
585 3129
413 959
4086 1571
4154 1578
3403 1303
1185 65
3072 774
3803 3278
4161 2495
638 1433
1274 1259
3523 3567
1749 2235
944 1271
797 905
3092 1857
3259 1691
826 1538
2702 1023
490 3644
621 685
2571 2370
1033 2566
2760 280
1065 3431
3650 3129
2250 3162
3282 3642
828 1253
3625 2705
879 3398
4068 430
2275 2550
2442 162
2722 3183
3717 505
3940 3360
1692 2202
1361 2643
3288 1991
3345 2287
871 3810
3469 2787
2482 524
504 848
2707 432
1729 1179
61 2775
2543 3135
1628 3364
3168 1722
606 503
205 1926
1161 1956
3191 1848
819 522
3831 2737
1923 2782
3987 4070
1170 135
3423 3290
406 2358
4252 258
3904 979
44 1972
516 3506
904 1193
2902 1577
1380 4010
4076 832
2579 654
510 1539
460 2347
2512 2089
1792 3730
1102 3556
3051 725
1958 3609
3583 1556
548 3565
2434 171
94 2127
1792 4024
3516 2038
4256 1604
2718 2903
22 3697
4097 3609
411 1388
3064 2599
1505 3544
2663 1266
2725 1483
2583 3213
2690 3888
1402 443
736 2311
2662 4025
242 1806
629 1639
3803 2912
55 1393
4035 716
403 3251
2522 3048
2957 669
2157 4199
3981 983
3712 2342
3341 865
1069 1587
2209 3127
3900 4148
1360 1964
2002 1968
1236 545
4231 2035
2143 2716
4282 2664
3453 3390
2611 1599
197 1471
2720 513
2259 2374
23 1417
973 2957
3181 2693
998 151
3868 1230
2304 1816
2442 3849
2422 1538
2085 3459
3910 1826
1815 2536
2270 1947
1831 2317
1862 1983
4063 3823
3310 1958
1497 1824
2449 2598
1129 2265
1192 3933
2625 594
287 1278
1160 3998
2746 4171
2260 778
3397 3279
3711 2730
2094 2696
3650 3602
479 103
1229 2996
1537 3385
11 0
3938 779
3773 2880
2584 2654
2410 1850
3391 3066
499 3363
3445 1176
2 2383
738 1393
905 1359
2274 1118
3551 1399
675 3475
422 4198
3332 3693
2761 2631
484 645
494 590
1606 3550
2941 1112
1721 1438
839 4191
3563 3001
1061 1974
1590 2651
2349 2146
182 1153
4247 479
4108 2574
2259 2390
2873 3820
2511 3343
4072 4246
1487 2610
4289 3521
2124 371
3949 1461
2973 2784
1283 3597
46 3835
2662 362
848 3949
3201 49
3891 2510
4209 188
3718 1491
1365 2956
2908 39
2024 2117
3260 941
3049 3051
1264 2838
2479 1324
388 3755
389 14
341 3999
1520 140
2069 1821
3092 2373
384 2652
1077 1862
4213 4106
2715 722
3237 2911
2041 3176
1454 999
519 3339
9 764
1400 2177
2776 907
494 2363
2598 456
1369 1901
2436 2881
3171 2971
3869 4273
3882 3227
256 3519
225 1206
230 1447
3860 1675
3623 1879
4059 1151
2602 2510
2098 1703
2069 1142
1926 3803
400 3924
3998 1832
2653 486
76 14
845 2601
951 2028
1401 1918
1623 2584
1035 3763
2459 626
1645 2346
2856 2977
2765 2377
1038 1495
652 2093
388 1103
2916 334
2845 3189
1953 1068
306 161
3867 2805
776 2772
2138 870
1274 576
752 3171
1380 2486
1728 4088
1667 2559
3080 3238
1141 4061
3720 3263
3989 3652
3710 4098
3796 769
2215 3995
1715 3921
392 2787
305 359
3446 4275
1865 3242
3780 4132
753 2167
1994 212
2823 71
3520 84
3357 3947
1449 2761
488 2624
2342 2900
2277 3335
2183 4122
1147 2063
2768 3477
3458 350
2350 347
525 2941
324 2945
636 528
2729 643
3464 1831
2164 3571
4263 1199
1352 939
3746 2676
3931 237
1758 5150
630 2247
2121 3258
1030 3967
3484 1000
36 3726
891 380
1254 4003
3929 1148
568 3956
2357 2866
219 1272
1101 3180
1508 374
892 1007
111 4125
2214 1482
1046 1283
2312 2791
522 3796
1082 1806
3742 4059
850 2352
823 2352
1222 820
3841 492
3746 708
880 1302
3635 733
1633 1509
3228 2076
2668 2724
592 2237
1415 698
4100 4088
3810 3633
3495 1524
295 2188
1292 3615
252 4002
4244 2163
3260 1795
974 1103
914 2715
2440 2803
146 2494
2004 1266
474 1390
1511 1359
2989 3232
2349 1843
2568 1418
2040 4008
937 1750
591 4166
2213 220
1207 4111
1937 4231
3737 3703
1942 417
1825 1027
3218 1198
3020 2399
2051 1010
2613 3606
3359 182
2855 3696
470 4239
3531 2724
4093 3061
620 4105
195 1596
1986 2384
1117 436
3534 1163
3799 3826
2080 4172
1830 1720
4147 3881
2746 1662
130 676
2494 3916
2046 4285
1027 152
3455 4223
1994 724
2795 3616
2457 221
3205 2332
4048 1455
2239 2805
1316 601
2801 3838
850 105
3791 1934
3504 3261
1913 2004
3982 2361
957 2936
554 1745
2525 1665
4125 3292
2444 3719
1174 2083
2177 3453
2698 3739
1403 23
2907 3777
1963 3186
3521 3676
2158 1976
1887 2927
3814 1551
1038 3146
3650 2114
2546 2406
1399 2211
3549 844
4067 1729
176 3361
369 3698
1170 3257
2301 2314
4036 744
3654 1130
2900 534
2261 1855
1789 1047
634 1756
4131 4170
1827 343
1176 2591
117 924
3176 1961
2300 2135
4215 4237
1453 3732
2129 3465
3675 246
1517 2893
899 3464
55 483
3689 1293
3140 2471
2528 1831
2661 2190
650 2102
3381 1289
4086 28
2024 2346
4219 2425
1597 110
666 925
754 4182
751 3462
3071 1375
1501 600
1709 398
484 3000
1670 4006
877 1076
1803 41
569 3221
3722 4098
3770 1328
3541 3820
1199 255
3687 2664
3147 1431
2718 4048
98 483
1967 292
2288 4080
1611 2003
155 2129
506 2768
3260 2676
3714 276
1533 2690
2965 4255
3958 1831
2989 1106
130 2340
1258 2159
3453 373
2393 1164
388 2869
1192 807
3901 714
2437 3172
2006 944
1725 409
3289 3269
3658 74
1874 2958
1812 148
2717 2941
197 125
1462 3050
101 3459
131 2548
575 3862
2821 2740
1826 3188
4039 3242
3366 2970
3573 3221
293 3165
2269 1058
226 2628
1472 2165
1462 2858
2611 2206
2596 592
3309 2527
3552 3288
1489 1791
1383 3437
1173 3424
2201 2935
3631 4058
4099 763
4152 2107
2663 2368
1043 24
3283 513
535 1546
3220 271
41 419
3752 4080
369 1451
323 2482
1116 4222
3041 1026
1584 3784
2597 1304
1072 4016
3791 2243
2922 1788
3016 2338
4120 4257
1725 3158
3467 482
3904 2377
1731 643
3782 217
2007 852
4230 4253
3088 3381
2275 4108
390 3345
930 3914
2795 1803
1787 3205
3617 2546
2283 3791
4247 2424
3035 2711
260 3266
2307 2686
3803 2878
126 658
2319 172
209 2705
1431 2609
291 3976
1999 2351
4241 247
1139 3152
1718 2627
1661 2836
2011 804
3397 774
1163 3801
3207 1418
3675 1415
2700 311
1303 181
2869 1657
322 3195
3069 3518
2985 122
190 3749
3390 3112
1677 3831
41 1670
587 3807
3254 352
89 109
3418 1872
3376 2824
2169 4055
914 3542
1817 1389
3913 3753
1996 2444
3805 939
1112 557
3438 70
1955 4023
4184 818
1471 2184
3046 2172
2572 3694
1675 2274
301 1159
3515 253
2674 550
2695 1558
2316 2019
2144 3285
2735 3821
3546 2387
3124 3178
3910 520
4051 803
1260 2149
343 3722
2255 2256
2342 1791
847 2278
3428 3203
2986 1517
3524 1020
2759 3368
2391 1178
2160 577
1848 2154
2490 1914
2298 3946
1507 495
236 2737
2946 3403
470 261
3770 2561
730 2850
893 2428
2962 965
759 468
4070 2858
1239 3636
506 1876
2347 741
2125 552
1507 2891
1829 1641
553 2251
523 59
3924 4078
976 1307
3015 2221
3629 2103
1050 1974
440 3663
2914 2347
219 955
3918 3298
3439 795
934 561
3739 806
3989 3483
2566 4080
1924 2185
744 1480
2052 3767
1112 2661
2777 2011
1455 3331
2089 53
2365 462
3097 1736
137 984
764 1337
3471 3185
2709 2126
2042 2189
3878 886
2637 1985
2219 175
3047 1094
3306 3597
1682 914
1734 3403
3813 349
1982 604
278 1550
530 3529
4187 1348
3546 1754
4256 2676
1644 3570
3283 3548
376 3159
2057 2580
2435 1447
1944 469
1160 3458
499 644
548 3969
2801 2498
3242 2137
3558 4231
3934 917
780 1391
1582 3900
2462 701
334 1075
412 2599
678 4007
1182 3335
3032 3456
3919 1501
3524 195
835 3358
3096 2870
1164 217
2587 3265
3734 2053
3349 3128
2978 1442
3274 2696
2549 2036
3560 2292
1170 2819
269 2958
3289 437
