1671 1337
242 1894
1612 2095
625 1282
32 1698
1998 1773
1545 1519
1710 397
1053 1916
368 1427
1690 1490
1837 1990
407 797
1996 844
926 1658
2093 1266
1918 396
1138 519
2264 575
1880 964
445 1586
1548 1743
1522 408
1410 562
17 590
1646 68
538 364
1346 523
1014 1879
1652 1389
1072 594
1788 1076
2268 2240
1888 1128
2140 1270
276 1121
387 2178
1316 1227
1381 1433
1217 807
510 879
1723 1467
1952 1337
674 2237
1324 2119
249 448
85 1756
392 748
2266 171
2006 1890
2241 1392
2009 2113
1833 108
1678 271
578 874
2250 860
1886 442
1216 1944
1944 1808
866 2272
1416 815
1562 2119
1153 616
336 239
1803 3
1689 1504
1730 1316
1928 1344
1404 327
2151 1862
1343 1042
802 2212
1935 1468
75 1879
170 1095
1293 1052
2075 970
858 1090
245 1321
1465 1815
937 2123
2222 2102
1379 1939
1317 2218
1728 279
1285 505
486 1929
1545 10
1211 1958
1058 999
615 1644
1248 1749
432 1591
103 1792
1824 1546
321 1206
575 195
2025 44
225 235
1994 341
2188 1001
898 390
833 706
362 1814
1985 1947
30 558
1039 530
1430 278
1473 748
1168 1646
829 2028
1269 1771
1043 238
1560 238
1505 570
2262 1231
10 519
1713 1152
2020 2010
1954 873
2292 2155
441 344
225 2232
1673 1329
2173 989
249 176
512 1459
1859 600
1111 1905
1911 100
928 2244
217 1421
1793 112
2168 1735
1515 1532
1383 1625
1494 1283
654 1031
946 1393
668 2079
2113 2158
2165 1301
1748 853
291 796
1052 1461
1691 438
914 2242
1578 664
814 1622
938 1447
717 1184
1223 2243
810 2069
398 1097
1861 566
2229 1516
1564 1570
661 1909
765 81
1649 549
1208 2199
1688 933
1038 1198
2278 756
1768 1387
1268 1896
1915 1759
1343 1334
1216 1639
124 674
304 1107
1002 1836
333 1083
431 2104
325 77
620 1037
597 81
1041 1620
2245 636
666 1413
1587 693
2200 2294
1805 1529
1235 44
177 1643
112 32
336 2011
780 1451
558 1576
2290 1895
2138 553
1602 1313
2018 1125
714 563
835 1323
1212 1282
207 617
798 574
2258 241
1479 119
655 51
799 1397
156 1414
715 2252
607 1329
119 1757
1997 114
2033 228
963 2014
1067 1674
915 2156
1953 1757
68 1920
709 1383
575 256
23 264
1276 1878
1209 588
473 2021
523 1392
2130 1266
768 550
2281 1724
1815 1436
2200 1595
1466 1570
1386 1910
1817 16
14 2064
2181 1634
192 1309
2179 939
1331 2167
1104 2033
1247 600
608 2239
864 1075
1193 199
163 542
1254 599
898 1110
2204 374
1851 2062
1740 1631
266 579
1614 2257
1800 1297
2239 1740
1788 664
783 1273
1181 1714
1722 2237
1686 360
233 163
359 236
1703 1566
623 406
2163 98
1855 316
2278 1704
1007 1220
633 990
1320 476
1022 574
1427 1284
1499 1279
640 12
329 921
1779 1313
892 654
616 1092
966 2005
93 1874
882 227
770 2278
390 997
1133 2094
2158 1969
1536 573
1678 2054
156 1878
1434 207
1856 1405
728 85
287 1567
982 172
1751 1275
1451 1759
1283 0
498 1844
1600 527
338 1912
868 1063
20 2216
219 1076
209 476
539 1000
1491 93
2184 253
865 2219
130 1776
109 342
280 2103
738 1298
2193 895
1922 1333
316 1253
1140 1014
404 1846
403 1185
726 1078
329 596
2045 2249
2231 1494
2125 702
1206 375
628 1477
1182 1911
534 576
1007 148
331 2219
2130 2286
7 1540
1698 2150
233 1690
420 1575
793 1450
1016 782
1065 1585
581 1989
1007 845
1501 487
1009 1258
483 955
2278 297
1862 1526
1745 788
1527 956
108 1745
874 1199
267 717
1202 1274
2287 1274
719 873
218 1268
362 1991
1977 1673
1616 1385
842 2083
1831 762
1567 1911
1566 2295
820 1894
132 218
856 240
657 880
1115 1558
1985 1683
213 1495
542 1142
1411 1306
497 1594
60 2031
1488 775
902 1269
2007 189
1147 298
1201 1673
1830 1648
298 968
1419 920
1055 758
1772 185
1110 185
427 347
289 1
1073 1235
1318 600
684 362
1017 1231
1356 2102
2262 1315
1496 312
397 1502
1405 1260
280 1527
893 314
1688 725
1574 677
621 520
1752 2234
200 1210
113 963
254 1664
2140 1516
123 1929
1634 1323
1332 2185
1414 384
864 47
1048 2285
1506 1145
1785 861
572 384
1917 1924
2268 1849
961 1687
1319 1040
1004 1694
1988 127
1297 2277
2030 851
1816 1553
474 1213
2258 376
1488 1140
215 1683
2297 561
656 1101
115 1541
2253 1629
1661 723
593 1691
2033 1236
2028 1904
533 827
1095 1494
1342 1379
716 526
912 749
156 40
1622 941
662 1030
1929 1976
2213 2176
1249 1914
1435 832
1096 2042
2254 1813
272 218
351 2205
2052 434
409 339
1163 726
1468 216
952 2064
1328 181
154 769
1330 95
740 1492
1433 431
298 1160
1481 45
544 466
445 78
287 294
660 1125
1857 2216
1480 1023
1280 28
1114 2029
2277 871
1993 327
852 437
165 1804
1853 683
1564 2193
921 883
1061 108
301 516
1965 321
845 480
1091 756
249 1779
2007 582
1791 741
1504 1783
184 1281
780 2001
356 109
2121 794
117 500
2257 851
1536 386
1842 1097
192 2134
564 303
1543 2295
97 2266
1839 193
2048 1373
2034 1152
1629 1900
1807 854
1412 1407
1234 1649
249 501
278 2220
1297 1348
1213 879
1596 1156
1552 1479
2203 1795
1242 1436
116 903
1408 893
1425 2248
1367 482
1277 1242
2197 1114
259 2102
589 1220
1213 1209
1079 5
1492 1786
189 2260
2279 941
66 672
1562 1230
820 1231
1046 887
295 1504
710 1914
700 1067
2232 55
2179 2170
102 194
2023 2004
1097 1274
2001 1062
209 293
2289 410
1779 1480
1349 2299
12 2127
1998 1452
297 163
2032 396
1260 447
226 1567
1923 957
960 1905
1484 2082
719 2063
245 577
1583 1335
105 346
1703 1576
765 2189
2085 1291
541 915
1080 2278
1055 29
856 927
2115 901
209 810
1376 591
413 563
151 855
816 102
526 1512
1546 1365
464 864
1856 588
2204 2165
1079 920
1491 1502
1174 306
1431 1126
254 1297
1607 1769
65 1467
437 512
1533 508
984 1592
1899 1796
1350 320
1909 791
921 604
348 680
1415 382
694 1083
1080 1331
7 2008
2070 1371
807 2000
1483 790
1294 1367
1957 998
2048 2177
642 1778
296 583
2099 130
1712 2149
1509 1318
598 2213
852 2257
1019 1683
1605 538
1357 1904
890 1726
250 82
300 897
1676 1718
1680 936
1451 1713
1270 1756
1484 2061
804 1660
1380 1263
624 2085
1072 1515
434 1330
1105 256
641 1384
1143 1114
629 1572
1736 1050
757 1237
146 544
438 1930
1205 236
484 855
837 2155
2001 327
40 2174
421 1273
949 1993
1774 1810
100 362
1689 1153
488 873
1485 2178
867 244
1115 316
498 1320
1184 1407
1003 1191
1308 554
860 153
2175 768
2173 849
1133 1512
920 877
1218 67
197 934
2037 2072
1473 950
1700 354
582 393
1410 2146
458 119
2248 121
252 2245
693 1470
504 786
76 1157
2134 601
1760 1319
1643 505
1920 1682
3 1723
725 634
2179 749
1245 1718
1058 796
1897 960
884 1361
1524 559
676 694
555 1731
1051 788
1790 996
151 2132
2037 1180
2108 902
1707 256
1375 349
1664 710
112 982
1944 348
718 89
2229 1893
1454 574
883 1545
80 194
1728 2112
1500 1357
71 1955
2045 1436
1777 1679
1324 2119
2278 1627
288 1829
914 612
261 1129
654 322
899 929
1078 1454
1165 754
1405 1563
827 2274
118 1993
466 1094
1921 1168
407 368
1288 1471
1163 342
716 1325
2010 126
925 1578
702 353
1281 2074
1979 67
2144 1195
961 1384
166 105
946 689
1409 487
1587 1630
1851 2290
1678 2073
2053 801
2070 857
794 1108
1006 568
2151 1374
839 1107
2251 470
1529 387
1086 1279
1446 1873
958 647
144 1959
511 154
125 699
622 1068
1821 953
1861 448
1183 417
177 1350
507 951
816 1968
412 555
1827 209
1654 1897
272 1562
364 1825
1734 809
929 181
1882 449
1545 983
1872 312
1192 1318
1227 1353
670 586
770 1753
2274 1544
2102 609
1809 1836
2004 1734
1805 1862
1028 1289
1455 1732
2096 171
1982 1946
474 196
1836 559
735 1269
1064 280
1577 1652
737 335
1183 1963
1522 130
959 492
329 1776
437 1131
1703 901
500 988
347 377
2226 997
2195 2114
1449 1096
188 1687
2117 1674
1488 1893
1308 2267
931 1890
2114 1310
999 1369
1355 2078
682 2245
1623 475
771 490
1189 1002
1204 933
1491 1903
1170 1153
1089 1197
1494 1510
1604 41
1909 1527
1631 1769
515 2057
2250 1608
918 1730
1508 978
730 540
2067 1222
1169 901
186 388
229 1021
579 533
1265 736
718 974
1186 326
2195 1817
1082 1541
884 1028
2223 1605
775 1716
82 1288
192 13
887 1629
1210 1151
514 671
1328 593
1960 70
358 680
1808 1338
342 1016
43 173
1418 50
1383 2187
0 104
2249 1838
1050 1073
1988 959
1171 1291
795 1531
1639 236
1921 1695
159 1550
575 2155
1761 614
778 1167
55 546
955 1008
750 1160
1513 1410
2250 334
1371 1207
453 2033
311 443
535 295
763 524
505 1988
2042 145
2254 54
239 762
950 2160
2003 1623
1221 1033
1537 483
1237 306
1611 693
2040 1922
1127 877
1642 1579
52 1445
529 345
1791 1862
2227 71
438 434
1414 402
1512 2273
2275 2030
1628 91
2210 1168
708 41
537 1350
1102 284
1503 2011
818 1320
2016 443
1842 568
1512 22
487 1693
1954 1721
741 929
806 1621
902 2017
471 1601
992 638
667 284
78 2071
204 723
1853 1716
1962 1794
2104 1428
1319 1733
549 628
2190 766
783 1219
903 1414
1933 26
880 1096
1365 609
174 1251
31 1653
1591 41
25 429
208 649
125 1876
695 958
2133 1137
1179 1996
1978 1585
2032 580
695 1571
479 2182
1733 521
790 1407
269 256
940 1841
794 1726
784 1606
258 1315
1520 1396
912 1008
1815 315
2029 326
1884 1430
252 1816
2182 1869
678 560
1044 49
406 1087
1684 1093
394 873
1101 1860
1265 1659
267 1303
917 525
1261 1248
649 552
385 2219
2124 644
2206 602
359 24
515 2024
2078 15
780 2263
914 311
2144 1846
892 93
2290 1902
1674 855
1768 349
127 1698
57 685
1497 1185
1534 1023
1389 1627
10 2200
596 861
324 1498
818 1576
1754 160
93 1765
147 1071
50 896
205 1669
2299 359
1870 1163
1829 2247
50 216
1887 1146
334 1366
498 1723
507 740
326 1540
1836 1526
889 1382
1422 340
1529 1614
144 1264
946 1386
496 351
1460 602
2242 1207
746 1880
2166 971
308 347
2252 401
665 48
1441 1082
822 88
1909 81
1992 2071
1793 1471
353 1229
881 36
1102 2174
574 378
1104 1924
2067 1918
2129 361
355 1059
2098 44
433 1799
1204 1797
2216 70
735 1357
800 82
2103 1909
665 1806
1942 1954
1551 435
820 385
555 1016
631 785
762 1898
434 1694
976 1116
1828 2174
1109 2110
737 1587
1328 1580
1410 2028
240 790
2259 1901
1980 231
2230 2145
198 1910
162 1391
176 59
2118 1302
1491 1055
1332 518
833 34
2127 1096
115 86
477 2258
713 933
1494 2211
351 137
1358 1458
1020 167
481 1123
1237 1585
1741 1924
1243 1734
2264 330
326 564
1857 622
2207 1334
426 1427
52 716
520 1550
308 875
411 1240
886 1670
941 1470
743 366
1722 15
1637 2067
1573 387
6 496
218 1869
1238 2154
671 2258
644 1490
1226 1461
960 607
698 1494
379 871
994 1923
1712 1413
1231 1319
464 253
985 1633
205 1773
46 1082
1155 487
1643 1271
2152 384
584 482
1606 283
30 976
418 1808
103 1779
1364 2057
2110 426
2150 1483
1502 2250
696 1954
115 1518
1050 2034
2280 1463
1708 490
223 1657
1371 799
1034 2237
80 198
162 1043
2127 1715
115 781
1490 2065
240 1319
2132 608
1957 939
2217 986
2175 1209
2296 663
1211 1843
656 24
1679 1846
368 50
562 2028
942 169
1647 2067
2103 1947
1502 412
177 60
571 1157
498 1007
735 1105
2113 2086
181 10
1507 463
2234 2065
2155 523
1290 2038
1843 970
1020 1439
184 1065
824 1322
701 1141
1475 1092
1597 180
243 1169
1355 4
1638 946
926 1672
1326 1813
630 1239
355 707
982 1678
653 70
7 1702
1848 1558
450 1699
470 23
1922 1448
920 1784
1011 1610
885 1626
495 496
1064 832
738 526
185 1467
1298 707
533 971
1479 2001
283 817
177 1579
302 684
1633 1309
556 2003
1082 396
75 409
502 463
1124 1332
576 1943
1579 900
828 442
559 1911
1090 2097
715 1102
2016 1600
1356 1055
2133 2024
2250 1939
11 409
370 699
308 862
1238 763
589 553
385 1139
2072 820
2193 702
1732 1202
2003 1193
463 2212
206 1548
2288 679
449 2196
1163 78
603 977
2286 1125
729 76
1761 750
1823 166
150 977
399 27
1392 1300
619 245
1699 1360
1742 1322
1833 1086
546 2025
1431 914
705 1565
50 1465
139 635
173 1307
1376 645
1541 1443
1543 1429
2112 264
66 9
2079 1942
37 138
1143 870
2010 136
1779 575
1632 1604
973 1573
761 49
1358 2228
484 616
704 1142
652 1751
543 1154
998 881
1696 1376
779 1956
190 1743
1747 233
1146 1603
654 2057
706 772
1186 2234
2018 276
756 1700
1853 751
464 970
795 969
992 41
1420 1390
384 978
1396 1095
1081 1713
769 1326
2265 1582
1995 1554
2127 1477
362 1901
1045 39
691 731
1274 399
1321 1419
1545 1039
562 1822
1380 2027
539 1084
849 416
2005 1999
1205 1894
667 224
2066 509
2081 1681
916 2106
1930 1013
1280 163
1470 594
1900 133
1178 484
444 2220
6 1952
1553 1685
1334 1540
1241 879
924 1930
1738 1901
41 1852
1232 1185
983 1279
670 1874
1771 941
1725 1313
601 2209
189 322
130 2085
1141 1397
2046 882
838 599
966 1661
784 94
1008 2039
669 1978
891 2023
1870 2048
1446 2055
1679 1885
1337 1888
411 1034
1779 1368
1954 1618
111 1431
2252 1910
370 2214
1920 2150
1082 2039
1549 1258
1213 341
660 2099
1148 1449
203 716
123 2067
2182 769
1791 1927
1637 1362
1520 859
1278 802
481 233
657 422
2090 879
358 729
1464 303
1026 2135
1323 1294
1958 986
593 1657
1932 2065
995 1626
1072 1604
2286 1297
917 905
692 2034
1674 1553
1914 1392
1632 718
514 1813
1052 1057
37 1368
45 525
2078 421
2168 978
1854 2219
318 2157
189 1568
764 2113
1414 1935
441 2159
1044 198
1584 2159
756 383
2197 1490
1250 1792
619 1448
24 819
1343 1943
327 869
468 751
822 1896
1123 1594
1052 817
1275 396
1066 1676
1230 1503
1346 733
1775 2060
2167 1771
811 410
870 899
2290 996
647 1128
1461 1879
1133 1668
610 1582
22 1556
2136 1053
622 1481
1564 1490
2095 2089
505 2190
1268 2252
1116 1429
1320 739
2236 845
1219 2140
2182 2117
1679 806
677 1015
463 561
1321 6
1337 1810
1613 1406
227 2207
35 1402
545 265
1876 1988
1777 2123
266 525
719 1516
438 360
2240 1974
794 1725
751 1742
1296 220
1327 1992
2269 1979
2045 1302
326 1185
501 1837
593 2076
3 1801
2184 1393
1577 363
174 1361
1432 1477
830 1900
1013 145
535 2154
2201 2091
894 509
488 569
2287 1878
1548 894
407 2065
1286 1030
2217 1728
1846 1440
85 1081
1700 1926
2250 455
1398 767
1029 514
1046 1877
999 319
1722 2218
1195 124
1927 824
926 1862
2218 79
1931 2223
784 266
1192 83
958 2255
930 1527
158 606
465 929
510 2114
2205 1781
175 1118
2101 2012
569 666
1586 127
2198 364
1546 607
1292 1803
1292 279
2297 226
49 856
814 2222
2269 1336
2240 621
536 1886
1392 1465
519 443
1077 1760
938 1698
1207 23
1633 1075
167 1299
780 721
334 1822
788 1697
1032 108
1368 1343
1111 1664
277 1408
361 364
562 359
67 1412
727 1658
1634 2096
1977 1696
56 1963
1955 452
2296 1224
228 969
1084 847
485 1077
829 117
1590 1669
229 2073
1057 1842
2224 504
452 1371
2032 780
937 1216
2268 2200
1315 346
843 1528
375 625
859 2035
589 1526
1329 191
625 814
1300 1029
1490 281
1191 890
1223 2116
671 2231
1189 802
1006 1617
521 2057
1926 2153
1150 1893
153 498
434 1863
211 729
2247 160
1874 346
1897 2033
1814 1148
1157 1547
1242 731
549 2140
249 1415
489 2064
46 694
1586 479
516 847
701 1711
2118 550
1493 1342
1132 1448
1770 1567
514 875
2190 1202
1122 82
1842 1915
1677 1363
208 1211
2163 1351
53 390
720 52
818 16
130 1266
569 35
1830 2083
1342 2246
375 1765
1567 552
1122 210
1178 617
227 228
1709 1314
1757 1335
1072 729
2047 1770
200 2179
1072 1658
495 2121
2188 2163
1297 1858
516 70
1430 1651
194 1652
1122 114
1786 1432
230 713
971 96
2203 15
910 1534
2053 9
1787 602
1111 2099
677 217
2003 1782
1075 2052
2030 397
152 742
541 2176
2067 2197
13 1009
1142 1460
85 400
2129 2235
1411 502
456 1981
2259 665
2278 1618
1896 702
1935 1492
116 871
509 54
2183 681
1652 212
1607 907
1261 196
1579 1186
2037 815
753 380
1090 245
422 776
90 1923
226 527
1103 1457
2070 957
128 463
1179 1331
1040 906
2280 1782
2258 1940
860 1418
876 553
1269 2048
528 337
2265 625
1656 1747
739 683
593 1777
586 544
1916 85
2091 1523
586 1368
0 67
2195 1570
1370 1246
138 73
367 649
2296 701
2273 79
1642 537
820 449
808 1131
1819 1990
1420 882
1051 2271
1449 1853
1783 2196
1434 2169
1139 595
786 1207
772 1799
289 584
22 1970
61 1170
1642 343
240 1051
1892 1138
1899 1871
1557 1554
1044 2023
1220 1774
1316 969
1110 321
1999 2246
1680 507
522 962
1179 2068
159 1180
2196 1371
1452 2253
917 1617
1194 229
1043 2118
2204 965
641 1909
1769 1583
1639 1327
2179 613
1121 1989
2290 84
2223 2207
689 93
2146 813
1760 1525
252 589
1139 1247
2109 1220
1507 1912
575 135
867 1391
263 1342
143 731
1138 2287
940 1408
2064 1476
739 570
1968 634
677 1970
1249 231
1395 157
2139 1432
1644 886
1831 400
1308 1466
390 2281
2096 1931
1985 985
1101 1702
994 910
473 1792
1206 2210
1873 137
535 1697
2232 1231
1409 1665
1009 1933
1626 1928
1678 2072
1146 2014
2277 1799
2277 1818
1292 427
636 610
287 1989
1988 227
1877 2040
1039 128
237 181
955 1056
1600 1246
405 395
574 1935
2159 104
1569 1935
355 1785
445 1262
2212 1152
1781 293
1182 910
699 1228
54 1876
652 936
1284 609
1251 353
1198 2227
684 1630
2290 1681
1381 523
995 766
697 445
496 1049
1201 320
283 1564
2009 1611
502 1652
1959 266
141 1695
2207 1556
1276 957
775 1341
538 957
1921 1670
1595 1580
431 1813
774 1516
1295 2296
896 1702
1385 524
82 2234
2150 280
2137 1329
332 720
1717 565
2052 492
151 1201
2200 2178
44 1095
353 2272
1596 1371
520 203
1476 1623
49 990
1980 1933
756 115
1664 514
242 1911
1266 1611
145 1629
1234 613
901 580
1762 84
1642 724
952 545
2065 143
2218 1610
2027 336
1229 970
605 2161
326 1365
1915 1453
1987 1307
1497 18
494 552
1307 2253
1723 169
620 1293
1556 1050
1535 2086
383 103
2234 1202
1292 1926
813 1634
888 1223
386 1891
86 942
814 2181
1658 754
369 744
1644 1699
2050 133
2230 435
1643 1453
1118 851
1248 709
315 1245
375 1131
1599 1013
137 177
2227 1212
224 1698
147 65
1344 791
496 239
919 1445
956 1705
1889 941
345 2104
1665 193
731 896
412 564
1424 1690
1760 1701
382 470
964 2286
1476 582
667 1784
2009 553
1066 2092
2050 890
1116 568
1767 749
681 1772
1398 2192
1719 1425
2059 168
689 1844
980 1207
1685 1540
1137 1850
1690 1605
1461 420
2031 1912
561 446
1208 595
2177 1586
1043 215
616 851
2102 103
1447 1315
323 1237
2187 1563
1976 652
826 1912
854 2176
513 1595
1875 1345
612 844
601 774
1810 1852
2193 1465
447 1905
1599 1165
699 1699
83 1681
254 2184
1911 629
931 1365
805 21
314 337
264 1920
1297 1128
2134 1814
574 560
1051 1945
1764 1536
710 398
1933 29
950 1034
2101 1321
1213 327
1997 1856
1437 1762
1417 751
1439 406
35 613
1706 826
2230 1145
1920 1029
1799 2193
1631 387
1932 1277
1155 205
1131 395
60 1978
1166 2226
1904 369
93 1087
1007 1942
475 896
1311 64
1023 170
1571 1433
1207 506
1804 1546
775 1187
1412 175
1997 1291
1603 523
105 6
2035 1949
1541 1222
1255 1393
1806 2181
2096 830
353 785
1505 402
1804 1926
65 1601
557 408
2011 816
2258 118
1854 1277
1588 478
471 1883
2191 1368
913 1543
986 411
1351 338
424 1677
476 979
190 640
976 2225
55 2229
1879 18
2047 998
1905 832
864 1129
541 1925
704 1751
898 1506
428 1467
1244 1496
425 427
799 374
1618 1753
1492 31
210 2015
969 837
1772 1869
2182 1940
933 385
913 705
1985 1241
1570 251
698 2169
662 2011
2014 796
114 1116
1779 181
1593 1653
1578 1215
646 384
1838 1073
335 1349
1199 385
796 1931
2280 1135
1264 1832
1617 2118
759 1999
561 708
581 1991
1211 387
618 1823
1296 605
1135 884
67 4118
376 1865
1603 124
845 1652
316 1767
211 303
1162 1514
1448 2283
368 534
1541 5
1553 1539
1801 1497
287 1840
981 1687
256 1921
1683 808
43 1013
253 1212
1380 1441
1394 1911
723 1157
1657 1078
1101 1479
18 1549
1894 1658
1561 1863
643 941
878 1014
442 1160
2266 2292
1412 2180
1093 995
1662 117
1617 765
292 1481
632 776
321 2224
571 590
2193 918
1149 133
1538 1835
855 382
18 1315
1661 1303
1370 1319
495 683
484 688
682 2226
2087 1180
1742 779
1267 362
1426 299
732 1939
1402 222
277 351
2022 1728
566 745
295 775
2263 1913
1691 700
1796 2284
138 753
1921 285
512 1178
279 334
1678 948
1618 2001
2268 1167
674 1730
126 663
1705 1352
716 2003
1347 765
1745 2124
1132 1282
923 2202
284 1546
1328 434
1981 1050
1576 1827
290 1007
1467 1676
1900 2137
1756 706
1652 218
2235 1444
1333 2263
1808 648
1432 125
2213 48
1707 379
1158 150
1505 2027
829 2001
791 8
1376 182
1187 364
2052 907
909 1536
91 2014
1234 1233
930 1626
2202 1276
1282 48
571 1871
1655 745
908 1995
380 451
1288 2126
1826 2278
1415 2170
456 356
1788 1320
2244 414
2221 2207
1664 32
244 1857
721 2052
2163 269
1641 319
426 402
487 1387
1081 939
640 1132
81 16
433 1806
1085 258
1211 4
583 283
1345 1805
361 1993
524 105
117 1265
1705 1314
1496 16
489 1988
1322 1358
178 618
324 2267
2170 657
2292 779
479 1664
2218 133
1838 649
1153 273
1606 1806
192 1012
1566 1699
1690 41
1967 261
1257 769
1823 1573
1359 887
2086 1547
1216 634
1447 233
1665 600
1461 4
353 386
1536 907
149 1210
1303 1252
374 1749
2259 435
711 1169
1069 408
1987 2042
131 1889
40 1213
184 366
1674 181
2299 546
367 348
1161 1807
2131 1987
1442 1081
1465 802
863 0
2216 627
1750 1929
2204 1633
785 2088
441 117
2056 1387
1583 1884
873 2086
1133 796
2045 1166
315 1002
1545 1136
78 1605
1448 1485
687 2234
1636 1944
1649 1283
997 1169
873 478
793 1760
1267 86
562 209
322 577
1783 1275
1401 467
150 630
609 682
1123 1848
1952 927
1021 1881
1124 252
561 176
753 733
1032 1842
717 754
1675 2200
34 510
1587 1945
766 263
1423 161
1482 1597
1285 175
1313 1120
1633 1082
2233 1154
317 967
1828 1070
162 1278
496 124
808 1714
2081 867
2285 1421
581 749
2064 1560
294 2150
1650 205
672 1478
1022 915
990 1273
401 1739
1663 950
2209 1305
230 1603
2211 1061
2183 545
1965 2120
1489 1092
2053 1490
372 2083
1852 438
1636 778
1754 1675
1280 1116
439 211
978 1499
109 486
2004 2098
536 768
32 2131
416 2246
2009 1860
1690 1911
1757 669
1081 952
2095 1531
932 28
614 439
1605 82
1805 701
581 143
327 856
495 615
1187 1932
2136 272
644 2279
553 491
834 1452
1503 1916
928 158
1555 1298
1731 2070
155 468
517 1357
609 1854
924 2013
2263 515
2282 2066
1417 359
20 1217
1838 1565
695 1245
1306 396
1999 598
1761 1140
1791 143
1958 2228
639 964
1714 2258
221 1933
1400 728
1647 2002
763 814
1762 871
794 473
96 852
1696 219
632 1791
