434 662
1163 957
968 2864
900 545
2142 2839
1725 1783
909 1883
1894 1308
1462 2195
2460 564
594 1737
1802 2474
2535 644
684 1092
1558 2930
687 481
1489 1970
245 1746
3115 316
564 2003
328 622
1086 2085
115 2867
2139 329
2766 210
1234 2778
2340 3025
2311 2696
1243 2307
3134 2221
901 181
2430 781
2325 1265
2448 1071
1454 1901
295 594
919 659
3097 1038
1739 2990
1355 1033
1966 302
2220 594
857 2072
856 3037
1430 1293
1372 1051
2023 2548
1177 1334
2113 1223
2753 1638
2262 2423
1407 2803
528 2045
691 71
1561 2430
2651 1839
1559 2458
2957 2478
1269 338
672 2814
1757 787
1643 1316
962 3171
2853 430
1177 2599
1899 2572
423 270
993 521
629 414
496 1764
3169 1625
2221 2831
3151 1163
1753 1923
764 435
517 318
1779 524
2638 90
2072 823
1734 2891
1505 774
883 309
1957 615
881 3048
1548 3051
178 2809
2471 3186
2150 2302
793 245
630 2789
1906 752
1321 3057
284 362
1770 595
878 1698
33 737
2014 2264
573 2933
339 2485
979 1765
537 983
1632 2586
238 1533
426 207
3129 2124
837 616
730 2876
562 2028
540 1826
1826 1697
2503 1882
216 2755
2643 2960
556 736
2359 2475
2347 1747
1758 2648
2012 475
571 2606
1822 727
1395 643
941 1824
2361 1227
2627 899
1848 1319
475 729
1449 18
144 2501
2948 2339
1188 2186
3027 1279
1181 135
1057 1631
1930 1615
402 186
2660 1001
268 1423
2831 1569
787 1233
1536 265
2611 2798
2168 2063
1686 2942
1774 1724
1077 2565
1674 2311
1579 1253
462 2004
1189 611
1103 2956
1398 2003
2977 2009
3015 483
1874 2046
1772 770
1804 2258
3153 1131
1246 2135
275 1362
1300 1659
2603 1577
322 1898
69 3087
2912 2958
1839 854
1423 164
1773 47
2042 124
1513 116
600 1357
1351 1042
2573 2098
2263 1297
1520 581
2980 66
424 1239
2473 900
47 1353
803 1458
1784 2954
386 3117
2477 2605
1785 1921
1297 805
52 3126
901 2849
809 2230
678 2174
3080 2390
2579 237
204 2818
3020 2851
627 1290
310 822
330 515
3131 2587
3170 2907
526 441
3103 2045
524 2089
3054 1181
2238 397
534 416
2683 778
552 299
1322 483
145 2631
2214 2483
974 1582
2234 1735
2110 2229
2635 2838
403 1493
1045 2397
610 1751
781 1243
3035 2076
614 294
1810 646
944 681
2299 2951
1690 1851
1141 2884
216 220
2045 1637
2720 1550
1539 2940
206 1870
3033 3087
1831 3117
456 323
1850 1424
1981 3111
1634 2176
33 1819
2153 2735
1734 1628
199 392
253 1709
1416 2801
2756 1186
331 928
2460 1804
1382 2071
2937 2300
295 1853
1619 246
822 2459
2522 3124
2582 176
70 275
2506 497
2892 542
532 2656
2348 1974
3032 1351
2535 3035
2336 145
527 665
1209 2374
438 3089
2042 1057
1416 931
2724 1872
1013 693
2021 1736
3078 2467
2551 706
2385 195
1637 2005
1800 403
2926 433
2219 897
2562 501
1246 2519
1769 2990
2645 1090
2947 877
747 1405
2218 1540
1106 1695
2867 2780
2789 1149
1556 2038
538 3133
927 3068
1043 2552
2157 1283
467 2955
854 864
3085 635
1948 2596
408 258
2983 2869
3072 1338
3051 1034
2742 1381
3045 3074
2535 2391
709 3170
1258 2048
1830 618
3154 1562
1272 1554
1827 235
1663 742
1954 2743
2676 2939
1349 966
3017 1549
2250 1421
2186 2742
740 1660
2655 2381
143 1636
46 1369
5 514
605 2737
1481 2604
1333 2993
96 22
1378 1563
2591 577
1687 903
2976 514
78 1288
2766 427
2221 1245
2080 344
516 2001
483 2007
1651 1840
3119 1333
809 2918
3195 1889
1351 1333
461 2688
2018 274
2442 1100
679 2845
2539 425
2842 2748
2320 1990
2295 851
559 1260
2745 417
2661 1383
184 2746
813 397
2413 1181
1006 1647
1746 2417
430 2588
1252 1249
2277 1932
2506 2064
1900 2736
528 1723
1300 660
140 2538
1875 1069
1889 3027
794 2501
545 2635
1474 2176
1678 3049
2980 3082
1145 441
2631 607
716 1562
1716 694
1827 1589
2790 3083
1172 410
1886 71
1039 2169
2642 2447
353 1657
2309 2086
1491 3000
562 2816
2031 224
930 1636
1762 1501
1596 2941
2514 2429
2172 598
1119 2846
1965 907
1901 1905
1045 1574
849 1136
2181 1180
936 684
1471 1264
340 193
1665 2165
277 364
562 48
1344 1971
168 1499
1950 194
1044 1926
99 342
395 473
328 2898
2737 1268
712 1903
3076 1527
2165 2705
1218 2461
1396 308
2552 2307
2843 2949
41 1543
2213 1549
535 2764
2704 1544
2865 1241
1940 212
2712 1377
1599 773
848 413
1201 277
3072 1493
242 1721
3045 511
747 1358
2905 2430
2824 2034
1788 2955
2791 1072
2044 1713
2237 2259
135 1906
1990 2907
2506 391
2790 14
1956 2373
3169 933
2924 1435
2484 1319
3163 1848
2190 1364
664 841
1390 439
479 1760
1754 1375
2381 1264
2873 551
1354 1781
2766 2736
2579 1201
1361 2800
866 1296
939 2916
445 301
2255 3041
600 2797
1456 2056
680 3145
610 3160
774 2602
2513 1630
635 365
1304 1287
2478 518
2687 2710
743 1728
3092 1200
1599 546
2020 404
1511 2542
3030 617
785 1603
2469 560
2430 1250
1912 2521
165 2317
160 497
765 1675
2797 2680
1255 2889
1453 2513
2491 26
2242 2898
2670 927
735 2939
1373 2242
95 3140
440 604
2370 2703
1934 375
68 957
1264 2093
3100 733
3013 303
2894 382
2346 3170
1197 2213
2947 35
2417 1242
2723 939
368 349
788 526
3197 2934
1923 1630
986 2666
2763 2028
90 2057
2972 558
1944 2533
1608 2748
2638 669
1962 2293
1619 2263
307 2494
819 2764
2706 3050
3052 1532
2559 2486
2243 1667
1957 3179
1089 1668
298 2982
2510 2753
732 2612
1128 973
889 2455
1536 728
3099 1062
2545 554
2494 208
2462 1579
2543 897
1190 1438
2835 2589
2119 1390
338 809
1612 2977
2718 1289
2996 3049
1508 3172
865 2777
1101 547
1529 565
1713 281
221 3170
665 3133
452 1660
1007 1682
371 2310
1476 2599
1179 828
574 1722
1231 517
3100 1528
3104 2181
2024 1376
599 846
824 1733
334 2998
288 242
1131 1731
1079 615
1594 2883
1732 1090
2598 1273
1926 2233
1364 1905
541 2116
2461 2805
2840 1240
2597 2968
796 1997
1308 3055
2861 2017
2577 992
1180 597
2542 1938
13 1333
916 2308
2724 309
2580 3129
1356 1335
902 17
2084 1513
1930 2868
2182 268
2777 2215
2740 1359
2950 512
1569 985
1367 1334
2522 1766
186 2066
1039 9
358 66
2626 783
143 1804
651 516
69 2720
2309 1871
106 1798
2393 504
1998 1718
1381 1419
617 1734
648 788
564 574
2700 329
2468 1799
49 2887
1092 898
210 245
2030 950
1590 133
549 1697
118 665
402 1199
2566 258
922 200
609 291
2072 900
1365 2036
2620 378
1640 1826
1151 2870
102 980
1346 3144
2696 137
3074 1145
451 2333
2746 1433
2986 2795
2134 2804
128 2187
1359 995
1630 956
1895 894
893 2013
1027 2799
2849 1174
416 1890
1955 2580
2419 1816
2329 2801
289 1307
1059 3121
2840 2188
2005 232
1160 1688
444 2938
514 2057
2575 1147
2731 1401
1140 308
1436 2977
747 1991
2266 975
1371 746
2541 758
1335 2639
1311 1503
973 2852
3155 3070
1323 822
1535 2911
2350 945
1863 319
168 2818
567 1719
685 1373
2333 2451
2939 2394
2689 3137
2819 698
322 1509
408 328
2639 2058
1203 347
1918 1138
2528 1784
2060 2446
841 1812
50 777
861 758
1376 1150
2845 2491
2585 2891
1667 2804
618 1533
527 2282
1160 2666
1647 897
2565 1630
1226 2234
431 1133
3113 978
133 2792
898 1288
727 3178
1507 2172
249 1042
824 1715
35 1995
569 2871
360 3014
754 603
3025 2697
2032 2460
1942 2977
2821 1059
1272 1139
2745 1896
1086 1073
1613 1648
1481 872
2028 2102
1878 1845
2673 2344
1488 2968
207 200
208 2016
1313 883
562 1350
2511 1343
2261 1430
1113 1277
878 136
1347 2782
905 1965
1694 1585
2974 1029
46 1482
1740 2605
2237 2687
3125 2101
1659 2124
1525 2448
1936 1814
3007 1573
1216 2316
1558 1026
826 554
1702 2864
3069 87
317 673
232 2095
1385 2374
1116 2523
814 445
1167 1819
1764 936
880 485
1323 537
818 3111
780 2217
2296 297
814 680
1307 1166
2482 2542
27 2937
427 1616
2591 2381
573 1966
2730 2188
2769 938
861 1761
3058 1139
1763 1849
199 1599
3196 651
1197 1367
2218 2233
2161 2380
3058 1038
1063 455
975 743
297 1534
569 2799
1327 2371
3020 1539
1032 2870
25 308
2675 3099
2438 2666
2972 2886
98 1701
950 1587
2697 2143
2225 2610
2864 2446
1817 319
3150 966
523 3184
1960 122
2644 2055
2679 226
1959 2343
1719 633
2683 36
2575 158
2687 1395
2136 2650
1851 2496
1995 193
2500 1311
3020 2801
411 1242
2253 1336
1828 2921
1504 1746
2494 1535
1117 207
2307 1729
3116 787
1949 2193
2736 3063
1347 2569
2769 270
1359 3076
2083 1026
1150 2902
824 1948
1987 3099
1791 3170
584 557
2903 858
1666 2863
2868 1645
495 3142
1388 2279
2799 488
2975 1691
829 2636
449 1827
520 2689
1990 325
1458 1947
2920 1650
1572 1160
2328 1000
1100 3072
383 759
692 27
1711 96
1984 1532
875 2136
2052 427
527 1965
575 2817
1309 640
1912 1596
2150 2096
2356 2994
2386 728
1617 2467
2764 2286
3 2983
2508 140
360 2374
1282 1227
3017 38
1308 971
1903 1503
2868 2384
672 1003
2009 2567
949 1209
57 2662
1241 736
1128 1201
2656 2032
1103 1048
321 3173
1588 1662
306 693
1377 468
606 9
3188 3108
1734 2952
451 810
945 206
233 1692
2001 2171
1393 1035
2420 1512
3102 1121
2403 3189
2133 138
603 1790
1960 1840
677 3052
3072 1694
2516 743
1254 966
1819 1833
238 2654
1096 1134
960 164
1633 264
2628 1859
602 270
490 2254
1904 3124
2451 1769
676 1334
2591 647
2007 1007
1300 2893
1791 134
2407 2069
771 1223
619 1680
2105 1936
211 2307
1785 2018
1893 3122
2910 1687
1726 2266
1689 819
444 599
753 3026
2699 2790
91 2369
2383 261
945 1705
2283 1143
274 2534
620 2787
727 2167
534 1692
429 142
2569 636
2004 326
910 2153
2931 3188
772 1657
917 1173
3041 1074
2756 1639
2279 2794
1472 1173
3174 3149
348 2954
1959 637
1654 1127
1916 84
2449 2575
2658 1989
2705 863
1616 2272
2194 2171
159 628
1125 452
2965 206
2471 997
783 2848
2944 1421
1739 1661
3061 1591
79 1409
1515 2980
1274 2958
2489 363
1957 1969
232 1063
1654 2722
394 1998
2369 1642
2612 33
1434 2207
2329 2367
2043 587
2756 2389
142 2411
2673 2800
2585 2707
905 627
1028 3119
313 2212
1031 1508
558 2400
116 2068
3054 239
414 1408
3030 1650
229 1417
2860 2169
2271 2319
2528 1585
3109 890
1380 1082
1207 1495
933 919
2061 2202
1700 2623
1723 2946
2870 2896
2879 922
1364 1379
2283 1499
1696 634
1641 3183
3189 1174
1136 1808
41 1254
1794 2319
1122 2585
3167 2289
2065 3029
2698 2739
1296 2240
2165 3119
1236 2747
1099 407
335 686
2394 3101
2405 2302
2716 2613
2056 2331
2784 1522
2034 1719
1306 2573
766 3089
323 2309
2084 2159
1774 2784
2191 426
1897 2703
3037 867
2188 1647
2162 2900
2337 748
2809 2113
240 832
1145 1036
1253 217
143 1384
224 2777
1742 3110
2969 55
1328 2603
2478 515
1463 2435
203 2502
2212 2574
501 1927
339 856
2291 618
1969 1671
1113 3188
1115 2541
2866 1897
85 957
2761 342
2532 1499
1556 43
1417 1100
190 2048
1946 1613
80 2040
2302 1535
2427 2115
2564 2239
2052 829
2017 404
972 820
2244 1346
251 967
3096 2683
1481 2537
2261 2357
2409 1797
2307 2839
1170 1468
2765 1933
1322 2121
2622 3067
145 134
2202 2829
2312 392
987 2093
1853 228
71 2190
1012 2197
2858 997
1619 2806
54 2616
2506 3177
1011 462
1565 1434
2788 1350
2319 2782
1976 580
2349 1333
1705 454
2356 2798
117 2453
1952 1642
1911 2262
1362 1912
2146 2496
92 1504
2585 3176
2156 2043
3117 1208
2516 2047
755 1278
2994 2777
2241 288
65 2995
1222 1006
1978 2581
3 1296
616 2215
106 1822
1863 1812
1681 1358
2264 1035
1683 1096
1156 607
771 1558
1962 79
270 1847
839 1631
1964 2514
3009 2661
514 1160
336 2464
344 1378
1545 1537
306 2282
2825 1166
1933 469
2362 1116
2360 1757
965 2234
844 2477
1172 877
2761 2934
1154 917
1614 2847
2082 1838
1524 1945
1833 1714
1224 1872
377 1500
1892 2749
715 2568
1321 408
887 2486
923 2091
2275 1966
1881 706
2054 189
823 319
408 541
1786 2762
2392 2163
943 933
121 2801
1192 2845
810 1564
2452 2844
577 936
58 348
1027 1535
1746 1590
2066 608
2176 792
1395 548
366 1813
2235 2972
1796 279
470 2967
327 1968
2932 1408
2379 2701
785 931
1238 1419
799 784
403 3044
977 1944
3056 1410
774 2676
277 628
2385 1670
2688 1022
289 55
1345 3146
1682 383
719 317
847 131
1158 2917
2593 3032
1854 3086
409 741
1289 1652
1238 1639
776 1426
1908 911
2666 25
1169 3142
1667 1916
1917 1040
1925 1448
1405 1550
221 2769
2876 1053
940 360
591 797
864 2473
611 1740
2031 2000
134 1488
48 875
654 3155
726 1995
2986 2888
777 1300
771 2893
1570 1396
14 2729
259 496
881 500
1425 2650
2447 2006
2256 1375
1586 2791
2201 188
3028 694
2938 145
2826 2150
1834 3022
1422 754
2471 330
3175 1296
2926 498
2743 2099
1367 1054
1569 1707
1034 1279
340 3176
2465 2485
313 604
476 1149
821 254
2299 1160
2843 2538
1724 1638
817 805
881 2337
2013 1919
573 103
2029 273
2795 223
2304 1382
234 2460
1299 2614
745 1327
1324 1870
907 470
2973 1675
2503 2003
117 132
2400 3032
2185 1736
1787 542
2458 1852
610 1429
1059 2087
1748 566
2626 585
1158 1908
832 165
59 1745
2495 736
123 1036
3199 66
1523 2039
2252 857
3048 2279
2568 2620
2265 582
2641 2413
2353 1858
2638 3160
806 424
155 2936
1457 2507
1102 1177
2218 2078
2726 3128
1535 3042
2640 2310
2192 2424
2773 139
1067 88
675 744
543 2970
2869 2485
1151 178
98 1545
2293 1849
1216 1047
960 2662
1842 757
2635 2971
1045 2680
235 1308
2563 188
3125 2778
2242 1088
2682 622
205 2990
737 929
508 951
287 1831
2002 2077
1621 3053
2147 2634
2565 2184
224 542
3122 3020
1601 3014
660 126
269 1223
3189 1569
2633 1947
1579 492
1787 3058
946 2397
2265 1433
869 615
2579 3064
601 2759
186 309
471 1909
203 375
115 2613
92 197
77 460
1250 2572
356 720
1565 959
3090 2585
1313 537
680 1364
2433 2558
3110 182
2585 2943
1687 2764
632 893
2951 2161
2920 228
2338 1498
2972 1433
1131 75
1398 751
2709 748
2802 466
3074 182
946 2054
341 2824
1958 394
2230 1750
727 2070
1442 896
977 452
2027 3137
43 2891
1235 702
948 485
2497 2110
1852 339
2462 249
2940 1527
2767 2185
163 2590
591 1917
1278 608
615 2317
1346 160
1933 1895
889 2223
2519 2472
2951 397
1050 2022
2008 2639
1316 2794
1961 2972
2449 123
367 1745
718 1493
871 1605
2728 2233
187 2342
1040 1310
1358 2434
3053 2437
37 610
158 2666
1905 1681
1931 1622
1725 2682
486 657
1584 2991
516 2549
2432 1542
2898 2655
2420 734
3189 1342
659 2559
1282 1869
1518 1311
215 1117
1927 897
916 1867
477 2616
2361 1042
2965 138
2398 1017
198 1392
1289 749
3041 441
1839 1897
2364 2765
1610 913
57 2959
2835 607
279 2140
221 244
341 2353
2702 400
1854 1769
1338 29
1302 1315
477 2278
95 834
1845 101
2504 1166
1466 825
51 2807
827 438
354 122
1687 791
3133 2845
2964 1486
2882 660
1119 2428
905 1158
2720 125
243 3049
2361 3098
3183 1289
2204 2786
1512 2472
2630 1042
590 2752
476 1201
2880 2916
2144 57
1747 2756
400 2927
2946 2255
1755 1108
1970 3059
2561 308
2016 1024
582 219
3049 810
978 999
757 2861
1448 185
897 3083
1729 2053
1032 1521
2501 2953
1870 2104
2149 475
1097 775
1623 2906
2860 2837
879 3014
2705 1676
2647 2668
194 393
2795 2426
1699 192
1459 1905
1088 2365
1278 2232
879 837
663 2764
546 987
2215 277
1483 94
2471 1236
236 2895
2047 1209
58 2737
64 2065
749 1929
763 541
167 1925
3004 2686
766 697
422 2636
296 2948
2348 2757
1602 1425
1897 1698
2109 1274
413 1541
997 3078
2885 2831
399 1299
1622 1807
3167 2191
277 3029
691 1312
2198 420
2736 228
2639 197
2919 2514
1880 1208
675 2623
961 2694
3025 253
1679 1842
2445 30
469 334
3141 470
3052 809
524 3198
1871 166
3197 565
2325 1576
714 1697
651 809
224 83
2157 2666
1976 2505
2241 1861
1341 1805
3025 798
2005 3194
2371 2808
15 670
3158 1315
1511 3131
2235 2323
1720 232
2958 1357
1983 2389
1647 1786
327 1323
1474 2974
2295 2450
127 2658
1972 332
2358 269
2228 1150
2339 2449
161 1935
1385 834
2149 169
2799 1953
920 93
2516 727
772 2403
3088 701
849 127
296 792
1234 2558
2957 1122
362 2272
3090 195
1948 16
265 159
2223 1486
2681 1865
1018 3117
637 469
3025 56
444 2058
780 1840
1408 502
304 2929
373 2588
189 1139
1920 73
1684 1643
442 389
3074 1681
1160 2084
1645 2301
2008 2172
665 2987
2810 1456
1688 1437
920 1195
2508 2719
2516 2089
922 806
1917 751
557 2770
237 2715
1764 659
2177 2070
1881 1639
2102 293
399 449
3165 799
2999 774
762 2873
3103 2992
2111 2557
3000 1941
544 3033
1218 834
2835 2644
3094 1281
2918 1115
3088 635
2748 1978
1687 2678
2213 38
3146 2878
3033 759
1736 1570
3089 2674
2588 1814
1667 1732
2627 1782
1272 2060
860 2026
2443 1423
2284 228
256 527
1738 838
3006 437
429 1953
2026 3115
2512 665
1954 2246
191 868
1747 97
1090 1393
1848 1989
995 1957
1775 1860
1180 1088
313 1253
2082 2398
1870 2361
3144 410
1627 2124
1682 2253
538 695
2647 116
11 1107
529 688
2516 1544
3141 102
2226 2755
1545 390
2843 3078
439 1641
1650 281
557 2644
614 94
829 2970
2664 1218
568 989
3015 2255
402 3188
2153 3167
1202 105
1576 235
345 281
710 3074
172 766
1807 725
2527 1674
266 1647
256 2345
1115 641
221 1385
2104 1371
2964 54
1286 1399
2101 1854
1679 2096
149 499
1250 1296
3122 1199
2376 2886
1726 2929
1246 2614
970 197
2132 1579
1424 1474
1985 2472
1245 2733
2848 3036
537 1980
3051 2099
244 2036
1106 1673
1839 2867
1560 2937
1412 714
2827 468
2996 322
670 430
1323 1344
1060 658
977 2307
1963 1109
2543 2825
1907 8
1852 2257
138 2951
1796 444
1541 1070
2804 525
1884 2731
900 271
739 111
2433 3030
1249 703
1718 669
1743 1511
566 847
2478 2445
2121 2465
2309 2467
1393 348
630 2038
2711 2616
1404 2404
343 996
1604 682
613 2339
548 2907
1434 784
188 1133
2207 1026
2344 238
1717 2826
2143 2516
1182 1433
2987 1137
2987 1471
581 261
2275 2830
2700 750
205 1949
738 2042
219 680
1827 477
627 3157
3011 830
2842 1425
2307 363
63 2073
1616 1069
2466 149
2360 55
1887 1118
1161 2232
2459 2656
1416 528
1482 3099
2507 1567
2842 2372
2740 1336
1023 648
1802 2868
2268 240
2229 1571
715 2015
1302 1054
2441 2105
513 1592
1921 1054
88 19
1779 340
709 1550
1601 2115
147 412
1110 1305
42 432
1459 2958
1445 724
3095 2754
274 1753
459 1346
965 809
1799 2985
2905 1592
2308 995
1988 2329
415 1165
150 685
3111 248
1358 246
1091 2637
2265 2441
2307 2762
2600 3106
2433 1066
1132 2514
563 419
2929 3155
1361 649
276 1020
1501 2704
483 2767
1236 2350
2639 2480
623 1311
3088 1969
2966 1154
2198 8
1634 417
679 674
3149 334
1049 464
2041 616
942 1056
1817 2557
2311 2759
2432 1545
1223 1849
836 1885
709 219
2447 1179
1005 2512
2306 3166
2228 1136
69 2678
1717 215
303 3153
1645 2585
2831 1141
784 2963
533 809
1157 1885
96 1588
1541 2395
933 2493
2891 1523
1528 2385
2169 601
315 3
2311 517
928 430
488 1478
604 2646
3131 1392
234 429
426 2097
2808 3121
2275 2178
2034 2802
1841 2745
170 2674
1846 2491
2593 2853
327 3150
1397 23
1892 1676
2790 941
3154 1395
2822 2051
343 282
125 2293
1042 254
2934 2617
2548 123
1194 2601
1375 2646
1927 543
89 119
2172 1658
2157 2996
2916 2237
30 1224
780 2134
1033 1506
995 2427
22 1370
3005 176
2778 2046
1347 358
13 3083
1659 1725
291 2743
2544 2538
521 491
3198 1332
637 1038
60 2712
1162 3069
1414 269
2335 3095
37 2146
75 1140
1438 2243
152 1077
404 90
1 118
602 145
272 1632
3097 2166
2584 1372
2330 56
780 1122
1969 1614
1403 2159
2887 55
2217 661
1282 2140
1483 1836
1683 1041
2782 2342
1435 1978
1700 1536
827 522
2108 981
1847 487
1245 2573
2502 2922
1071 946
376 2434
710 1123
1732 1464
1211 97
1837 1677
1513 2375
145 2431
1345 214
270 1450
331 3182
2577 1548
441 1561
124 3169
553 2242
243 2861
376 1795
580 2520
1341 668
1265 371
2409 1919
218 2456
1913 1031
1291 1392
597 457
2208 2895
3145 1539
465 633
2205 690
2846 392
2514 1343
2968 869
2812 1241
201 628
1335 1118
2113 1868
1095 242
1598 675
848 1075
1015 1353
1582 387
2437 203
1778 1156
751 1208
2682 1186
3024 2816
2988 3145
2215 3063
1231 696
1595 1529
2309 3053
169 2728
2409 2368
779 1361
1345 396
1735 749
864 776
113 2115
2587 2867
478 1195
2661 2542
1094 109
1418 1571
1813 2375
517 2467
1230 2189
1918 1934
2972 3051
227 2795
3191 1478
673 2008
879 2497
383 91
2841 2780
2839 1622
1427 950
3059 1049
2996 2419
320 18
981 1080
1841 2591
1591 2515
1907 2692
2831 1272
1352 120
2101 807
2243 1882
2661 2345
2335 1665
47 2488
2619 2992
2433 1982
1334 2857
2767 1974
1955 1496
348 3119
1001 1328
1576 1647
2362 404
2422 1588
1198 1899
1401 1686
763 2646
282 1800
339 382
1769 2045
858 2566
1437 2599
835 2208
1737 1626
2822 3131
2590 1039
3136 2138
87 2693
2086 1664
3013 2
3111 583
2423 184
414 1937
1029 2626
2609 3029
889 2509
2889 1819
3035 1748
174 131
2648 2051
317 1023
398 701
201 2848
2807 697
12 2958
367 327
2888 2450
611 2737
767 1997
1816 316
331 1932
1429 2510
3035 2227
2863 1705
1034 2005
1711 2773
2077 486
929 28
409 2184
1212 2607
319 1281
2153 2023
1958 334
370 1957
1139 2641
1736 1882
182 421
881 2850
356 2962
3084 1547
1517 2972
642 885
1530 2998
2763 1041
1733 2068
90 1163
2068 2206
934 836
1363 896
2646 2360
973 350
2441 639
2311 1189
2751 367
1081 1277
2663 3038
1002 474
389 517
1190 1458
895 640
2271 1737
1029 497
1374 295
2204 69
2148 172
965 1167
2017 954
462 528
208 2960
3124 1496
173 1463
1587 901
2068 1044
1133 938
2808 926
1458 844
2172 2730
114 2054
2545 1507
3132 3148
2029 981
1138 972
1924 1832
2060 2800
2342 1513
1285 2176
1557 900
2277 2789
1920 2126
492 648
2241 63
2648 2905
2096 1597
1492 1260
418 2707
509 1085
2562 1024
1169 532
905 1388
3126 2948
2077 566
2789 1933
2756 2344
2289 97
67 780
1976 1476
2519 88
356 1420
1295 1668
1758 2888
1348 2172
465 637
1462 305
86 3083
453 1226
1601 3119
2761 1657
2311 674
2958 1896
2123 1246
1263 81
2564 0
2061 2221
1739 1865
1709 900
3142 2238
1964 3043
557 880
159 1516
1142 1622
2699 1927
3105 2262
1597 2103
1698 2274
1096 647
1254 63
1305 1954
1027 1761
824 2562
2049 1779
29 193
2879 2291
1709 267
2564 377
2000 2613
547 1047
175 2918
2122 476
3087 1779
231 1139
1477 329
822 1769
1237 643
3180 396
2219 1308
1657 1518
1013 318
2430 265
2203 697
331 1276
1244 1551
1299 2548
2694 172
1711 550
2002 947
1035 2424
858 371
1969 1215
311 120
2160 1571
1211 574
2472 2975
1224 1921
2869 293
2891 2736
2678 1758
473 2815
2425 2831
2660 2075
2117 1175
2969 1401
1347 2069
2010 2120
585 934
851 2437
2244 2124
1979 2988
3074 1386
681 2188
3098 2668
2320 1972
2296 1283
2649 905
2441 1550
2587 2937
2943 276
506 2250
577 366
1817 2572
1907 642
189 2605
2717 169
255 2347
2426 1330
2221 740
608 2688
447 2569
326 2510
881 2609
2039 1427
1281 2314
1746 1409
1159 2986
2875 935
1388 3
546 1590
136 1269
686 2912
2140 1790
1413 1116
873 3084
1722 390
1707 499
2772 36
821 2042
3191 68
2922 272
2482 449
2133 924
1764 1508
1574 2930
459 1830
2634 1121
1963 403
2981 1129
791 1099
751 1546
95 419
296 2871
1174 1896
2361 3178
1982 323
169 721
18 440
1784 2086
752 1865
2972 2204
2530 3127
3093 2293
3016 1128
1839 816
2979 2532
2004 2912
1024 633
651 664
639 2687
1681 3075
3198 2102
658 2832
2663 2123
2052 3146
2964 1402
2977 837
1114 2381
1151 692
2105 386
2253 408
2718 1162
1836 2195
1234 2862
2471 1243
2691 2508
1873 970
1261 1472
2042 2833
293 734
1805 1933
2818 283
2057 3122
2216 2251
2586 2084
1202 132
2259 996
3195 2210
1931 1319
1930 2788
2769 2243
3096 564
1037 450
1854 1156
2996 2073
2111 3028
679 1650
2416 1360
553 1574
64 3093
1531 2887
2408 276
2454 1368
1712 527
2052 2720
90 1729
2652 2323
3120 1691
344 241
293 936
1429 1131
1194 2577
358 1919
2960 1725
980 3173
2325 1936
2358 2337
1165 2645
105 569
1454 54
2093 2561
760 1000
2076 2450
831 3043
2120 2393
2263 79
2415 843
2778 1147
1885 2870
1560 1542
863 3123
2716 928
2655 1464
2263 2795
1057 1738
1260 3195
409 591
2839 2428
742 2945
59 2163
239 1407
262 2589
1177 2558
579 627
1186 1308
2107 1487
2461 1109
1609 424
266 270
1913 1785
1041 2255
988 1601
731 2830
2027 2339
398 1958
2709 1837
867 871
488 3125
1381 3014
600 3167
327 2357
1326 1852
1250 782
271 2701
843 936
1063 1061
2830 908
2931 2924
137 2370
2857 0
1894 1860
3140 1909
3126 148
431 1085
2343 873
1677 1059
354 389
3107 1777
2179 34
611 1842
54 1034
1558 402
1386 2374
2341 609
1845 1902
1027 1334
1604 1312
2874 1328
381 1803
2449 728
51 43
215 1698
133 783
720 2707
1876 1493
1209 1020
734 1848
1400 1252
1020 64
2533 132
2548 2200
2351 2795
636 1660
1900 834
2508 2897
193 938
1886 206
2346 3137
1861 472
3047 2884
2343 236
1540 2638
1369 1206
643 2495
277 1086
1063 56
2394 1090
2272 962
2401 1182
1998 142
951 103
1139 2135
1916 2968
1146 1380
2998 1252
1694 2601
1746 1834
1593 1421
1209 647
1514 2503
2699 3077
1633 3041
3195 2416
1354 1887
2887 585
83 121
2386 2516
1500 899
1631 1484
2874 1390
2028 55
2344 1255
2345 1492
1739 669
2068 2864
225 2720
2098 2392
261 1637
235 3112
2465 1766
1795 450
1264 1510
2225 2715
1198 3154
1374 2863
95 2627
251 1364
2361 1696
511 1068
2480 609
3196 2997
1564 238
1117 763
392 293
702 1132
2201 123
360 1868
2585 569
2407 959
927 2280
2634 2052
2909 456
887 1601
2054 2041
296 1272
1498 957
2694 2457
3023 981
2656 2482
2013 2439
1928 2626
2150 3009
3146 2731
2497 1752
2954 325
2658 1257
1145 1295
2343 1376
628 256
1985 23
2425 1915
2749 2326
1862 1634
558 2809
1168 1090
761 1519
349 2860
445 2014
638 2211
1373 2724
2093 2481
2347 2553
63 532
946 2032
2437 2582
1184 2204
1861 1018
846 207
2768 658
1134 1918
1088 878
2896 1728
1616 1966
1361 1781
1880 2297
3168 1028
99 134
1838 60
2926 855
370 1244
960 646
1622 2734
3169 1080
2689 78
56 1582
2498 648
324 2170
2645 2783
2935 3022
1494 3114
1322 1264
1215 986
321 457
2207 982
2653 1821
2778 1799
567 1878
23 2671
2720 1913
330 2292
1938 58
2397 2363
625 554
381 1584
356 2062
2944 2721
2891 460
2542 394
348 1535
2611 2156
2525 1705
95 1750
3072 1288
1687 1285
86 385
1948 3111
2417 1849
1525 572
2075 1347
316 2837
2988 1011
1667 383
2572 1617
225 121
582 1834
2076 2976
708 576
500 940
2477 2337
1674 531
728 2453
1644 843
1643 1840
2494 1965
2708 1800
1926 3061
1764 1537
3091 1638
3139 580
2315 1674
3092 2510
784 1559
2150 164
1550 1901
595 805
2468 316
1529 888
2349 2627
1042 419
1002 2611
1587 2749
3150 2226
2590 1212
1253 1531
67 2664
1761 1442
2778 2673
706 117
2326 27
545 2687
2438 919
2970 166
2701 3182
1620 1652
2044 406
431 1010
2377 2215
648 816
2927 1959
2731 226
3041 1025
1238 2341
3116 1941
1382 863
808 1385
1313 1347
2394 508
671 1652
1769 1083
2517 1729
2875 1165
1727 1551
3116 2313
1322 1364
2923 1095
283 319
1392 2516
991 246
157 1215
2096 2807
1777 592
2561 1823
1379 473
2535 2761
1249 932
1443 1039
1252 1419
2512 428
1327 1447
2854 1026
2469 2720
1640 2998
1221 1444
624 1017
963 2675
853 866
68 278
694 1527
53 303
1702 1867
2120 748
1716 705
140 22
2837 1774
1191 1606
624 1181
2867 54
1478 3180
3123 2229
636 2067
945 308
1287 965
501 3070
2867 559
1123 1285
1808 1565
2034 599
121 444
197 2352
3010 890
2407 424
765 2441
1448 653
2153 1539
1934 1355
249 1576
890 8
2684 1858
1497 3149
493 2601
771 1502
345 2147
1971 810
2793 2659
163 1117
1163 882
708 1171
321 3115
23 680
2438 2080
1067 811
1240 1691
691 2545
2791 1791
1475 325
2264 1740
2855 1213
1590 2881
2784 2344
502 2203
2620 419
1701 2428
1809 1099
944 743
2838 3084
3152 3048
1501 2200
2832 3024
1905 628
1020 1310
1544 1452
2280 2938
485 1831
1370 2138
2637 2325
2709 2119
2979 1028
3138 314
930 1042
701 32
2231 3133
1914 1277
889 1366
3091 1837
582 917
111 709
1019 2757
1552 2711
975 1696
3192 2644
2381 2997
1593 1868
2668 133
2712 722
1740 1966
733 59
2191 3135
58 773
850 554
1621 2323
455 1879
116 2838
1136 1109
2500 904
1530 427
2118 2642
820 2125
2647 2190
2730 938
2138 2534
2914 994
4 2843
3122 1173
323 2850
1980 1623
332 1385
2312 1471
2112 183
188 1311
378 1457
1146 2254
1655 1144
2134 544
3043 1520
2675 1527
188 1436
1081 883
805 1701
3125 2501
2889 2938
1420 1953
1386 144
1181 3025
1925 74
307 3175
548 1781
1891 1931
1216 618
520 754
208 1878
1241 1903
1266 1687
2980 35
949 3004
1705 2769
2049 1839
1302 2508
1188 1647
26 145
3193 2549
1319 2417
183 1720
969 487
3027 76
3102 2440
531 2342
1009 2072
1457 2682
2295 56
936 453
2981 957
2077 1383
684 2077
1133 2024
787 2435
3023 603
111 1538
2598 1631
1344 3045
2406 1218
1643 165
1568 3137
2896 500
1963 1003
263 2550
241 1955
1852 1551
979 2244
1572 343
2362 3167
1307 298
2747 799
988 733
102 1486
860 2443
556 880
1347 2573
490 1677
2952 3079
22 3085
551 1695
2821 1979
2946 2889
2646 2284
2386 958
1023 1081
3016 1676
2930 1255
1220 70
2539 744
3121 2907
2649 1019
1019 2308
2278 2158
2990 2263
2469 2179
812 3193
3159 2545
10 2544
2778 1793
649 1559
2735 2649
1196 1322
3110 1494
2426 257
2856 2066
850 90
2337 3077
3174 719
2952 2119
854 102
12 755
361 1863
476 552
490 1160
915 3113
2973 1189
63 1060
349 267
2701 2320
3027 1235
786 2223
2133 268
184 1715
88 561
1603 2685
787 954
511 1664
2867 3022
1160 196
2100 2453
2101 1415
1891 1452
1186 1662
1261 1842
729 569
162 2943
29 1060
1228 1269
82 2729
2854 366
908 1139
1787 1748
434 2254
2781 2512
1231 170
510 2459
245 2879
2862 1392
1998 970
2801 2466
1728 2165
956 2121
3004 852
460 3096
292 139
3107 1354
2902 3086
1185 827
90 1409
827 2067
676 2750
1114 157
902 2676
2002 1078
821 2668
381 2400
757 1767
3060 2038
868 164
3177 378
1505 1406
804 1290
1175 817
1048 2418
1705 2877
417 1114
508 2019
2141 160
667 1612
804 1473
1227 841
293 2928
2604 2869
1438 585
1929 759
2999 2335
2748 2980
2044 1905
833 2497
1398 3068
85 678
2149 874
1994 3069
539 2728
106 490
1527 2133
262 1861
253 598
2586 1282
2831 2822
2846 306
2890 2955
1899 162
1280 68
328 929
1613 1886
3089 3040
856 6
1923 1010
2472 2488
806 3186
2720 1206
471 2755
281 917
1649 626
2458 1138
1816 1721
182 2369
2594 1565
1667 2629
1313 310
1458 796
2321 527
1104 370
2331 291
2328 598
1796 3080
1522 425
949 2728
140 2738
2663 1705
2708 79
2539 1134
271 1095
2451 3127
1113 570
2752 356
2617 313
1033 2647
1696 1010
261 1270
2943 2948
2230 1872
2242 3057
914 2519
748 2609
1455 1995
1104 227
2442 1336
1641 1567
2675 918
3159 1254
153 1550
1270 1467
1710 988
1949 1611
694 2767
240 1607
1778 494
2275 83
867 2997
1355 150
1405 1149
418 498
2410 1273
343 846
2551 1116
208 398
2335 1048
3197 3108
946 194
154 2752
2850 2705
3073 1571
3050 390
425 401
1692 1317
1855 1509
773 481
223 3006
2430 2453
1647 1367
338 815
792 2549
1735 1383
226 1401
971 1069
748 2837
2877 2337
1348 2843
1364 1212
1641 241
816 2188
1242 2849
1787 2716
346 525
955 3186
1859 1856
824 945
388 2911
4 3167
441 62
1964 2369
1765 2447
3194 2659
2895 821
2147 436
1654 566
916 717
2865 2639
1300 210
2664 1570
21 1137
2921 395
2781 2952
1512 656
3020 2915
1046 118
905 2722
1116 2544
2381 5549
1011 1483
530 804
2085 699
3021 2777
2547 2434
295 2524
1602 2176
760 2291
445 1269
1110 918
1869 2448
3160 1548
935 2326
629 419
1150 1580
2058 2440
858 1601
1402 3144
385 1178
495 868
529 2683
1087 2954
815 2927
1003 2934
1882 693
1345 1381
1113 455
33 3121
2387 2055
860 782
1149 265
440 607
2797 3191
2192 2230
2702 293
408 871
1580 434
2367 3015
1967 1495
941 2566
2277 1615
876 422
1656 2659
2083 1559
1662 1297
3068 1137
1071 2648
2343 3021
3122 931
1144 1473
1296 208
812 2421
74 2523
3145 2662
2949 1579
419 2487
99 1273
3066 687
1902 3161
1473 2516
2478 1639
250 1953
602 1167
3004 2662
171 2936
2646 1341
459 398
526 804
1645 298
514 188
2038 993
2992 1181
2904 486
785 340
2688 3100
1760 250
230 1852
2424 1778
2241 416
