828 1463
2138 921
1575 1656
1427 2047
381 99
1372 1983
1395 548
603 1412
1972 366
839 634
1971 1579
713 1382
1258 1553
1730 1034
65 892
171 1172
298 412
494 2145
1160 1667
1604 1563
2080 701
1305 149
464 2028
185 615
1989 104
694 507
504 967
1921 1610
1728 246
1253 475
19 844
1692 209
493 1479
1553 696
1259 2158
1917 1332
1634 1906
1909 1543
2145 90
1560 541
1013 9
70 1340
1434 1766
771 1653
1183 1096
131 266
1634 516
512 1099
1643 1557
1695 1529
141 1742
1209 1646
614 599
1469 1519
0 225
627 1920
1640 304
1755 322
68 180
827 1523
1130 1396
935 314
1755 360
1411 1285
646 584
908 849
1033 1567
1973 141
666 110
126 2092
2139 454
1302 1501
276 1694
1809 784
1139 1804
908 176
1846 188
1181 623
913 2179
152 1587
1699 2022
2188 1539
1883 716
1701 1365
1040 1148
1426 88
109 2189
406 1808
91 1856
596 1827
1985 1868
2123 247
1311 150
2129 1534
1664 882
2196 1600
1878 930
1459 939
1431 1786
1212 1345
781 1038
31 831
1403 841
1847 1733
971 595
984 1158
612 1109
451 286
1049 1900
607 1547
2005 864
1354 1705
266 736
1366 1990
1234 724
1550 1815
812 999
2111 629
1568 663
964 768
238 593
49 1254
503 750
1105 1599
1383 500
843 1488
147 1458
2095 107
933 1605
791 591
2150 1712
256 1785
891 1939
2016 95
888 1290
673 909
2080 840
1099 1502
1999 785
2128 176
1327 705
1961 1332
2190 1932
422 272
609 195
131 1107
1561 1136
710 725
1164 2142
1868 760
1407 2071
427 655
359 1499
1826 1554
1359 202
229 1259
171 1783
1693 472
1627 1650
1276 1573
1779 928
1262 501
1967 2144
1355 1917
1172 612
937 1877
578 402
966 868
605 1303
811 2119
355 223
1812 789
1360 1851
715 1658
1572 135
1485 1766
2198 934
348 466
59 189
2092 2166
1031 1026
1841 1529
1363 487
1381 2190
1143 1534
936 1256
1479 810
1920 1258
1681 1583
1424 630
255 488
1804 1559
1328 1459
458 164
377 211
788 492
1344 2066
714 353
1897 249
1277 675
2025 1093
54 1618
1312 968
397 878
260 361
1798 494
344 2008
2109 236
419 914
402 1042
1245 1550
1272 987
444 1194
271 2136
301 1797
705 461
927 505
1626 1583
305 500
448 1613
1899 668
474 2184
1633 1484
1021 273
1684 2016
49 1045
1875 2057
1203 71
1968 1333
1524 1322
1829 414
1630 1521
1308 1933
390 454
1246 699
1476 1675
1459 980
616 1744
1112 1664
2120 1641
591 1031
1812 835
2160 2025
146 1892
261 39
804 548
1788 1657
719 1347
629 317
383 433
163 656
271 132
2032 773
1028 1929
1344 1616
1761 1618
680 61
533 1688
39 385
496 1741
482 1996
477 969
1206 1882
1569 1520
542 1013
1762 1652
125 1609
346 1379
2165 1155
403 1967
2182 2007
1236 1878
1554 1124
2026 135
293 1950
1450 496
1194 1096
1218 1686
32 1580
959 449
1083 25
1993 667
1319 1592
1875 1230
424 851
111 415
492 769
910 691
1506 1890
1405 468
2020 84
1531 2096
888 184
1991 1014
157 1796
686 869
680 686
754 2171
1893 2073
2198 703
1691 1159
29 68
1512 652
115 1955
1156 1354
12 316
1186 78
304 1232
2057 535
1160 325
241 350
178 535
1632 1798
71 1480
868 578
358 452
227 581
1402 179
1118 1386
1630 235
1772 104
33 1362
1059 737
2044 277
113 1616
1585 408
208 1181
1333 635
240 1823
894 645
47 1653
1000 127
1715 840
464 2183
2176 408
1212 1983
1117 145
770 2090
1753 585
1452 1931
1875 473
237 698
1487 1958
1206 900
1900 1004
745 2094
266 1542
1879 1821
745 452
1165 1213
1060 1633
1200 1819
365 2111
1505 1033
1394 818
228 991
309 782
538 664
1369 725
543 2032
672 2161
22 1831
1345 1218
1824 626
847 373
1123 1439
1789 1986
1743 387
798 832
404 475
953 791
375 2059
217 593
339 725
1930 382
932 2033
199 1994
1256 1813
1305 1685
1870 1490
1274 1744
784 1348
792 1687
1076 27
277 279
773 26
1210 340
1666 2012
1100 903
652 166
855 116
1955 84
542 1988
1618 420
957 411
142 1953
918 1679
750 2077
1039 1547
1340 1967
429 1528
154 1356
1274 1391
112 909
1153 341
498 2093
1218 1283
2181 702
1329 873
18 503
553 1287
619 347
222 1184
467 264
1656 1267
1146 2195
636 1311
430 1877
1276 162
453 572
1598 742
431 1433
2042 465
1704 777
1468 1767
1907 10
1354 1366
1082 2188
1504 566
329 81
1047 2035
1419 378
460 1352
1597 648
1700 1042
2046 1180
285 1198
688 1659
136 536
1072 498
1371 1849
600 793
11 755
1999 1359
886 149
1806 595
1742 494
2011 1930
26 1823
170 1585
1046 2018
1191 408
1035 337
425 993
1474 1708
240 1245
1281 203
1295 1202
920 1204
2101 1138
1861 1457
61 1418
323 1505
1117 573
1713 2017
1747 133
2111 1775
1907 830
572 2019
1662 655
1067 1938
1821 741
1739 873
659 2006
1133 458
2080 447
1425 1102
761 211
377 1711
1477 936
1831 1449
803 543
1050 653
1431 656
1652 1880
2035 1240
887 1806
234 1504
981 1231
16 131
1887 2092
1805 1067
261 1609
336 1801
1196 174
2080 711
1206 1427
894 1524
1220 815
1374 483
230 581
1277 1512
626 860
572 9
771 2034
1794 1028
353 1300
1328 555
222 524
45 496
33 1352
1354 1990
219 1283
1336 735
1151 2026
661 284
1095 1997
830 564
1689 23
910 155
1280 212
1181 798
1103 1039
116 1033
1504 1629
1484 2157
1347 1985
1638 1665
234 1597
469 652
401 201
400 565
1243 36
1795 343
407 1236
1981 1004
1898 1003
797 308
2030 1024
1445 1498
999 1319
473 115
1454 295
873 1748
1687 1021
1657 1192
317 762
465 1211
1038 1526
177 1989
713 1399
93 1598
35 1202
1454 1274
1496 452
904 226
1879 502
536 2159
2015 2123
358 1715
1365 1384
904 2046
456 695
2103 1378
635 1239
794 1099
1921 539
1264 14
1704 1013
1444 1109
1947 2111
1297 1405
379 14
1628 60
1425 1004
713 906
2050 1920
494 2171
308 2036
724 2005
1360 1635
883 541
1573 1101
709 1456
52 1664
1275 305
531 397
1875 1678
657 988
339 1167
104 604
488 324
1544 115
1287 642
167 1119
652 962
1599 1583
553 1565
1528 744
518 2064
1173 1880
471 1680
1291 1217
923 1699
930 802
1144 187
680 1008
1092 1367
363 1468
1623 2175
1613 809
268 1196
533 973
2198 1089
2039 1226
359 1570
1557 1967
1868 1000
1478 919
1796 247
1021 2030
2039 140
1814 524
52 157
2017 295
138 343
80 41
1144 142
1845 1091
360 197
1957 1380
1877 1530
2129 1299
1830 29
571 1885
1139 309
821 2019
180 1951
1788 923
817 132
1596 1921
260 1565
2166 1473
1843 30
1221 468
2185 756
422 1181
892 692
476 2119
177 1394
1611 1253
1339 82
2181 21
1483 1103
825 66
658 2094
2161 124
33 702
490 694
2057 1030
1815 228
1695 1346
894 367
967 1884
2060 599
201 323
364 1068
1673 27
218 1496
392 200
2006 244
953 1296
772 838
838 757
761 764
1040 515
8 895
1948 572
1114 1247
59 2005
971 151
707 373
1841 53
337 1138
488 1880
1768 1127
1601 574
418 2198
1633 1169
1213 1102
1997 326
1 273
196 1330
1710 61
196 1744
1795 1429
1366 307
1961 1443
1726 509
198 540
1227 1970
1029 1656
221 252
2090 2164
2068 1099
1915 1894
1796 2137
1234 404
1910 1799
2176 818
611 1496
900 750
1849 1408
936 562
640 176
708 973
1918 2009
1716 2078
646 498
580 2174
2120 1303
1084 1968
2018 1000
959 344
1411 2124
1333 702
1800 1984
1817 110
728 937
1828 1748
1202 889
2184 1521
518 464
865 1717
1377 827
1149 1416
1626 1178
645 185
1353 8
1195 1209
127 1148
195 509
673 2127
1087 959
2078 2025
922 1776
912 1445
2086 1324
1911 637
1256 1065
593 1219
385 1365
1414 62
1600 1628
1215 1717
1099 171
710 387
1517 1700
201 487
801 686
120 1166
764 1704
758 1792
1161 81
381 1172
198 1311
1306 432
371 1795
1535 713
1995 1693
1919 1299
42 2010
988 965
135 1798
1516 149
1132 159
514 987
1952 224
1673 1749
909 542
1836 847
1621 1675
672 436
1304 572
1499 1405
1136 289
581 1893
1093 2137
2084 1007
381 256
1543 876
1483 862
1608 413
24 1932
2076 361
1199 1486
783 1459
386 1496
824 2148
587 110
116 912
644 604
398 1592
1888 2046
476 427
1066 93
1509 1361
291 1295
1302 1470
1314 889
260 695
1491 1188
395 101
1354 586
981 1667
1632 1675
383 1893
236 128
701 1255
1758 1995
2182 191
876 1033
282 824
943 1781
583 1828
1648 267
211 1549
1836 181
1052 1224
423 765
83 1782
996 48
471 760
491 387
1054 271
1411 253
791 1302
1134 785
1474 1748
1172 1486
512 1698
776 765
735 213
2023 1294
2166 1792
1478 126
1335 1905
11 337
1818 1374
132 1793
158 1996
1948 1441
298 764
4 864
738 514
1390 1485
581 947
884 459
451 955
343 185
1004 1225
308 1529
644 239
1656 1834
58 337
901 285
296 993
1285 625
1556 781
1666 1595
29 2078
896 1789
1674 1933
634 1649
508 1796
217 475
243 591
331 625
1550 1541
824 2055
116 1591
256 1267
1360 1043
1521 1554
1370 813
612 1277
1383 1835
814 636
1906 1020
748 620
1852 1788
1872 1992
1295 718
841 554
1457 239
2079 1884
1700 403
555 808
946 1750
516 2072
110 145
38 1218
197 486
1125 1380
403 1674
264 1768
1129 1535
1049 1932
140 1923
208 481
1170 400
7 1469
830 2193
2185 903
35 2037
403 391
2028 1891
1028 1127
425 1635
2145 794
1615 1917
1985 1064
935 1080
751 1987
190 304
966 105
1356 821
1407 1542
85 1885
581 2092
1998 1069
1898 562
874 513
1258 295
1826 1197
1621 826
1330 2127
1995 32
488 668
815 1680
1560 147
1326 846
1531 498
273 802
294 363
1269 2148
1031 2026
380 1103
2130 1342
1436 1503
1073 281
982 2064
610 254
2033 1653
1578 1982
2045 1921
927 1799
1395 2069
916 1386
1529 2143
1317 1103
1756 1019
1618 1695
238 112
2185 2142
855 994
884 1227
1431 864
121 405
1681 138
1064 652
148 1816
31 953
2131 273
65 1578
140 1351
1494 902
1014 1067
1476 521
1395 2059
787 541
1285 973
390 1934
1765 1862
556 264
582 275
550 399
688 1155
868 651
777 775
1569 1622
1678 287
1029 827
623 451
520 1276
312 242
1379 896
1883 1947
1787 583
371 1533
287 1148
660 909
417 1238
702 244
1490 106
1496 2162
1277 2017
778 1779
1077 2090
1786 1284
1914 571
1704 1435
1863 1281
541 1968
1879 994
1454 867
1606 2043
1303 323
780 811
1722 864
1780 1779
190 1430
2043 1032
1580 1679
99 1207
1069 476
1895 1011
888 1696
849 1766
1192 905
1487 538
1697 83
1461 435
1595 1114
1907 355
1903 1547
1343 881
358 344
86 1527
1673 951
1387 494
1955 1575
1034 480
1803 1862
182 242
1766 913
1574 540
953 1224
1623 1006
220 629
2003 1729
1585 1401
615 1032
644 1980
394 721
573 1719
409 331
472 1919
711 1613
350 1217
954 1121
700 1700
1913 364
1105 535
393 330
1654 1832
1807 874
2141 1902
991 1036
2124 148
2019 731
1595 1499
856 1147
2040 355
1530 759
1812 2085
1248 359
2151 1623
1338 2005
1270 925
2143 299
837 632
115 1394
2095 470
1277 1137
1538 655
726 304
1776 823
1325 976
1991 1108
1664 2130
1090 950
805 1856
2049 1237
1831 420
1428 556
204 875
533 1297
1803 213
1706 821
2099 1707
850 910
1134 1254
1127 2070
1220 2136
1561 224
1612 2033
1572 1647
286 401
1319 771
1139 1196
1174 921
582 1335
570 1733
388 262
1259 1375
654 1087
551 1463
1455 1022
1837 1134
729 726
2194 1011
1458 193
1365 2190
700 460
846 1420
75 370
912 600
1559 252
1408 1242
777 322
1061 2183
698 1864
1863 917
1686 1463
1165 481
832 1254
727 1191
1583 1406
1705 1765
630 383
232 1549
1466 386
519 1445
100 1988
603 740
1006 668
917 915
578 826
565 1069
1686 1171
380 717
1780 965
282 731
1182 1347
253 106
1878 1445
1683 1113
1020 944
143 907
1329 1309
335 2014
135 513
1686 1365
2131 481
118 138
867 1679
333 1932
546 1717
200 96
1683 341
189 191
90 210
1362 156
1781 655
1283 1040
1849 290
2144 1044
553 1997
1541 858
1482 1441
2076 1601
514 542
29 1155
1310 1508
1373 612
610 1735
100 1121
1332 731
1576 1507
1386 972
2192 375
953 1296
971 1747
863 2027
1742 343
936 518
244 2093
1261 1854
343 1790
412 36
1309 1395
1880 2054
1039 316
2016 1258
1035 1857
2069 970
1065 507
765 1305
1906 190
22 1520
356 1414
1572 637
1658 450
2074 1280
872 2161
879 1971
1117 2168
456 350
1497 301
1692 1405
845 547
1749 630
914 1626
1729 1906
1202 994
1840 440
2027 92
1664 816
2074 309
1205 899
2084 1280
436 1260
1303 1223
1798 1075
1359 1598
338 806
420 676
1251 1948
1 1062
1977 1752
839 634
323 1134
2104 69
922 1005
1184 313
168 145
1510 1095
2183 388
1304 1004
1791 344
1284 515
311 787
627 1520
509 1400
1775 1196
688 502
246 1034
1098 735
1079 1316
1532 1399
2073 1323
1057 95
170 2137
348 1877
573 948
1686 1154
749 2098
759 183
1702 1028
814 949
979 656
1236 560
337 2127
1378 879
291 655
1210 1058
1471 622
643 1392
5 508
927 1893
1496 675
2039 908
1229 110
2070 7
440 467
2026 1984
1231 1246
719 1026
1398 1332
477 1257
1848 985
1418 947
2183 246
1947 937
843 1474
779 1678
830 908
558 1603
833 786
63 829
287 1706
2054 124
1039 1810
1589 1656
991 909
801 98
1187 997
598 1188
77 792
1884 1566
1951 1937
21 614
260 635
656 595
1740 876
1592 1494
366 2092
1525 1190
760 920
260 1087
658 1903
1458 854
920 1969
540 1379
1286 1303
18 618
702 1115
1169 584
1068 341
696 1440
2035 494
2043 263
2113 21
1931 338
1261 156
1894 1801
577 718
162 784
482 1255
1093 274
772 192
617 1659
747 813
2131 536
36 1557
1002 693
874 158
716 1683
1532 1594
1988 1475
1235 1114
808 1020
1354 813
1583 845
1830 2108
280 887
365 1326
1141 762
1227 1435
911 835
1159 647
667 1078
2084 846
177 326
1323 1470
2181 982
782 2093
2070 851
2031 1392
444 1720
423 1852
1640 1605
1355 213
739 510
1633 1689
1440 1067
1736 80
509 9
525 1443
1148 828
2034 1758
545 407
529 275
1732 338
1742 219
1182 903
2194 932
1632 761
148 1602
942 1121
1586 1859
779 742
277 1796
846 72
1474 345
730 1969
797 701
1492 1977
2168 2070
1965 1917
1153 819
1288 1483
994 1694
669 877
2098 864
43 407
1249 1125
1268 1175
1832 837
858 1624
1151 1500
1255 1130
1784 55
851 1377
1496 803
455 153
414 1636
1798 1283
1148 438
1555 1335
395 1956
1140 382
1283 1187
1158 1850
239 1
1107 1116
1935 1024
615 1169
2007 1001
408 2107
1605 198
508 656
1224 273
1268 1577
1619 1514
909 1633
2105 1665
1959 1816
2147 1280
1023 1379
45 1228
1975 2097
1246 1840
2182 132
1958 614
1178 1538
978 259
736 576
1307 254
1342 338
172 2149
241 737
458 723
1144 601
590 2074
1841 1966
246 1625
1977 315
1914 402
1951 294
169 1299
2114 299
2044 1118
1737 1396
1426 1608
513 1506
1027 770
2113 1330
960 1463
1417 2031
2023 883
2097 2159
1397 980
1102 1597
1740 1129
1575 867
20 299
86 1642
1838 1443
1593 448
1243 1178
912 124
1539 111
850 1728
353 2145
168 1372
1867 1761
1579 1603
1544 1010
697 1772
1530 272
666 1399
236 666
1369 2194
2061 1990
1630 16
1185 1944
264 2173
2024 270
743 368
816 811
112 1252
2198 1046
1074 1133
578 390
102 884
2096 1372
1787 1879
1195 1397
1087 160
1396 683
2049 616
672 2183
203 536
1663 1277
198 1452
2193 827
1613 2092
323 1143
1564 1521
1151 565
1 1520
834 1122
32 109
398 1896
124 976
1688 574
161 1933
612 386
1807 842
1540 238
873 1618
1631 301
140 1808
374 1960
219 523
723 362
1303 1613
1026 1660
1515 199
1921 1229
1133 1189
1156 986
2081 1201
425 1566
952 1239
1882 1478
669 212
1432 1164
1792 956
13 1229
1148 2151
1330 321
955 1391
1071 1247
1121 192
2129 2082
669 140
1245 404
1596 162
1923 1918
616 2162
365 1617
1998 984
719 1916
37 1747
1057 634
1098 1721
1304 1823
433 2145
675 519
318 980
1440 1155
1313 488
1342 1809
1791 2027
886 1574
1933 1529
475 531
1624 1049
2072 10
488 594
616 1171
299 270
697 1439
1909 112
330 1456
1741 423
547 1779
1179 1039
1140 1995
2086 1384
62 2011
2010 493
1581 608
2158 1308
615 49
588 245
1518 1964
1153 736
2081 38
1844 767
9 1982
1299 1166
231 2062
609 331
1411 1623
1332 685
1367 897
923 1541
825 1540
1941 1787
584 981
421 1943
1718 1360
1049 1581
172 1951
1313 620
2131 348
356 19
1782 545
1342 120
2181 689
1831 2071
541 42
765 451
1219 250
281 1596
847 715
599 869
53 45
1543 312
1270 750
864 1937
1317 2128
948 1436
1622 1807
1479 51
617 1909
1257 1880
1212 252
1571 332
902 472
1558 489
544 663
2063 1506
1302 1725
1870 133
2011 680
1942 1266
1091 501
1887 940
177 525
375 864
2001 735
151 934
1832 19
1 1931
911 1888
24 1408
535 1307
319 2155
2166 1422
2084 1169
519 2016
502 724
1136 1406
1184 2054
253 1510
1826 619
842 963
1261 812
197 762
1740 1221
1762 144
2074 1124
1072 1422
334 356
1664 1906
1059 2166
1230 763
1988 1955
1945 368
2173 1297
12 1886
1924 1879
1095 813
2070 1870
1791 1277
918 662
337 1618
241 1658
1879 1881
1653 609
1097 1126
336 1946
1901 828
1116 1083
2169 2064
832 1198
108 378
162 1673
140 200
1712 1512
1795 17
645 1185
1995 211
665 852
48 1146
850 1661
2181 1030
22 2151
910 1847
1907 1991
1076 1344
637 2018
1400 61
62 1516
2167 482
1669 1790
875 385
557 651
1034 1135
309 1823
1039 1180
1296 1645
1495 1790
1747 1251
1014 625
1004 1012
384 2149
42 1914
1803 1435
1655 61
1297 1341
1065 189
716 1714
1880 32
506 1634
1427 1416
1024 788
1787 1820
1995 354
1697 1673
697 2133
1387 1621
422 1139
1633 297
267 2009
462 800
1792 542
842 1192
330 159
764 1275
624 808
1861 1626
1599 301
168 1767
54 270
725 2198
252 128
293 1304
765 2006
1135 931
403 1907
1705 1105
936 842
1227 490
2146 612
2077 225
1240 197
1056 1097
1913 1116
2 1306
108 269
1355 1436
1833 701
1076 1670
1782 1409
1728 1676
1830 740
963 115
2093 1251
2175 1505
294 2198
1821 1494
613 93
336 1465
1160 1788
989 841
2176 1485
1063 73
877 584
47 1142
728 1194
1304 1496
1266 1184
984 1314
161 1606
675 224
1356 1536
1554 773
1275 643
912 1286
1481 737
1229 87
1894 1920
1900 1975
2141 574
423 1402
1036 420
2162 563
514 1395
725 804
1979 1655
2019 1292
1510 1374
2191 1163
119 1645
1246 869
745 136
679 384
1123 908
1671 188
1915 939
1346 55
753 1082
1075 1162
2 274
277 1819
1293 1234
2066 1503
1761 653
456 580
1285 221
1388 1968
1810 780
70 386
115 379
1756 635
861 921
123 1984
1233 2145
1183 551
286 1505
1924 684
2035 882
853 1671
1946 785
1666 2027
1360 393
1143 109
153 194
1854 1927
105 338
887 1344
2053 30
254 2050
1872 1574
242 32
1690 251
1294 1514
1930 1117
1529 686
420 2013
1168 565
1405 1339
882 1807
107 1893
316 476
210 941
1323 56
1569 1902
1287 825
91 403
320 656
458 36
2024 1218
1645 1765
1487 1794
1738 2029
246 2165
463 888
659 1570
202 953
259 1620
1713 1808
982 589
316 604
2187 1448
1774 477
1204 2091
1098 520
493 1424
1209 2160
1534 838
810 1589
392 1289
1715 1900
452 1706
1900 387
967 1876
739 583
1602 333
1801 1380
117 1901
700 432
1227 958
1342 668
1049 567
1562 1088
337 2191
1590 626
107 891
1860 347
914 2148
1603 1622
1836 1376
75 638
139 2059
2174 1379
1898 329
521 968
1217 427
1794 500
1913 2060
1491 1395
1523 1711
948 752
634 1239
1335 1169
1913 386
525 223
1423 907
886 273
823 1019
1926 1556
1748 1939
802 1849
850 1168
330 1091
1327 419
841 1291
305 1412
1079 1522
801 1730
1783 426
965 2090
1172 1689
1779 1546
1967 467
648 1977
460 1780
913 549
35 223
1161 2111
874 1565
1474 463
1303 485
1103 24
594 2180
645 944
81 234
161 255
2038 1681
284 1617
1043 1106
92 1361
1102 405
548 555
575 13
748 542
1078 479
1147 1125
1193 2197
888 1769
1491 579
1112 1661
1937 692
2138 1909
382 2026
1335 187
1102 2176
1749 1399
255 494
306 59
819 257
1165 720
1210 188
384 193
1845 407
346 1562
253 458
2089 1524
634 1006
1948 1352
1935 408
1262 773
1931 1939
1799 2040
1187 625
829 359
826 1941
321 2178
898 1120
1668 758
396 1983
1383 1543
300 1109
1121 346
312 122
363 868
1607 1119
472 267
1398 1205
2096 1647
1501 314
1252 1347
1937 391
1747 494
1754 776
1763 289
653 1192
1812 1693
148 713
1470 1026
976 1941
34 814
1529 2077
2158 296
1804 1403
434 664
603 957
1736 2029
1555 705
409 898
2183 383
1601 1662
169 2144
2100 1590
1321 793
531 2001
1790 92
479 304
1393 11
1070 1305
1553 1241
690 1687
648 1423
1478 439
509 2056
925 1104
1251 578
1179 1584
1935 969
1021 536
1687 2042
1308 1515
1077 2089
1484 584
2154 455
1795 785
1152 1267
380 1736
1624 1460
619 437
1178 1776
804 1166
211 948
1356 748
609 2129
1169 1837
425 279
469 1916
1025 905
485 1241
770 988
153 1158
597 1565
60 1719
1975 662
794 301
1055 541
321 463
1020 1346
1289 1845
411 1890
349 1195
181 1620
1499 1575
1360 864
944 1151
420 1583
1476 1777
926 1963
541 889
1625 2148
800 1992
512 1483
322 311
304 311
636 561
2034 777
869 1557
2110 534
337 32
371 2018
2175 390
1220 1107
553 1273
2076 1217
173 600
2 1847
608 1173
1223 1670
1249 163
1196 2167
59 913
1473 1395
1437 920
2129 1153
668 21
2065 1378
1016 2091
430 1125
1643 848
374 1890
2166 1562
1390 1397
1630 1150
971 802
1027 861
205 1735
1257 748
1205 1690
448 2046
240 1319
478 2000
1755 574
125 1688
838 1016
1374 1003
1133 2156
1884 146
1857 506
694 56
2006 1066
844 2099
141 1306
1579 508
1194 755
1747 749
1200 1158
1293 582
2136 1001
1802 315
1712 1072
1999 1342
1528 1553
109 564
1335 1760
2117 527
324 1828
1744 784
1202 532
1828 2110
1099 290
2194 863
949 1610
660 474
57 2062
629 575
1640 786
1033 244
1320 118
2179 1229
1301 1518
1029 1254
2003 1026
626 296
502 602
448 454
1364 778
1201 2098
1251 1694
104 1689
61 1394
1216 1808
1922 105
256 1346
172 96
1315 1527
141 285
1117 1482
1476 1881
951 1007
1551 744
1891 839
787 457
