2928 153
3180 622
3039 841
3517 519
2154 391
1832 3517
3793 954
161 2295
1479 1289
872 2327
2626 801
1660 1844
1537 917
599 613
1082 2240
298 3641
2655 1958
2165 2372
2540 2040
675 1332
3632 2679
3936 2530
3414 2384
3384 1891
2031 101
1422 2206
2173 3116
2997 2648
94 656
1583 747
691 3125
2943 3093
204 2906
749 1357
3187 2647
1205 1232
2897 1990
3084 3897
2688 2302
273 144
3663 857
3052 3801
43 2232
3142 3053
560 3645
260 2022
876 917
801 2131
1388 89
1734 2667
2918 2505
3209 1663
1314 441
384 2760
581 2536
2848 3936
3643 3627
2038 2028
1632 1001
545 407
2060 735
3466 282
3961 1316
2914 2486
3058 1798
1366 868
505 3699
3697 356
85 1652
911 1971
1815 1812
3193 3480
839 3038
705 1468
3632 3684
3836 1465
196 3900
503 555
2061 1061
2647 1156
2770 231
1809 284
1026 1688
3490 517
2655 2619
3917 988
2250 836
1423 635
456 502
3648 1612
3182 3053
2441 248
398 3639
3132 3230
253 2172
244 1823
1856 1151
1194 2901
211 2653
497 1156
981 3411
847 1609
884 2108
472 3375
720 1719
1128 3104
3983 967
2397 3960
1212 2068
47 2902
445 558
2317 1932
3728 1874
2709 405
896 2886
3792 1702
426 2750
3528 573
3814 3233
486 2326
1141 3525
1004 317
486 2742
556 3037
2788 694
3971 1847
1312 3135
1014 1806
2998 2788
3719 2047
3998 2165
1012 1295
402 609
1228 1468
3191 2262
1711 3925
3658 2852
2913 3622
3400 2047
2922 2795
3546 3043
2285 3109
2235 2834
835 2827
3367 2969
627 536
2881 2353
2897 3650
3169 3745
16 3755
1657 3936
2853 1072
3715 1144
154 2591
3497 294
2923 2725
2032 3262
3936 325
1537 3436
3239 2245
437 2389
718 1059
3069 1372
2106 2372
1676 3648
615 3789
129 2434
3581 3563
3636 3237
651 3116
3452 910
1090 2576
1787 3115
1873 1050
135 1680
312 2465
950 3388
1387 324
421 1242
1285 538
261 36
2342 1318
835 3969
3211 2025
2162 1935
3497 530
3158 1052
1861 1488
1872 1422
3763 2121
545 3683
2697 611
2589 754
350 3903
174 3856
1989 261
3458 3343
2592 571
978 705
2115 1167
2639 3514
1863 404
11 2195
3911 3561
2753 3883
2586 2388
1187 3464
109 3502
2206 699
2300 2776
3148 3618
173 3596
3542 2983
2410 2222
259 1349
2265 1345
2433 458
1273 1110
1263 3576
1595 127
1028 998
2107 673
3104 2116
1657 3624
622 2332
1240 2420
2354 307
2643 3761
3700 2734
311 1605
1129 242
1313 1091
2875 1827
1876 1596
629 3342
279 3509
1388 611
1385 1331
3981 2970
2146 1555
191 1207
103 2614
3829 3975
297 410
3731 2602
539 1796
2201 2411
1102 1144
3249 266
203 683
3921 3834
2669 3728
3310 70
2648 1263
573 2479
3834 3284
2247 1009
3452 1795
1160 1252
1412 3113
3108 2621
3115 3533
1927 3956
2550 3910
855 3233
691 3462
2457 2944
1842 2804
860 1139
2909 1720
1733 3783
534 2095
3064 2734
2635 1662
1 2731
2296 642
348 205
2074 486
3655 274
939 175
865 877
3391 1681
895 1123
2810 1541
3115 2286
3404 2610
2905 932
2698 2279
2184 466
1449 683
3569 1890
2329 2123
2576 1309
3613 2290
1900 201
2307 1624
2852 3186
1572 3825
3095 1767
2905 3430
3344 892
3607 545
3917 3821
714 1313
1130 898
3306 2318
2031 3565
2267 3622
2899 1136
3143 1526
1067 3292
592 2244
1107 373
1493 3529
2999 1841
1987 2460
3262 1791
245 2441
20 1156
841 3137
1075 1792
1728 971
1677 2063
3634 1912
3769 3852
2124 3637
2775 1136
103 3417
449 1240
2790 2397
3985 1989
300 267
2185 1372
3703 3919
1859 1325
1021 2379
789 2065
2241 1127
1632 3437
2322 133
3670 2644
865 563
1765 2280
3229 2841
1956 3137
3500 3634
2553 1478
2504 1783
773 1655
851 3735
2573 846
473 1219
1766 2714
1825 1861
251 203
1391 2161
1438 684
3929 3540
649 1065
3460 201
879 3538
1690 2058
133 1336
3114 356
614 405
3965 1475
1607 3272
240 3180
1752 3453
2579 426
2100 3403
1372 3231
1093 1847
1161 1500
2518 3607
368 2669
2359 3568
1029 1067
3559 2912
712 1109
3937 2040
647 345
101 2529
3767 3691
513 1984
3307 3672
732 3124
3663 2677
1472 2683
1188 528
417 980
951 3496
46 3744
1664 217
627 1442
500 495
1032 1285
328 3452
1946 3997
643 516
116 965
2494 1493
3242 104
3994 3861
1313 27
2078 2899
1246 3431
1516 3040
42 2116
1279 2678
2078 577
3748 3030
401 1505
1873 2128
3483 2591
614 1883
2981 82
1311 3396
16 2155
1363 3875
3742 2331
1068 1194
1121 1906
3939 1335
2334 1826
983 2152
1596 2274
1226 2094
1551 366
952 570
1084 1324
2773 1555
105 1353
962 2858
2851 162
1260 2789
3370 2175
961 1400
701 377
1871 2642
3197 2461
1147 2706
1889 1288
3419 154
2166 530
1457 2748
2800 1319
1252 658
562 240
764 1162
2390 753
1306 413
1273 2955
786 1313
198 2081
3206 3188
861 2936
1952 3961
3136 2552
1195 703
3450 975
2319 3996
2957 1365
1607 2906
3670 1994
3264 2088
510 443
721 1105
1056 1347
3826 3241
242 654
602 2755
18 3961
2713 1663
3278 1877
3950 3617
1616 3115
2150 1214
2564 1401
3602 2128
3720 1210
1635 776
2031 1508
1125 1250
2673 3947
1909 3636
1715 131
512 3585
1710 130
3322 3370
1503 356
3992 228
2602 1416
3754 2693
3276 824
1624 3895
3004 3814
568 3567
2428 977
3306 2327
162 743
2832 1511
3805 2437
1325 1843
1255 1369
1176 830
2630 3496
1213 1932
2110 2476
336 2325
3159 2741
1263 3445
2726 3409
3092 2368
1466 3238
3315 1107
3365 2651
3926 837
2438 3959
2707 509
3055 481
806 3805
3512 1478
464 1340
1343 1177
3116 2610
3065 1621
2922 3116
1018 1598
426 1407
1885 2694
1238 25
2160 1995
2652 2195
1504 1277
903 2
636 510
1113 1901
3400 3778
3591 3673
3713 1653
2641 1920
3303 3836
2076 2913
364 2675
2574 3696
600 1110
806 1646
2551 3995
3669 2419
831 2909
3453 3656
2273 3859
3428 2545
907 3391
2740 1159
2424 2755
2323 3748
1237 781
1274 3992
2737 2739
309 2456
480 2169
406 2102
1388 2256
2710 2539
1305 2904
3048 1265
2898 3814
699 3662
3765 2369
3277 3210
2904 550
2151 2209
1559 3116
1945 84
3420 3074
1074 2970
1353 2612
2939 1812
2372 204
465 3135
2367 2133
3518 3490
3844 3930
3155 38
2938 2829
1156 1605
118 2628
32 2940
544 766
427 2330
3841 3012
1690 1627
3462 1642
2698 942
436 2772
3613 689
3976 2453
1298 926
1321 2419
384 1567
2829 807
1774 510
3428 2016
2962 3543
3205 2151
1221 750
2388 2941
32 1629
1804 2912
3221 3782
590 3308
3627 775
2694 1759
2679 3435
279 405
1780 701
3843 1586
3872 1143
2936 3262
1586 1432
90 2954
3163 3124
585 1265
2808 838
3151 2777
1713 3521
2568 3801
3089 2468
2478 1204
3843 3435
1344 228
933 130
2447 2930
1260 3989
2181 2242
1172 866
498 3755
1409 272
1140 1859
2199 2745
3010 3482
1362 3939
3925 3037
131 2412
1364 955
776 3459
2554 2564
2375 1460
3014 973
2790 955
2207 2959
1866 442
1698 3088
1643 2981
1578 3609
464 1819
1978 3206
812 431
937 1245
2132 2244
3435 2230
571 1431
2872 1945
45 2678
2556 1636
1316 2607
2939 1835
3946 2019
1854 3482
1964 985
3869 1367
1303 3278
1323 450
371 1834
3609 446
2040 1071
1288 1513
1552 683
3919 39
1643 3564
900 733
2649 275
2379 1337
2824 2561
601 2575
3834 3342
2115 2527
3425 1112
904 2226
1946 3352
823 802
3108 2481
351 953
3835 514
2065 850
1750 27
2227 412
825 1484
68 1341
1751 1304
2632 3091
583 2760
815 2326
386 1245
1734 345
2903 1693
2905 3279
1547 2735
2531 1386
2480 3489
2740 3102
961 358
1693 2980
2999 30
2715 3003
3339 2189
2686 3177
1321 141
3189 2752
1581 2815
3576 1755
3996 2365
3378 2183
2786 1131
1961 383
611 1516
874 1007
256 3249
118 2618
1705 2060
1027 1431
2425 1027
1904 1270
3474 1535
3498 1345
1398 3204
372 2621
287 2363
1782 3888
572 139
3940 1500
72 3367
137 3625
2088 321
113 1634
1345 3291
1072 853
692 1822
1362 3422
727 2148
3648 797
2930 111
1515 2563
722 1245
985 972
2509 2419
2921 1734
1683 1334
900 1329
237 3928
1698 1790
3444 111
1302 1657
3345 2882
952 2691
2413 2045
2861 2680
3604 901
1908 880
3754 773
2959 1953
2090 421
1228 417
3991 1084
3824 1897
2145 3964
3807 1237
727 1100
3530 3336
2595 1492
3573 3468
2534 3857
3619 2551
560 72
1153 1993
924 3895
237 3026
1862 3943
1633 1840
3146 2078
3807 790
730 1105
1882 2505
1724 214
734 1764
734 2263
318 91
951 2883
2328 3420
3707 926
1639 2161
1530 1465
2405 2690
501 3676
3259 3320
1374 1056
38 2108
204 3641
1479 3518
1144 144
3176 2162
2135 3695
134 3348
83 246
607 492
3464 779
3898 1773
3865 525
2061 1911
1260 2697
1102 764
3657 2085
3354 2080
3722 3002
1724 153
1951 640
3931 2262
1185 2881
2370 1500
240 3407
237 972
1836 3889
1069 2208
236 3640
856 340
1023 81
2064 2849
2877 1811
270 3588
3624 23
651 3678
1316 1704
2379 1044
3985 656
742 1655
3521 3250
3092 3006
1338 886
1237 623
1961 2846
2170 1724
1089 1048
1299 1162
3055 2188
1046 2637
2811 501
1224 3632
1469 3052
3468 1329
1497 896
3589 968
121 514
1898 423
1382 3197
3461 3069
1923 2051
2247 1493
3750 1570
2956 2972
819 661
2182 3872
1878 439
2313 531
2877 2802
1042 2991
464 3669
3317 307
1678 933
3041 1772
1221 3626
2386 719
2734 2538
3475 1410
3874 1171
2894 3482
3197 306
818 127
206 1633
2560 3884
1623 1468
1778 3443
840 1364
2599 1502
2418 893
1615 2447
1162 2402
3600 2184
2237 1977
243 167
2762 3600
14 2825
353 3750
2639 3760
118 2359
1569 863
3713 2031
2942 514
981 1600
3890 2122
187 143
3335 1014
3178 552
3218 589
1317 1106
1658 3048
2546 1212
2624 909
50 2839
1327 2005
3682 3934
1762 1583
2381 3183
3116 2814
3244 541
2984 3965
795 2207
573 1187
3192 160
813 3330
3867 1593
1659 3657
2605 2300
2135 1577
1190 2663
1160 1396
1415 728
3060 1153
2576 2528
975 748
1920 48
1533 2587
3079 2320
2214 3548
2057 303
2325 106
3185 1332
2348 2350
1135 947
2024 1921
2000 3675
1165 463
2808 3820
2958 3384
2687 613
91 3601
997 2748
2439 1255
339 1767
2676 3395
1616 2103
3262 1065
3356 69
1057 3323
140 3237
2823 442
835 3830
1234 428
1802 1627
1538 1753
2956 3972
3204 1135
1200 1669
3960 70
243 1160
1821 318
2401 3935
2235 1444
240 2609
876 3828
3450 3062
3207 1176
1877 574
2507 174
3504 1355
2341 3431
2796 287
2046 3404
20 3311
2117 3259
1243 3415
3316 3792
657 2920
3136 1503
1665 2812
1986 3677
2634 3210
2526 3262
3544 3317
2541 3096
446 607
3947 1031
563 2683
1342 1770
3398 3519
2625 2123
30 248
2125 2972
3571 2104
2243 1661
3011 3754
3384 58
1010 646
125 3184
2273 2592
266 2000
1609 3803
231 3900
3156 1563
3063 3311
3673 2552
2305 2970
1394 494
924 3560
667 49
2422 1986
3754 3390
3873 47
837 2253
2362 1395
1732 3811
2328 3161
868 292
3694 1483
325 1797
1917 2558
3425 3550
2617 2347
1354 2654
3637 1815
3646 1274
1805 3476
1513 30
3345 1024
952 996
873 3019
3157 289
3210 3383
3268 2332
2867 2808
3033 3099
1572 3322
2419 1494
188 1858
1753 2316
2732 461
2608 3348
2622 2036
1430 3308
2620 81
3006 77
766 1179
1000 2880
980 333
3420 3945
2795 1702
1347 2946
928 681
770 2723
1471 3684
2004 2748
3510 205
1315 133
2843 617
1379 2029
3094 3206
2027 2574
3724 520
2769 2978
1642 2465
2560 3279
3946 249
1689 797
1477 1518
643 3081
1813 3924
1360 722
390 1981
2030 848
3992 3092
998 3044
1075 292
2644 3659
2440 2293
2884 2732
3456 566
549 785
3972 2198
1485 850
2248 2988
3817 2732
1236 1111
1983 3857
1136 96
898 2809
11 3836
2193 2519
3336 2509
3980 998
1958 3527
3540 162
1643 3248
2175 2675
236 2977
1652 99
2651 1545
2601 657
3918 1137
3478 3198
1544 1274
565 3653
1094 3746
281 712
2760 1030
1160 1861
2233 2337
887 1703
1981 1011
2400 2073
3671 2365
3074 1173
1044 584
502 2651
3575 997
2345 605
2658 1903
2170 3927
1181 77
3090 2556
1095 3763
539 1227
2070 2504
2687 256
3276 3
3806 2151
696 2702
2667 1644
2822 1133
4 3470
3716 2008
3244 3730
1042 3299
2790 1875
1606 959
3152 3510
1209 2265
1434 3900
2865 2784
2817 2193
2475 2244
141 2018
1284 3418
3331 940
3653 3740
3048 1422
137 3725
243 160
749 2458
1804 2237
1779 316
2215 2748
1042 3130
3800 2909
2781 300
2194 446
1006 250
2656 3533
3215 1314
3838 2200
3301 3641
853 864
1370 3561
1521 2092
933 3064
1 1594
2296 1353
2379 1616
2470 2620
2537 2033
1327 2672
3940 3275
2953 233
3851 1581
3405 1772
3664 1621
2587 3016
3967 679
650 527
412 282
3056 3873
1720 557
1546 553
2959 3895
2922 2593
450 508
2714 3057
524 1691
2673 1237
355 1860
1201 2300
3404 2151
345 396
3547 3016
1134 1731
134 3118
193 409
1381 1434
957 2721
3977 2869
1680 3086
886 3843
84 2739
3486 2803
1432 2146
2267 600
1807 3221
488 2674
1173 1291
508 1765
762 523
2629 2508
3340 2852
349 1926
1061 3477
1132 2190
814 2664
2681 3528
2286 281
3246 55
1492 148
1639 620
1437 1436
1654 2841
354 1128
375 2244
3649 1161
491 2871
1958 3366
2067 1940
1365 2792
3883 2373
3735 2834
2784 625
3999 231
1744 555
2264 1199
252 3781
3885 2837
12 98
3092 360
1183 1672
2904 3841
429 3316
1857 1732
2812 1256
1506 2335
1723 863
31 463
831 2
3801 3682
3159 2835
1208 760
750 486
3667 738
636 943
2815 1773
2377 630
3730 3064
1344 2087
2611 64
843 1030
1280 2205
1425 2656
282 1093
3400 1277
2417 622
2169 1810
1512 3825
2607 3347
1157 970
2043 2501
3543 3484
3688 945
2660 2833
630 788
1966 2079
3765 1779
1474 70
959 268
93 1654
2226 3592
1274 1422
3688 2061
3804 1471
3573 1776
2517 975
3133 3623
3569 729
1840 1149
2018 2961
3587 2526
2952 2021
3564 3794
2877 3104
634 967
922 3144
1486 262
1450 1895
3226 2664
1353 1158
2772 1090
2232 3573
1782 539
3200 1576
1366 2142
511 2556
1277 1002
3636 151
1287 167
3620 2316
3478 1460
615 2590
242 668
1298 2780
3649 1159
2593 139
1983 3020
545 1441
3962 1795
279 1549
2637 56
2353 1557
2199 2237
3815 3767
1495 823
3980 2993
3783 440
1783 379
3122 2733
1641 2674
210 493
794 976
810 1202
1733 2135
509 3748
2604 3821
842 2160
1673 1216
2053 1816
3283 554
2962 453
3529 816
672 3287
350 1477
32 2525
1985 2572
2113 1919
103 2874
746 3832
1048 2650
2419 1698
2579 2666
3360 2666
894 3106
858 674
1998 3125
3852 2293
1615 3152
1463 3221
784 2463
1427 560
1839 3503
2210 2977
1436 1710
1234 1667
3789 3470
1904 160
2302 2025
2659 1224
610 2591
2988 1437
394 1754
1592 971
2193 1778
3231 2613
1602 1645
1404 874
2822 2238
2537 2743
1934 1166
631 118
3289 984
3399 1732
3362 846
72 2736
970 3418
301 1550
2653 3487
1962 1900
2467 3613
3467 1564
1094 1811
2961 1040
219 1982
2218 2500
719 1504
1516 1045
1487 2428
205 3664
2708 3774
3906 2085
1161 3832
1043 377
250 1446
3095 3867
2459 883
3057 174
498 1236
1670 709
2626 2195
2617 974
1525 1094
1253 69
1125 157
23 809
2407 1211
3270 2539
372 1340
1232 3778
213 1333
3634 284
3563 2104
579 3375
921 2390
2317 398
686 1983
2506 55
914 2406
439 1449
3597 2912
3063 2386
1711 2603
455 135
1823 2410
2297 205
2019 3182
1103 1747
3688 1809
3638 2275
3119 2652
2813 3854
628 393
3184 2372
3484 1570
2005 3781
3355 2632
3522 1713
3840 2160
2809 1019
1437 1640
2498 1085
3542 1143
3491 1733
197 3554
926 2541
1032 266
1159 1257
2184 2611
2913 2297
2790 3360
3380 2557
324 1818
460 3048
2126 1680
2225 782
1347 215
1759 2967
3300 2034
1282 2069
2263 3310
3791 1522
3704 3716
2049 3
1309 2850
239 2681
2181 3491
2023 3190
284 2777
2505 1628
877 1453
2690 3681
3813 1374
1124 895
1632 165
3518 3784
1138 1209
3709 534
2836 2574
1119 1728
3752 3481
751 2089
1483 3406
834 3955
3383 1066
3853 1649
1010 1101
2305 3034
2198 1151
1028 3768
1694 2931
3501 1728
777 3080
2204 3997
1902 1644
1172 1861
3197 2972
3669 1165
654 1447
2938 2456
3432 2001
908 971
1231 370
513 2332
2251 830
3253 360
3986 672
1571 99
3089 1855
1024 1034
316 3299
2068 3413
1423 2672
565 1737
1984 2257
1634 3786
868 3120
2458 3053
1402 98
3575 811
3736 2816
1930 1073
2928 2607
2931 2804
126 3489
3004 1219
2097 981
3988 597
3987 2969
3459 1409
1271 3056
431 428
382 3022
3082 1148
614 1375
1141 683
1072 72
1174 3768
140 198
1393 3192
3363 2867
6 3946
641 1959
2599 3847
509 2426
211 1944
838 2023
2836 1154
2092 1197
1618 3964
3463 1455
2354 2945
2088 635
1998 3457
3899 712
2386 1330
1813 2680
2128 1732
2944 2205
545 3153
1408 3704
2937 2675
3169 1084
3397 1552
3967 593
3332 753
1618 3989
3871 2384
3316 2877
3975 47
2224 921
3305 2886
520 1365
944 2900
2979 3323
2359 791
561 3862
3497 3222
3805 210
2871 1659
398 959
1973 2814
3225 1653
18 2909
807 1009
2291 328
2271 2173
299 2968
815 3533
3416 1599
1468 1381
636 1883
1924 3929
1047 1125
3788 365
3326 3462
3531 1243
3418 3016
2802 978
3327 1386
438 3227
1447 3406
2300 2423
395 2157
1215 517
3485 1450
3521 2976
1765 2851
2188 1668
2678 2083
1732 3025
3852 1973
3115 552
1893 3732
1424 50
601 509
3381 2560
2103 3558
283 1645
893 552
2764 1184
2099 2167
3717 3886
3845 2386
126 3260
2236 1814
1431 3746
1751 2061
2753 523
267 2659
2695 760
3156 2745
2583 1540
919 659
752 1250
2678 717
1257 35
3982 2282
1180 2036
1105 1132
2190 2181
1627 2272
2043 3844
3603 496
194 711
928 2844
3019 1448
2341 35
2897 1226
2490 731
3344 1946
3273 2880
747 2514
130 2377
3386 1399
1691 2966
2095 3585
3496 1381
2627 827
3347 932
2978 3520
2712 929
2000 2118
1695 2334
3158 631
3926 3584
1101 1849
523 2086
1094 304
3875 758
787 665
3130 851
2902 951
1207 3723
2436 1643
843 1517
2933 1084
2310 2072
2794 2614
2518 14
1787 270
3870 2951
605 323
1775 546
3149 3137
2437 2710
412 1696
3392 3943
2134 3273
1724 2708
3568 3384
1552 3309
3214 1692
672 2979
3182 1020
895 2647
2932 116
2629 1236
1619 541
1929 3704
3285 938
2747 2189
3559 2254
2337 2103
452 59
3563 1030
541 2342
3637 2282
1953 3111
2585 3014
3759 2556
366 3646
373 492
1473 2154
3267 1065
2286 2797
2386 2127
3483 3679
2954 2057
177 581
3604 2642
2936 355
3645 281
2894 3304
2692 1438
2308 1671
1441 3514
1110 3398
3377 2555
1956 1071
3618 748
1073 3716
1463 1555
3703 1551
2232 1107
1381 247
282 690
2967 815
1094 3413
752 2985
937 1224
1335 1160
1976 3226
1483 3091
1373 2180
2307 2501
2850 298
2663 1185
921 3770
293 3586
165 402
1585 337
3721 2462
156 2576
2603 831
1391 2291
1285 167
3492 1134
3528 832
545 201
3756 972
1490 3089
889 1383
3171 3720
1387 393
3191 3292
646 1864
1831 1205
278 1435
2394 488
1184 1049
989 1065
1131 3199
3936 2653
1381 3376
2221 1261
628 86
2437 214
1561 1479
985 2718
66 3172
1538 2497
461 763
2301 201
2324 1132
1159 2588
2362 712
2096 3727
944 2101
2079 2745
196 2350
3875 3586
70 3527
3792 2778
1816 2959
2494 3974
3378 1614
2202 2517
1648 2190
2055 1776
2712 342
437 2032
1835 240
3068 74
3016 1772
1813 3621
87 2622
981 3692
2137 3907
935 95
3689 2497
741 1220
2991 2188
3091 2171
353 1540
3928 2831
502 764
3129 3816
3049 3862
980 3709
3942 1705
854 614
1076 3460
3161 1264
191 3917
3166 3786
2049 1442
1411 3613
492 449
2273 2616
2262 1187
612 1001
962 1635
1000 935
3079 124
3020 2636
2175 3632
3606 2528
1134 2885
3363 3569
2605 2729
521 831
1906 1911
907 1363
3582 3090
2232 1264
1250 1614
2592 3362
2831 1838
2932 978
3129 1031
1241 2907
839 2724
329 1527
473 3171
1702 2611
2870 2460
2395 3394
1970 194
1169 3436
2776 3266
1803 2983
3417 2153
1151 894
561 642
498 2861
3475 2588
2254 3951
1841 2505
66 3567
266 3331
342 602
3951 394
42 1686
2131 1065
714 3500
2575 438
3728 3680
3408 311
2646 2305
1470 3458
1238 2108
425 3741
768 3659
1842 133
3159 1419
1011 1450
3016 1355
2700 3382
744 896
363 2702
522 310
3735 3601
3289 2816
2937 3166
3384 208
3752 1043
3028 1347
2896 3440
3234 3283
701 569
3290 240
1098 2586
3247 1993
32 709
2698 3396
2957 151
1795 2573
1412 920
3516 299
2666 2049
1401 1710
932 3480
3679 165
2426 2903
2632 2668
2952 299
2177 3490
3841 1592
3328 696
704 2074
1221 70
1005 1638
3979 1656
1001 1103
171 2661
2390 484
2510 1824
1413 1622
3981 647
1629 2488
1959 121
101 1119
2142 933
1774 3497
3054 893
384 1338
3531 3273
2688 1313
182 3128
1370 3641
2363 562
1169 3531
1002 1417
1056 593
2801 2637
2668 117
2962 3678
200 1816
2278 2396
3524 2095
270 411
660 3144
2641 1619
2392 1418
1559 3443
3565 1978
480 1685
3311 1082
3202 685
2377 5786
3963 283
884 1118
3360 134
2747 3309
908 2424
1168 1298
3318 1711
2249 1931
2278 1643
3015 1570
2636 308
3543 558
1203 1220
2453 3337
688 3251
2379 1385
3220 3678
472 670
705 3859
779 871
2650 1468
846 241
498 325
320 2125
166 620
2843 972
3207 388
116 3865
688 3877
1984 724
3126 1299
3795 2759
3517 1065
1732 1094
3527 1027
2893 200
519 2117
2959 732
2900 396
3314 2954
3001 2670
3433 552
1737 80
116 917
2832 292
3583 3029
2756 1885
3112 3178
1946 2129
1790 2443
2773 1321
1797 1348
3578 872
2229 1641
1759 886
1506 984
2882 232
2071 3786
3157 1805
412 118
3670 3895
1686 35
3229 3332
3053 2151
143 2921
1961 0
496 3290
2197 2990
213 1912
2694 524
3031 1335
693 3305
1156 3627
3592 647
1039 1231
399 3184
3432 593
3049 1231
1574 2461
2695 2738
2336 1605
1128 410
2971 3370
2148 764
253 2697
1733 2296
3265 2949
3919 1747
3940 332
1088 3091
1372 201
1713 22
1608 1414
957 3919
3969 284
2169 3647
3888 2521
641 1100
1882 332
1524 1120
3030 687
21 1089
3680 1809
1907 2472
2789 3712
1986 768
2590 3408
808 1566
1114 362
1076 87
3828 3188
2632 98
3812 985
1495 1194
3121 1589
3209 2672
2276 2430
3932 3676
3224 3570
2021 3517
1677 442
2612 3589
27 3352
917 3706
2788 1778
2675 1786
99 762
23 238
2240 633
2446 425
2821 1496
488 1278
2731 2955
3613 2300
1709 2490
2634 2535
1950 1773
3545 3667
3095 1876
3967 2367
1448 2800
2910 3052
1520 1218
2795 1625
2216 333
2410 1053
665 1162
2549 3327
3822 937
924 2389
2756 2430
2726 120
2525 3248
277 736
532 3513
3144 609
3468 1818
3865 2914
2881 2751
839 1493
3743 2346
847 2968
1713 1439
3955 1832
3762 1227
3644 956
224 2898
2428 3237
78 116
2316 928
1208 3291
3412 1588
2033 2947
1737 3887
505 2150
3568 1912
747 2755
3617 2864
1394 1994
1767 3755
2363 3399
131 3524
3749 2569
1264 3394
1397 2286
1474 1253
518 1997
1064 1420
1438 735
2768 2023
1276 42
1193 3668
750 3148
1636 473
63 993
3092 2172
972 2352
3412 3522
3415 1176
2279 802
3381 2387
3067 1350
3043 3908
1191 1789
2710 3490
2260 3391
3247 3041
3735 223
2061 3161
2300 390
1916 1557
766 1777
1483 2587
1267 425
1051 499
1861 1051
2036 1109
1595 1492
2802 83
86 3163
3100 0
2935 3051
21 3229
2654 2379
1323 3678
1005 3211
3693 3069
3691 3325
3994 1946
100 3310
2676 3373
1805 2944
2516 3210
38 3301
823 1072
153 2810
2197 1006
1662 221
3538 434
1857 1741
3630 3600
1435 1789
567 3371
828 1204
2718 323
555 804
2503 2171
2372 612
3929 901
2464 2477
2902 717
563 2957
261 3231
2830 2539
1931 661
3556 2649
2648 3393
3946 783
2173 52
2456 169
3483 2664
460 3743
2326 1040
2989 2205
137 2490
1773 1630
2323 894
1608 1866
1648 2406
1961 3913
2370 3546
332 1603
3662 199
126 2997
291 619
3296 2386
660 1279
3627 3988
1063 3745
2189 3677
1190 62
401 1391
179 2648
2909 1987
1273 1209
2101 1354
2045 1973
1341 1406
2867 437
2395 2180
2445 2821
3387 1281
1327 3163
1868 3830
2845 802
2248 2329
2645 1219
48 3601
2297 3087
1558 2094
3941 3596
3380 2466
480 3769
3194 3616
45 1727
3429 720
2432 1270
3531 1227
3214 1329
275 2617
1501 3495
1056 2981
3642 351
1423 794
2122 2903
2230 733
3416 1233
1708 3078
3277 507
1928 1244
1374 1721
1569 3115
3839 1617
244 517
3413 3379
68 82
2186 1667
3644 597
3673 3364
2768 222
2441 2595
1122 1061
470 797
288 841
2506 2382
2698 2117
1035 3895
3569 1388
1551 1515
123 1569
522 1750
3 661
808 1099
3742 605
118 1000
888 2287
3066 2152
2909 3706
2915 2309
2963 960
2266 1959
2692 1201
1656 3086
2522 1796
3762 3352
867 84
16 1775
3348 277
3419 1714
778 2257
948 1854
2476 356
641 1657
939 2544
1314 2684
3691 3070
546 1530
3996 3922
2377 3856
2529 329
1870 3307
1617 1074
3754 3057
3420 934
1064 1965
2085 1797
2776 2683
3822 1550
2306 3595
1522 2619
2680 1973
2539 247
3205 2394
3667 1053
225 851
3720 782
646 185
1353 3950
3677 3504
1981 3900
1873 752
179 2093
1606 3825
3779 1283
770 3730
1779 3567
2793 3174
759 576
1895 2109
1904 2598
165 682
1204 2792
2975 1622
1902 382
205 3488
3964 2348
1917 111
1495 3356
929 2742
2032 183
2884 2626
437 2943
2264 2371
2034 3436
2220 2356
2933 3105
3641 745
1066 3402
1115 1717
1605 3797
3421 1013
1053 2218
1773 2013
661 3624
879 3836
279 3229
813 558
1114 3297
3819 446
1026 3760
2776 1622
1638 3650
2145 2277
2412 2345
1248 2283
1809 3878
2610 1252
69 553
1383 3598
3762 3043
1778 1689
1310 1865
1631 1067
2310 3847
2724 2893
3754 1247
3024 2005
808 1117
449 688
2592 1912
2994 1036
2038 1895
2225 1439
438 765
974 1688
3602 3202
2639 1408
1223 2448
128 1676
3902 3911
328 962
2798 2605
503 486
3870 3558
2044 1088
2216 75
1875 1291
1625 2666
315 2844
3414 1946
1798 2893
1144 2970
3465 1317
2136 3781
1779 774
2917 3283
3803 435
2098 47
3826 2812
2253 3920
3191 1191
1482 1847
3817 2141
3550 1476
3991 2094
3559 533
244 2914
2121 445
3206 1597
1555 636
1053 3661
3936 2016
2753 1139
3290 1272
548 2060
1529 1137
342 3547
3112 111
2807 821
2280 1162
520 873
206 2018
3386 3178
1000 2592
2344 3610
830 2602
833 3700
659 99
1565 3510
2922 541
1745 3114
3589 763
1469 3023
360 1416
3906 3817
3100 2254
145 2625
1072 180
2879 2906
1178 1687
1364 2002
3099 2787
2339 3696
1505 3342
628 3665
390 1585
2653 3593
85 1220
3599 1848
589 405
2700 3434
1213 2245
567 2443
79 1663
2148 3590
290 1685
1390 792
2544 2329
999 1909
2030 2005
3050 2326
402 776
2604 2686
2478 158
1777 1672
1306 2858
347 2767
3152 3203
894 3737
2865 2200
2991 3585
229 3056
1050 1631
2784 1122
3282 1111
3968 686
2243 2395
978 1911
3843 2909
532 3966
3879 2612
21 3964
2003 1898
1145 3323
3017 2209
377 50
899 1600
1447 3995
2459 1950
2350 2450
1831 1577
248 3052
194 1778
810 1713
3877 473
1418 696
2389 593
321 2718
950 2128
3195 611
3294 3062
3210 2849
1060 1591
202 2697
3542 1382
2944 3132
3338 415
3132 1731
1068 273
1918 3307
3767 231
3733 480
3903 1906
1761 1925
10 2869
1178 366
2463 588
1930 282
3926 2425
2101 1200
3119 2316
889 2420
2943 2127
1488 934
197 651
3314 3000
1243 283
600 426
3368 555
2107 196
754 3724
891 687
1873 1815
2588 1200
3102 3323
3626 610
3274 1669
2429 623
3371 1963
2711 1163
1937 1333
906 333
3063 456
2744 1354
2165 208
3026 1552
3187 2186
3873 1436
2423 1931
227 3512
3263 2992
1965 628
3435 772
336 480
1777 2407
3798 2180
2324 3137
1227 1309
1711 3747
1816 1844
3626 245
362 1371
399 2050
1425 2375
1687 3549
421 293
286 782
3779 3867
2197 1436
1429 1692
3446 3161
2576 3014
593 3269
1879 1020
1349 3392
2173 3995
395 3823
935 2780
2284 3433
751 549
691 3967
2309 3244
2461 2471
848 457
269 1188
3634 2422
1788 1299
458 1285
2797 211
275 2751
1055 786
202 2037
411 1201
3085 3140
1870 115
3646 2954
2768 167
967 3903
1922 1487
2295 2163
823 2669
650 194
3305 713
2631 2262
44 321
387 2457
2944 3854
676 404
3552 3566
1984 1449
1655 116
2723 2090
2290 1800
814 1973
1744 3708
3357 2541
247 1516
3585 1525
1088 2064
3660 2539
722 2626
2380 2686
2412 1095
3726 558
1596 2236
3396 671
1389 3487
3713 569
1245 2262
224 1279
3020 2143
1541 3914
656 2166
1019 834
230 3196
3005 2040
1347 2730
2480 2691
2440 1490
3309 2325
3924 942
3613 3321
1139 2280
3068 3435
1460 2117
0 2260
3961 2991
1683 1440
1287 605
2492 446
349 193
2397 1811
1858 462
1749 1147
3895 2787
3941 3742
1227 2553
2671 3051
1933 1957
1882 1300
1020 2954
3410 1381
3451 382
3341 1282
2112 2583
2792 924
1099 882
336 3663
1076 3680
1309 1787
1661 1646
1977 3549
2727 3823
1502 2186
384 2280
860 1895
3033 2423
3610 840
502 3905
3188 1891
1279 759
1539 3440
1140 868
1371 320
957 1942
2478 1046
3007 1702
3405 1702
3754 1990
2126 1385
3599 582
3273 2330
1423 1698
988 3088
2159 2604
3183 3737
1832 3089
3922 591
666 1547
2146 2713
1824 3747
2186 1793
1887 3008
774 1133
3193 688
963 1244
3134 2162
2242 223
2242 3774
3772 2930
137 1618
3008 1430
3550 729
1559 2668
1539 2874
1064 240
1475 3515
471 2607
1379 2575
264 3878
696 2307
833 3448
3346 353
1422 2732
1653 3359
2558 673
1320 1192
3819 3727
3014 2468
2743 1308
1906 2950
1649 2647
72 146
2903 84
1103 1353
1910 2692
1994 2482
1004 209
2317 1607
847 1267
973 1721
2342 3218
400 673
2869 504
1956 1861
2230 3890
3596 1410
2 291
3028 2492
624 101
1125 415
788 1501
340 913
2889 1721
245 3415
3689 457
2606 3489
1528 3128
2374 1586
1889 1253
316 1007
3928 386
2355 1636
1951 1192
747 3821
3076 2805
1099 2664
2408 3332
2746 3029
2010 1447
750 902
3137 2818
1404 2985
2680 3175
3309 2639
3060 330
2641 440
1378 3297
1933 765
2411 1178
2224 602
2457 3865
2340 3958
3187 268
3296 1968
1732 1868
2938 2728
2170 2706
2906 3815
1771 2164
2249 3212
1810 59
2600 2483
534 1570
638 2884
1387 1293
1161 2870
1938 3684
85 1054
1723 2410
3018 3416
2924 2910
3103 592
3705 3277
429 2222
3411 338
575 2076
478 364
837 1781
3289 1146
2568 2251
66 2997
760 3157
3826 394
1281 3219
3972 2386
2011 2048
308 944
2464 1235
3394 1447
793 1458
3765 662
2738 3539
2108 497
1068 3760
3184 60
2385 1223
2485 2630
2210 2635
447 0
3020 1706
3570 2169
953 1884
1697 2807
3490 37
1144 3732
3010 167
373 3091
1382 2823
177 2333
801 2393
3837 1948
2044 3051
3655 1556
554 1132
2844 3001
2746 311
2183 3665
1798 256
1208 998
488 1817
3296 2792
1035 1889
2840 3549
319 3082
193 3430
1831 5
294 3279
2125 3373
3837 978
1430 2828
3021 874
1455 974
3242 2447
1158 3328
3707 946
2198 2884
1757 150
2298 2228
1024 1769
2242 1329
1839 3998
1251 135
2733 2281
1129 3038
2811 2550
840 2048
950 3974
3376 578
1341 2790
3231 177
3248 750
1360 634
3795 2451
2993 2325
2674 426
1234 2575
1919 218
2809 1875
376 2780
2195 1877
3939 722
1669 2395
411 1057
3936 2791
1732 2188
2803 1477
729 3694
3803 398
2664 1172
1397 3159
691 2677
3891 1113
791 3598
1613 1725
1769 2910
1071 1796
700 763
2769 1040
2655 3408
2564 2643
3844 244
647 1810
3196 2183
2873 1493
2301 1995
298 1806
2181 1213
74 1315
2776 2319
1891 3738
3142 3075
1986 2464
2536 870
3023 341
1256 3750
3071 1656
2528 2097
1919 811
3771 3148
3729 162
984 2349
1555 3822
1262 2902
2266 32
1353 3439
3742 604
785 670
3823 1500
3883 421
2213 861
3257 1304
3573 1611
1341 3993
2015 3588
764 1234
3684 1131
701 366
1205 3819
2832 1301
3975 1349
3979 2627
3651 441
336 419
442 1965
874 3853
981 1597
1142 1977
2698 863
2847 2910
490 3505
578 1452
536 3938
3824 2242
1268 1337
913 2861
1333 102
3685 510
3990 1571
1605 3815
2471 231
969 3858
3716 2663
291 2461
2274 1993
713 1397
2310 3302
272 910
2000 347
3155 1373
340 3853
2899 435
2793 3990
3129 2198
3930 1712
2902 3229
3483 93
3691 3367
182 3313
2085 3705
546 957
2368 1171
1525 344
3692 2605
1008 1131
2221 3539
185 3674
2620 1402
3078 3050
11 606
3701 3636
3014 1722
2936 3620
1109 2050
1358 2638
3774 2048
2797 2382
3911 266
859 3130
3705 860
1885 3814
448 1976
518 435
1422 630
1712 1590
1184 3881
841 2049
1401 1872
2565 3888
3882 1590
3089 1138
243 1863
1224 145
2178 3087
2558 2432
1082 2608
1561 3776
16 31
736 2318
2063 60
620 1965
2235 3117
1211 12
274 1014
3875 340
2127 54
2883 977
2184 2433
3733 2554
3063 3286
1248 2142
3605 316
3307 684
66 62
1483 31
2274 2528
3005 3524
2241 156
3407 2698
2295 1374
2392 1317
2311 1304
1576 3103
1345 1634
2586 572
391 1074
3367 872
973 981
3508 287
921 3911
2571 1400
2666 1044
3079 207
3638 3211
2408 558
2283 2492
1607 3927
375 3822
1092 2224
1826 927
3963 3724
249 665
2836 210
2662 1837
730 1868
3322 2799
739 3438
2189 2542
2702 1089
93 942
1100 2315
3250 676
244 3901
66 3181
3418 1369
3280 1836
1722 3261
2318 2142
3534 1008
2052 3899
288 616
265 1867
1657 2070
3918 610
3351 47
2778 922
317 887
208 139
548 2092
557 3114
3087 3117
397 1627
3037 2661
3021 628
1432 2935
1963 2320
2282 583
1609 237
1519 1219
3121 2691
293 13
2770 2561
416 3718
3945 3173
3866 3544
2331 87
2055 2879
2526 258
1735 918
856 3313
693 1338
831 3778
3260 317
2239 3498
2890 617
3290 1925
3612 2702
905 1495
2424 2634
2817 1412
1146 372
1649 2729
3846 1221
2760 3797
1180 228
2003 231
3338 3373
1220 1029
2171 3101
46 1238
141 3324
1036 1917
1216 3527
3522 2066
715 1529
3676 735
968 6039
2644 208
2099 2445
2055 3201
932 3779
3371 2619
1572 1918
588 2762
3740 411
1701 1374
1616 493
2974 566
1739 1442
3845 795
2501 2590
1831 2953
2319 3843
299 3400
1787 3986
3884 441
1322 1643
145 907
1843 1201
779 2030
1005 2505
3850 2047
2586 3744
3388 2625
3056 2700
1092 3789
996 2571
882 3296
821 392
548 3571
3026 2364
2553 3592
1418 2416
3278 2592
1263 257
663 425
869 1852
2203 3797
108 1705
2188 774
3751 165
130 2277
3177 3335
852 2737
1916 3108
754 3765
557 1421
3617 275
3479 3638
2836 3004
2186 3666
35 801
2936 3194
1419 1443
2876 3628
1410 3463
3111 3152
596 2822
2760 662
3231 1601
3159 1819
3368 1553
2111 1451
633 3388
1446 3008
2679 3076
506 2280
3139 3001
2585 1477
365 1647
93 109
176 3722
1474 3570
495 1974
3381 1308
2410 1619
2652 1842
1820 1005
2556 2488
660 3465
1098 2098
1165 2844
338 679
1324 726
2909 3745
3127 2459
2531 3184
77 754
749 1230
293 1431
3717 1757
3782 3531
2364 909
384 1035
2200 3738
1606 1086
89 1554
1801 2439
38 915
242 1563
2840 691
2651 2412
770 2649
938 2980
3579 1225
11 2446
1899 766
489 2765
3758 1967
3721 688
2727 1875
772 2941
3876 2913
1566 170
2762 2481
455 3180
2589 3326
2638 262
2574 2989
3773 3747
2402 1766
1813 1150
2330 1505
3655 3838
1732 957
2507 3744
3166 3593
417 1836
3298 3813
834 2922
2354 3267
1890 2445
1633 2855
1956 2509
1212 2286
2713 499
787 554
887 301
40 907
787 1
755 2458
1914 3422
431 1631
2993 1166
1093 34
3655 3624
2259 2158
2516 2947
2840 2962
3409 36
3966 2465
3059 1784
1509 1849
3365 2653
488 1088
1441 3738
495 1259
1002 2192
3792 3384
2697 1928
3714 2107
2947 3179
3391 3446
2867 2033
661 2114
2089 2769
1130 1034
318 3831
1130 2774
51 2163
1967 3845
2341 974
2923 1555
495 2840
3668 3354
2685 1373
3628 1013
2984 502
1164 2048
210 1883
1709 763
2912 2038
2003 2861
175 978
2007 3973
1076 3059
47 3708
469 1184
572 663
2525 59
111 2536
3200 2545
1720 3603
907 2668
3469 782
1606 3173
3284 1378
2090 2487
2317 3695
3577 3664
3775 3499
3774 2144
2973 1483
3842 2996
1909 122
3464 956
2453 230
1830 3944
2778 762
128 2834
278 2694
2978 1716
1213 1019
1658 3930
3501 306
3216 3442
2007 3404
3716 1920
46 3156
3682 3214
1163 2849
2019 417
3931 1144
3267 1478
133 942
507 1067
92 1066
3771 2027
829 2633
1126 737
997 955
777 1566
1523 2507
377 3989
1525 1660
1672 1331
1138 2735
3716 3628
755 97
1548 1360
3983 1969
1264 733
2705 3904
2564 2830
3496 1360
64 1777
1259 2255
1815 599
1702 685
2322 3524
486 3528
3081 1350
2141 2409
637 994
1587 2727
3797 1769
969 2346
2419 1898
2475 3402
3921 418
3793 3798
1341 1998
2738 3760
2927 289
1510 1813
3491 1073
3125 3098
2744 2507
1537 3219
2724 1383
1806 1197
337 1462
1930 2331
1431 2295
3548 1998
3959 2186
493 3324
242 2556
365 1667
1028 1185
3460 936
1344 1535
1015 3864
2665 6
1298 3247
3755 1406
1944 1559
884 1370
772 1128
3794 360
410 1518
329 3562
432 1097
2577 1182
274 3181
1386 1689
119 1609
830 2963
286 3717
721 188
772 1796
1351 1517
1861 1769
2290 569
3755 438
3286 65
2520 688
92 390
1101 638
3631 154
1653 1392
1302 2384
721 189
3854 882
3584 36
164 176
970 3188
364 2710
3081 3943
608 887
149 1513
889 773
1323 86
3651 483
1561 2210
3392 3794
2600 3314
3004 263
3622 871
2567 1949
1999 571
1268 1255
1496 2212
3822 638
3928 3381
2226 3160
564 3300
2893 1114
517 38
2002 3684
1479 1366
1432 1930
3713 53
1838 1412
1452 1804
3452 1627
609 973
3448 1667
868 3255
1025 808
1063 3127
1563 3905
1628 3723
1191 2
3419 675
30 3213
492 1057
2315 2888
3314 1919
866 1834
3861 3119
2049 3182
2698 477
3265 554
64 3057
3544 1882
3817 1297
1839 3637
2915 2884
891 738
3810 1041
3354 2595
2044 3909
3948 430
529 3667
972 2365
981 1333
2249 3868
3100 2961
677 3551
1120 1047
969 2070
2450 3943
2051 3961
3259 336
221 1309
3757 1075
3003 3849
2603 1830
2225 2594
3185 1844
2911 2209
2 2850
2346 3623
2604 3180
3767 3399
1306 1069
2311 449
278 1630
1130 2415
1112 3573
3521 2008
3632 1935
2324 3043
2540 3081
2252 1414
2022 2760
3823 3035
2574 761
118 243
47 1458
1004 933
1280 790
1989 671
2537 1656
1496 2685
752 3191
891 1016
1215 840
2554 2165
3444 3602
2355 2302
677 3602
1553 2510
2157 1470
1378 2950
3704 262
1399 3549
358 2519
3000 1236
2176 2234
2850 1159
2517 889
3263 2239
1006 962
159 1764
1558 644
2648 3856
2912 2645
152 639
3732 3542
738 1602
3674 750
1485 2867
1538 51
309 2979
2157 3368
1115 2255
3259 3808
1664 3121
1906 3137
2362 147
1191 1827
272 3070
1037 3799
472 240
1559 3205
1002 204
1675 621
3841 940
1030 2095
1902 1841
3270 3687
2456 2459
2711 3120
3092 3060
3102 617
2076 2054
2491 3092
3920 3693
2271 1531
774 2343
3306 3374
1966 3336
2655 2407
1255 1067
3910 207
2648 3426
1982 2809
908 2766
2877 3883
3149 490
1861 1054
1979 482
2118 3131
2762 225
3242 3301
1717 2791
1056 1557
2306 58
40 1664
1748 2676
1688 821
3591 730
2153 3
1676 1484
3937 2104
1185 824
1533 1412
1995 905
1467 2715
3858 1054
322 2265
1242 2933
1966 703
1466 2277
2588 60
3675 587
2574 1928
623 2716
1499 1098
747 3098
3766 2585
3490 1058
1209 927
3199 3617
2383 1689
1150 647
667 3835
2312 3636
168 1392
1226 2575
269 255
1713 1045
860 650
2724 2062
2152 3440
3229 539
433 2450
2053 44
3598 2771
2667 334
533 3320
3393 2177
1225 2862
2900 808
193 619
197 154
3281 973
3977 597
631 2527
281 2578
3493 1114
3191 1523
2662 3464
1022 25
3502 1284
516 2322
1922 3133
3791 1200
1857 1624
241 3061
1646 2869
1313 2474
1403 1386
3895 3631
2003 3724
1444 2381
2852 3149
332 2887
3752 3551
129 3022
1103 1558
2237 3635
1418 2411
3995 3416
3830 3836
627 1120
3170 3889
1872 1957
2463 1114
1584 2408
868 2325
3735 386
3899 2443
2160 2393
1580 3930
1250 1647
2659 3533
1802 2325
3360 2407
2971 3484
3963 1470
3823 2540
2002 996
2824 2957
3985 706
1735 1155
1757 2333
1704 1623
61 634
1240 1487
869 3101
2613 1120
2720 2797
3488 890
3481 276
3521 3682
3206 3843
1016 3005
594 434
731 2279
3942 1380
881 3012
1747 3112
1705 2094
1054 861
1816 2221
3208 685
269 2308
473 2138
467 2696
777 3255
2626 3148
1803 1613
578 2935
3414 2205
2014 1143
3505 901
2945 1167
58 3644
3791 2220
562 343
3522 533
1673 462
2400 2561
3586 729
2581 3746
1763 563
1907 31
764 2593
1698 3135
2449 780
3653 1505
1381 3305
2763 3529
1285 698
495 1845
3726 2158
461 2541
2972 1731
1920 729
2672 1484
189 2668
1500 1549
2374 2814
1007 1635
1132 344
3960 2561
2756 3720
1912 2165
932 3605
1865 1000
475 3692
1316 356
1834 1528
308 2001
291 2225
2645 3704
828 3339
1000 2729
2480 3471
2902 567
3346 1478
1694 3712
463 1618
1693 3115
3231 2679
3577 1546
3304 3798
3242 2751
3951 2171
710 3867
3739 268
7 2113
904 3138
3994 1546
2341 2164
903 449
139 2126
3000 3566
1306 2561
1129 400
2193 1012
42 1315
2761 3576
3571 1986
2960 1241
3077 3462
3389 1520
313 716
3252 1013
199 3380
2072 2482
117 101
2824 3731
2458 1199
3736 1626
2286 3497
1005 3406
848 440
2324 147
2643 1681
2015 3542
1510 981
637 3551
735 2939
2773 3656
1123 1388
2079 1389
660 2728
3775 3033
3352 2310
3391 1952
1089 1400
1448 2028
3263 301
3164 782
3646 751
467 2198
1373 653
655 1758
1645 116
542 3008
1185 3126
269 3944
1016 332
2660 549
1253 1623
705 2136
631 3586
1108 2767
42 4
3284 1004
3337 450
893 1245
2269 2321
3975 2353
3287 3193
1284 2816
918 2709
3925 1449
1526 2710
489 601
21 1223
212 1927
1187 8196
3325 1765
3332 2578
816 870
1453 275
688 347
3878 3961
2203 881
3376 1082
2061 1942
1869 3693
2482 3008
3051 2725
3451 1342
3482 298
2959 1337
568 3253
1433 2214
2895 2312
1535 3723
3796 777
2322 2347
2256 2361
2049 1520
1755 1748
9 2964
1732 679
1704 2796
813 2665
2511 3378
3923 2296
2964 621
2892 977
