2589 3726
819 2931
4377 4053
2793 2705
730 2864
635 3381
541 1463
187 200
599 1234
4461 4214
1799 572
3203 1419
3396 3654
2802 143
3587 1426
1572 3726
3033 2233
1801 1044
1509 4141
4668 4153
856 2820
4022 241
1062 2103
3227 1039
826 3639
2138 2677
44 474
4600 1098
846 3002
2781 1539
1733 563
2370 3607
677 2094
3342 2645
2247 1598
4252 2244
2052 630
1767 4519
2702 1490
3448 2007
1580 4436
1573 2234
2387 1027
2019 650
2404 2067
4667 107
2499 3667
2675 606
3485 3297
52 2567
2269 1068
3035 1549
4069 332
3447 3486
219 697
418 3658
436 3806
2802 1701
2362 2974
1308 4090
3942 442
4184 2614
4132 1551
155 3542
654 1245
45 981
2757 1845
3187 2557
2616 3304
4345 4634
4427 1986
2890 2820
1179 1459
508 2615
3955 1024
2104 3362
4235 4193
2140 4624
3678 1270
2975 3660
2519 1052
190 4323
737 2716
3631 3480
1216 3331
120 3491
3896 857
779 1231
4676 980
2217 3858
164 4608
2102 3400
2019 249
1586 213
4492 1613
3610 1528
1785 1948
830 2505
891 1726
1624 3401
1590 2441
1759 2689
2696 453
553 4265
1340 789
2531 2720
976 1194
1098 710
4583 4646
107 3165
398 2275
1964 2937
3396 2483
855 1155
2970 2361
3612 3533
429 202
3255 1348
1981 494
2368 1279
342 1769
2923 2268
4062 2115
3420 1809
2859 2376
39 2949
1712 636
1766 3176
1979 3355
3703 1945
4365 1357
2045 411
1954 3334
4340 185
4649 4072
2085 1968
1603 1522
1668 850
804 798
1329 3436
4370 2131
1326 4155
4202 1013
542 1525
1559 3177
1307 8
3742 3784
1815 361
1212 2129
3945 3527
762 2192
3707 2513
3050 2527
1596 1210
221 2167
1396 1268
4017 4199
4051 1649
3813 3717
343 3319
279 2417
3819 4174
336 53
4392 1469
3104 551
3332 3689
1490 2086
4538 3042
280 1891
2761 1728
884 2851
4117 4537
4119 4159
1399 4546
1787 2697
1830 1219
420 3483
2682 1857
1183 785
3662 511
1605 4423
1831 789
1992 3805
2575 3950
2813 52
4000 3380
1147 2546
252 1782
2908 2589
410 1870
1785 4480
665 569
4173 67
582 60
4194 1522
2028 3040
220 3807
1919 1235
2803 645
2740 110
2736 4012
3509 2379
3545 4590
638 2548
1206 811
2552 4097
4511 4338
1427 4696
3078 3909
2593 3579
3603 3692
1082 3380
765 3565
1739 1221
2349 2243
3184 3469
637 2876
43 1964
2262 1165
4434 743
3918 1391
3833 804
641 1876
4016 861
4457 4297
3712 3875
1401 2662
3953 2079
603 3874
2925 4164
145 1262
2308 3461
437 4185
3351 939
2030 79
1648 4326
519 1443
3336 1777
3100 770
2092 947
4499 2246
1315 398
4352 2596
4240 1060
3946 259
2991 4213
2546 2302
3058 3604
3964 4137
3266 4112
4381 2935
3737 978
2122 2376
6 1562
1290 4486
2940 3584
4667 3670
3777 2322
2696 3215
2803 456
915 3726
2010 3015
1930 584
4697 2350
1361 2109
3745 4315
1834 3341
380 2371
930 3514
1287 3626
2820 3270
1487 586
191 4107
855 2890
1029 742
4027 3070
2962 4088
3598 3914
4272 1424
1581 2876
4345 77
2967 3644
199 350
3949 4012
1853 1481
2819 1665
3150 86
2682 3405
2823 3875
4281 3866
1067 2253
1191 1259
1342 721
1855 4090
4248 3924
842 2890
1359 3568
763 3868
4095 4541
84 1678
1487 4421
4294 4019
1113 3181
1579 4658
1308 4108
3119 4350
254 4585
4367 787
4432 9
1952 243
602 2302
3497 3648
3259 1216
1516 3957
3998 2475
3618 1492
4549 1546
3819 1588
363 871
3996 4369
2633 663
1829 2090
3230 1761
219 4061
255 3079
1566 3910
1674 3250
229 1613
355 3968
3595 493
905 2747
1806 1532
951 704
583 3505
4202 3593
1656 2122
3215 4088
4506 1122
3411 2158
184 3290
1072 3329
2401 1769
2984 511
1438 2542
4468 3963
4308 1839
3510 1669
1764 4676
964 526
3422 2545
2632 3858
3272 2352
1314 1731
323 151
125 2079
1753 3054
346 2438
2501 106
3708 3901
117 2843
2825 1791
1474 3231
3178 1890
401 2984
3412 2398
1615 1307
1739 1191
2803 1132
1965 3124
2440 1696
2248 1505
4434 3972
982 4417
1462 2788
2074 93
3497 3223
47 406
442 2354
397 3141
2616 1577
4172 2858
152 4593
4145 2975
2165 1337
4117 4467
3517 4052
3668 1823
3811 3174
3527 3847
995 1755
770 1546
3370 2231
2469 1169
405 1274
1695 1339
1885 1083
3964 4275
1295 778
3592 3270
4698 3589
4121 1416
2354 601
3134 217
3145 909
186 2361
3365 531
2280 1757
277 1086
2521 2660
4616 1745
3388 1647
1660 4686
2803 3542
2013 3047
754 589
3251 341
1373 2478
4334 1135
2576 3300
3411 2420
782 1657
2548 4048
1956 4429
68 3897
2527 3
4414 746
241 3098
1226 1861
3485 3057
1098 2474
1425 2699
3214 3760
1170 3827
3234 236
1335 3695
4574 497
804 2948
3431 3238
1046 4045
1308 2928
4626 4326
2428 3992
3822 694
3985 2536
2829 2665
3665 2572
2980 2578
2808 4004
1853 1490
3673 3243
4406 324
4656 2488
1486 348
3898 2410
1497 3564
4662 559
2965 1499
2446 3466
198 1068
1497 2337
2246 4240
438 2842
1817 3032
3750 3082
3597 2089
4595 3561
758 1123
2743 3429
683 2573
1435 3636
1409 2259
4573 313
1868 3814
1633 3099
2703 1897
1139 3743
1888 3913
1171 3917
686 4690
3425 4281
864 3953
1689 3335
1863 3366
1700 295
1039 4467
629 905
4022 2856
1090 3150
1595 1507
1942 4068
3271 2248
3880 1279
4002 1489
3247 2260
2070 2171
2490 4228
4112 12
3603 3150
940 2222
1579 2707
1673 3046
756 795
789 38
1388 37
2549 173
314 571
3382 2365
4243 920
66 1511
991 3939
2945 971
381 560
2902 4567
2417 799
4089 4117
4006 2725
1983 1818
1609 4239
4562 4386
3297 1055
1172 2710
4343 2854
3727 1196
342 436
1255 1217
2325 3469
275 3231
3990 3073
3182 2978
4679 2848
462 1513
2483 2648
4220 1966
3014 2978
3784 2462
4242 1875
422 3560
2107 4075
4066 3662
3090 2055
3620 3529
3375 292
1425 3578
3160 577
4207 1256
2150 1731
968 1778
1314 3125
4415 1967
477 3094
2295 1028
4286 2937
1044 3204
3069 3264
1232 2582
4302 1930
755 3972
1011 3575
1995 4000
2999 2371
2091 2231
1252 3522
503 2174
4556 4179
1349 4353
1348 200
888 880
2942 1315
899 3662
2193 2391
292 2564
1287 1576
1318 678
1067 3686
204 2461
3873 3649
2337 565
1635 4051
3889 279
2629 4487
47 3172
1685 3253
962 360
4070 886
2469 2221
4596 3810
22 4329
1769 1290
2806 2614
3394 4101
4272 206
4040 1231
2604 3051
538 1596
3209 3012
729 1080
1219 487
2899 2563
2437 3578
2045 4480
3671 3102
456 271
2207 3595
2299 3848
3083 150
120 1984
2291 1482
2480 3394
1654 3440
381 2507
4392 2762
2135 3687
2894 19
907 4440
4626 2481
3076 3577
2465 4185
1955 2908
3718 3036
2263 3953
249 3656
165 1343
171 3413
4083 1390
533 1474
4436 3915
2332 2464
1564 1015
2772 2552
2795 3034
92 310
4627 193
1494 3622
3876 2180
4632 604
4198 2193
124 2025
10 2718
1105 648
1051 3410
3231 1895
2888 1123
1485 3753
1288 3917
3149 590
3157 359
3692 311
3001 3166
3836 2261
1195 610
3144 3537
91 3137
1864 2181
3418 3893
4051 2849
1265 647
1778 2284
4179 1441
4466 3724
378 3236
2345 3909
2843 2253
885 4542
4427 231
4538 165
4268 1868
1699 1557
716 677
3005 779
244 2928
124 3115
4444 3372
2315 1013
1031 4676
4307 1070
2823 301
1191 2112
2971 4298
583 3379
4345 4326
2147 636
2563 4349
1524 3675
397 480
4530 4560
1778 1331
3369 1871
837 4413
3510 202
1007 2692
2248 4413
374 2995
3601 2208
656 1697
283 2508
3558 3711
3745 2479
1192 393
4483 148
2480 4583
1201 3420
2603 3243
573 2235
2311 1984
3447 2546
1955 4316
1330 1184
1664 815
1581 4457
3102 113
4248 1891
2331 2715
1014 4485
4040 3503
4481 539
615 4085
4248 3483
2088 2266
1036 2718
148 1726
242 3950
1387 2966
1341 1136
1545 773
3621 3487
2266 2800
1567 387
860 1126
455 3185
4230 621
3837 4376
2646 3683
1745 4173
2611 2593
4459 4496
2450 3598
2110 1582
4039 4469
3948 743
3809 1468
4539 4025
3522 501
2299 960
3816 3583
3209 2138
2698 3114
756 579
231 2728
1090 2509
3102 4400
3445 1249
1133 4421
2841 1630
1468 2305
47 4359
4075 2560
1800 461
1616 356
473 2467
3192 1998
4046 1893
2008 4610
281 469
3748 2497
2648 3184
3015 376
3631 290
3971 4542
1225 4077
4276 2842
3287 2252
4508 4235
3384 3453
3499 840
800 2439
1548 2880
4631 1466
1556 3721
580 4401
2077 3689
1731 4626
140 2659
3104 4030
4465 3774
460 2548
1329 2348
3563 568
2459 1122
3827 690
862 2151
780 2160
3819 3845
216 2853
1846 4107
2718 1983
4304 917
2435 1387
3420 2282
2189 3474
4634 4672
20 595
598 239
3487 4077
3829 387
1573 1831
1716 564
4430 2115
582 1272
3980 2417
2919 2408
114 1063
2262 881
1476 119
3271 4414
2081 1744
1064 3942
2138 2826
1695 2507
1080 1758
150 3442
542 4302
1786 1851
1137 747
4012 1602
4117 895
4521 2340
3645 1462
454 860
1534 3729
3454 1945
268 814
40 2064
4447 3213
3380 1892
3733 4211
4213 690
1310 4185
3281 3768
3197 4340
2174 726
3610 1883
898 4167
2058 2051
4182 294
2729 3158
4591 240
4611 4043
2130 1527
109 1547
2370 4510
551 1853
2639 64
1149 3385
2018 1155
2283 2394
4624 3817
2962 401
2985 4289
4349 506
4435 4312
2980 1310
3516 636
1781 4276
593 3995
3329 3781
3155 2057
2757 591
1156 2447
4426 2521
1620 2748
3730 3286
1426 758
967 2921
2038 1962
3355 4392
2841 514
2629 3788
72 2879
3978 3796
4170 3207
158 4195
1129 4445
1324 1449
1724 2976
3247 1779
3074 2051
631 1842
2011 1154
3415 4230
2290 766
2843 3160
1731 2099
4642 4190
4623 2439
1863 2647
312 311
2510 4417
4579 822
2191 3684
2550 790
1906 4681
2902 1540
4409 3649
748 296
3315 2069
1559 4374
2278 554
1722 739
1553 50
517 102
1948 1961
2412 364
876 975
3273 2576
2082 1938
3326 2906
364 3692
3260 3759
3977 404
924 3905
4239 2646
1347 756
1979 2302
3145 1163
3248 1401
790 478
3103 3387
4574 2382
1916 3732
3775 2572
758 1389
334 3640
786 1860
3474 2440
1782 2137
4525 2288
3023 3165
2945 2937
462 1289
3650 2619
1524 287
3890 1358
3203 2899
314 2192
3837 1769
1145 2268
3398 3429
4080 4346
26 2773
1230 3347
2956 3155
1268 3614
1159 1689
3220 3109
3116 2954
2062 2558
477 2923
2486 861
5 4092
1443 651
3336 2446
4076 4021
1290 2348
3704 2871
613 1586
1094 1112
3528 1294
1056 4451
3739 3284
727 2309
1164 3461
2320 3601
847 3339
4093 609
4523 395
1186 4250
410 4151
3863 1572
2607 4604
920 613
99 3053
3568 3112
625 3071
2967 2226
3183 3272
2963 4475
2659 1107
4394 1903
4470 733
1047 2029
4045 406
2598 2550
557 1199
2193 707
3545 1072
454 3144
171 2464
1599 3829
600 621
4110 1355
1415 1621
4541 3080
520 2454
1593 1285
78 4638
3872 3609
2289 3220
3032 4142
4190 247
1356 2123
4387 3505
798 1649
3539 3891
3815 3508
1340 3096
4640 531
3990 1561
86 4465
1199 2097
172 1990
4394 3093
1760 128
1310 2769
336 2439
4565 3179
2584 2649
2049 2222
2902 1560
4662 1932
4464 1258
2649 1104
1270 4290
4406 3666
2540 2368
4029 585
2557 3859
2392 812
3763 708
1029 4538
2901 4352
4210 2187
2127 3715
4387 3927
3456 2672
2763 1889
3231 1365
2968 3942
2396 2783
4673 3322
4161 2003
4521 8
3469 180
1530 3629
2954 692
4380 1458
1956 3238
1813 4375
634 3811
2186 2356
748 2154
96 587
2246 1982
3412 3685
2369 1279
4060 3254
2068 1164
1536 1281
2179 1319
4082 1517
331 1352
67 249
549 293
3110 4486
2218 1611
4406 3818
3448 2681
2075 1510
2547 4134
1246 601
86 3425
4155 1709
1329 3817
1685 172
1061 3523
458 604
4544 4176
3892 291
1220 4596
4644 4565
818 1893
2229 2755
4145 1970
1865 650
1565 2163
1341 4155
2971 674
1359 270
4653 1136
3889 409
2960 782
4091 105
1592 3224
2518 4017
2220 4119
2673 3416
3133 4387
2094 4198
546 1536
1002 3126
4504 3226
1701 1206
2024 3285
3366 740
18 3023
2595 753
3123 2632
1969 1754
4207 3768
1046 2314
1833 3539
4283 95
3202 3211
1738 3432
213 2696
2655 776
2368 1972
4427 1594
3568 4239
2717 3216
3006 1204
4051 4655
1147 1830
3804 4489
4614 3008
3778 2334
4473 2400
612 2729
1794 4084
1535 1343
51 1849
2858 4010
1474 2600
2350 2559
307 1919
1267 2614
776 1485
2554 111
1528 3888
2280 1499
3407 504
2042 2918
2438 3625
282 3351
1766 421
4573 2422
3796 1204
3923 3692
2296 3685
4407 150
691 1562
2610 150
836 2829
2183 4154
177 3397
2929 4483
2576 1760
1557 3020
948 106
638 1037
1231 2068
1243 977
3355 3880
592 244
120 4009
689 4190
4570 1079
2357 2607
3818 1463
122 4067
3455 2270
4171 3199
584 4400
4159 3151
3937 916
3492 459
151 668
4365 2985
2397 2562
4064 2988
17 2902
957 391
2784 235
3791 2174
1482 849
2172 1646
606 1698
2734 2441
542 1800
3609 724
471 1211
420 3613
1456 4404
1067 2772
1033 209
834 3658
1463 1318
461 3254
4427 4401
434 2415
3736 3222
185 4152
465 2450
4617 494
1309 2336
3382 321
2382 4250
2234 2282
3093 4682
3810 4409
2808 4498
3400 380
2914 1652
2720 173
3089 2378
2092 1650
2389 2302
1295 3339
2773 4673
2502 2378
3150 3256
2814 545
4576 2354
3834 3351
3402 2897
510 4569
4334 3301
576 2006
4094 31
83 2047
4494 1378
3862 578
3464 3433
3837 1369
394 792
3411 1277
3450 577
4086 268
3991 4594
1492 740
2596 3069
4610 3598
2531 2389
368 3954
1652 2933
1180 4561
443 3636
4120 213
1629 4535
3832 3242
863 1954
929 3578
3090 4621
389 4050
1203 1407
2379 3689
4597 2786
1502 2011
2046 1199
3526 4214
1326 2433
787 3945
3120 4072
1115 4449
616 3219
1482 852
2037 3924
764 666
3200 1017
1448 1552
3013 3336
4557 1585
1695 1708
739 4444
2464 546
2591 1083
4686 1359
2875 1014
141 2492
1289 2403
2345 3247
3382 45
3796 285
3820 3589
4342 1134
674 1377
1145 3866
620 2550
585 467
3052 1129
2760 2174
923 4005
4583 1778
656 2348
2525 3929
1166 3530
80 2434
1233 3632
1027 3518
4553 855
3971 2782
2712 1650
4315 4573
1902 2502
3954 2687
4613 383
111 4480
2082 4240
2053 964
4175 491
453 1785
1376 3564
246 2936
2218 3582
1659 4606
4503 1459
224 2762
2480 581
4110 3108
1729 2877
437 1556
1847 2505
2857 4292
1420 607
2717 1372
3807 228
4153 804
1562 4035
4025 3913
4242 3014
1204 4370
4654 4599
2587 3811
1109 2460
3763 1667
1198 1005
1007 1614
1385 3604
897 2617
3401 175
3205 578
4128 1866
3116 945
2792 4452
2379 1201
480 4136
1273 2006
354 161
1889 3351
3853 3798
4450 2935
1741 4608
3173 1933
2376 4682
2409 4636
316 1700
3287 3486
2503 109
2995 1501
377 3939
2023 2604
4328 3292
995 1021
1846 1250
1967 2904
2864 3780
4050 3012
4610 4408
2972 877
4683 777
1738 2232
4127 3762
225 52
2172 4594
429 3239
1258 851
3849 4123
2339 219
4201 3671
3932 4089
568 3532
4190 33
2044 1965
1121 2943
3426 2946
1251 2196
327 398
1416 3320
241 4
3297 4244
3459 4324
4064 1518
34 3228
4576 2135
321 3653
3594 1512
984 57
3632 2393
3447 18
3394 3101
3069 4096
2883 2784
4538 3141
2845 756
2342 1106
1801 3507
413 3879
3393 2310
516 3688
3480 2962
589 2823
4482 973
1335 853
4077 1844
4 1160
3608 3924
1672 1963
2259 4128
4191 1770
2544 3460
1668 1462
2729 3556
3723 597
902 3876
2845 1379
3094 476
2109 3940
2966 2957
3821 2974
2782 3307
2799 2851
813 698
820 488
1320 4572
1940 1313
1738 2209
860 2444
1743 2861
1184 4494
3135 3527
1935 2801
1391 4172
246 1993
3139 1100
19 2254
990 3396
3640 3230
3247 1392
3015 2305
2065 944
3739 25
3871 198
1264 3281
743 1548
2429 141
1048 3957
2132 279
781 2778
508 1173
1577 4605
2271 1723
1958 4174
1962 4290
664 1182
126 1847
2839 3357
1137 2334
1851 1101
1954 2315
1811 353
2241 3410
2081 4128
1991 3827
3359 2034
3563 69
4472 4089
3447 4224
1849 1330
734 790
658 248
3006 2883
2276 3570
3493 921
654 1640
1153 3223
457 1874
1 2750
818 1797
4185 2186
618 2052
3042 4672
3308 2357
2394 3681
1935 4006
1059 3543
614 1681
954 895
2431 211
4008 489
3504 3484
2381 3597
1757 1737
3257 2105
246 4460
1344 2877
4436 4253
3478 3419
2849 4650
740 4361
1641 1989
3722 636
1644 3714
298 1592
1222 4276
2793 812
1193 3065
1922 2245
1410 3469
4433 2818
4167 4465
4434 3830
1905 1788
4490 3749
3310 2999
2005 3254
3366 3411
711 830
905 3691
1538 2987
3205 838
3302 3467
3392 1394
1292 1352
4140 1523
352 2705
2531 2099
3401 1283
28 1830
2695 1695
2749 1883
517 2391
4463 1709
57 1936
3890 3132
4586 1234
3156 616
4697 676
195 4085
3784 1100
1504 2793
3018 931
3596 2831
847 3298
1729 53
4113 3588
293 2681
2665 1012
4547 4142
4201 4575
4566 2525
3127 2223
1052 1222
1286 1803
4512 2156
820 970
2409 573
1501 4468
996 1177
4099 3549
417 3375
647 1885
2273 3658
476 4505
3858 2874
1263 1471
2788 1909
83 2932
749 1473
131 4351
1545 2076
3026 487
2172 83
815 7
4148 3841
789 3490
323 3400
2922 4037
1466 1026
2177 1374
4001 4057
1890 310
4340 3805
2684 3187
1994 3200
1926 5
1340 1524
4365 1597
48 3761
1029 2657
3108 4294
474 515
3575 2014
734 2401
3820 1988
522 766
535 1084
2467 255
3813 2669
2301 474
2515 3547
4423 3792
2906 4062
393 1446
2302 4233
1202 3485
652 62
1744 782
2762 4087
267 3161
3648 926
2111 2163
3861 3090
2154 400
1121 2945
3242 3131
3520 3770
3047 2741
2943 1876
1362 72
2784 202
4307 496
492 4547
1885 317
1328 870
3704 3740
2068 3890
4218 856
934 2927
1883 4653
2334 1288
2491 2165
2238 2214
70 571
4623 4207
521 1381
73 2365
4220 221
4240 3670
4592 862
3003 3959
2681 1711
2333 2605
3620 1933
1335 1532
321 560
509 263
529 2599
361 3790
3532 1823
614 3115
2940 711
1854 688
3160 1169
1304 3798
4313 2383
3625 3699
2972 3209
2330 4230
386 1163
666 3175
2064 674
795 2474
4594 3379
2620 1482
1356 2720
276 1095
141 528
413 2877
2948 3607
2504 4081
3160 1659
4490 497
1103 1746
3517 1571
2247 1436
2862 1191
4338 809
3970 2589
4560 676
3995 3019
2823 4123
4169 4241
1007 1826
486 1644
796 4296
4251 2529
2493 2374
3789 2545
2075 4211
517 654
1243 1153
3260 841
621 2313
567 4512
1666 1197
3726 3996
3536 3356
4272 2387
2190 3251
2504 2959
3627 704
1955 4455
1628 3903
1330 2327
1843 1136
2053 4000
1162 170
3198 2983
1529 4525
2518 1010
124 3428
3259 2737
3989 1938
3163 674
1850 2986
147 4328
1882 1722
590 1146
2510 1596
4158 4256
820 3292
455 3117
3028 383
1420 3536
2587 2118
3998 4528
2854 2040
2911 4246
3783 789
2624 2318
687 2386
3908 3890
252 3618
3997 1112
2706 1744
2228 3235
1622 1004
4245 3029
693 36
3701 3620
3295 1559
1693 4338
360 3001
3572 4456
849 3422
548 3710
578 4257
3298 4473
2399 4245
3632 3703
336 367
1509 3005
4252 3547
384 2383
3494 3754
4597 4551
825 2913
994 1468
3287 4311
3901 4258
4249 3977
2664 3439
921 3466
3213 4694
2381 819
1763 3756
2104 3621
3976 3408
1119 2750
1273 2500
1942 4403
1041 1690
4184 3515
1380 2189
365 3018
1071 1420
3160 4333
2322 3569
4406 745
2962 3464
4250 4403
3510 175
2910 3762
1929 386
3190 1901
1798 3632
29 1432
880 408
653 1834
3389 2271
2684 2370
2725 3475
4577 1966
2851 2144
2148 2182
3128 19
896 490
565 1364
2734 4310
1517 2818
3739 1630
276 1283
431 2386
558 3854
4128 850
3355 3380
3947 3751
4411 245
4029 3789
3267 3864
1827 3153
3708 1636
184 215
348 4114
1749 3397
963 2013
2568 4232
2811 2980
1068 4491
1988 1746
1284 4629
2295 3525
2070 701
3682 2524
2448 66
3854 3524
3907 4141
1541 150
2229 3966
399 635
4377 4423
416 3097
1533 1541
2586 3953
4056 3336
4406 2150
1326 3418
4169 1525
2105 360
2826 36
974 2036
4107 4482
2857 1600
1248 2701
3881 837
2021 1797
3656 3696
2151 4480
4488 3485
1731 2520
4384 758
2982 2497
281 1671
4317 2578
1405 1604
4357 3884
2370 2356
2088 1623
3395 2101
1960 1721
669 3469
3672 708
4689 2628
3188 2294
1934 4129
1001 2126
3006 1411
1970 3928
4171 900
2591 4610
2308 1069
1453 2103
3792 1533
1040 1778
643 3612
433 507
1401 2397
4594 4206
204 3563
2908 1253
3090 2017
2351 2654
2884 2373
1238 2822
209 1626
11 510
1228 4691
3442 3596
1086 2696
4122 3126
404 3745
2732 1657
2948 3914
2641 1237
3542 1621
3202 411
4510 2260
2831 2566
3185 766
4449 2271
1202 829
853 2765
556 994
3267 1004
3014 2196
1507 234
938 3204
4488 1690
1787 3959
3947 650
161 62
1147 1835
1083 3230
895 3272
2217 2212
2583 3031
28 252
3425 4417
864 2602
1688 2033
3249 2658
1988 1871
3521 2501
605 2163
3873 4366
201 3925
367 4475
4482 706
3625 1793
2300 1297
2548 1105
1797 655
1340 128
2118 1164
1024 3644
3138 798
698 650
1351 2673
665 3397
3428 4410
899 1587
1551 3866
3562 1274
3959 4646
2891 1598
478 2157
3643 927
834 4061
365 2484
42 807
4532 678
2512 2835
3502 2303
3865 2436
795 3142
2197 4482
4037 475
3061 2033
1016 3184
2883 89
1758 3467
3829 2883
4476 1217
2915 4696
1445 677
151 2470
853 3109
1627 3441
201 1405
474 2887
1238 3189
2271 3579
495 1789
3715 4329
2152 737
2033 4615
2753 1924
1041 4524
4677 1542
675 21
3277 58
4087 3169
4542 3845
1705 2691
3530 1149
1370 3011
549 2570
3354 1506
2532 3766
3557 4039
775 2986
4522 58
3801 272
42 1420
865 676
1890 1986
2352 4120
516 4311
4518 1563
1229 3725
1094 639
4405 3144
2134 4133
622 4678
1972 2054
534 3315
2635 2693
801 2616
1142 1340
1424 1723
2480 4166
857 3538
4456 3574
1195 2437
3215 4429
4321 3803
1361 1214
1150 4654
3889 751
52 3523
4685 3832
3884 3312
4406 4488
3626 1564
3896 1395
1591 4285
974 864
3047 4165
1310 4501
4168 1103
4152 4049
793 1062
170 1034
183 3025
2300 3386
4612 3641
2993 2917
3309 684
2238 4549
1734 4362
2154 3638
878 2089
112 1158
2409 4032
3765 744
1251 233
4110 2045
1317 349
3142 1564
3415 1508
1032 1671
3645 3197
1589 464
2507 2809
2285 4253
1537 127
1509 1965
1975 3153
1456 1395
718 3830
3206 960
3780 91
1475 219
2882 4273
1032 492
2061 308
602 3263
1671 2518
2340 1221
2980 2384
3942 1141
1165 3698
688 2303
3324 2767
2020 273
2610 283
2257 1984
1574 1056
2077 1845
656 2864
3278 3877
3950 3117
1937 1344
2574 1084
3515 4361
161 2164
4317 4564
2784 1223
2944 4480
950 1072
2015 567
966 1931
2909 681
2751 2313
3251 853
1778 2908
1914 3648
4463 791
2037 2111
771 1276
2614 1616
2610 2499
2015 1137
3106 1323
3913 3205
2922 47
2409 461
2969 91
2859 2327
2390 3454
3592 137
2228 1432
1816 1720
1766 3669
766 349
1698 1797
4432 2089
2079 4167
2198 2078
622 3477
3486 1278
2822 3657
2722 2903
3880 910
2231 2817
4314 1903
4242 3655
1614 2421
3209 610
2344 2088
2836 544
4690 1879
3174 3737
2648 4621
1368 453
1448 9
3432 3170
4267 3259
3994 4569
4234 1252
48 2599
733 3335
2953 2001
981 2797
2813 3533
197 644
2383 1002
279 4438
2572 4016
1529 3225
2760 3208
1069 4075
951 2037
2821 1347
1790 1031
883 570
291 2810
4525 2132
3187 4217
3349 1902
2856 3694
3197 3685
4232 4229
3474 3079
653 3732
742 1039
4470 1302
1952 1200
4310 1892
3032 2233
3512 2021
36 4406
4608 1254
4543 1416
422 4390
4261 4668
2609 4488
2968 623
1497 527
930 2093
3582 4336
607 1810
1350 2470
1221 1675
4190 1915
4431 2659
570 655
4136 3935
3602 3950
1079 3591
1688 2276
1577 1625
4097 4036
2125 4605
888 207
123 4260
3683 1962
2215 4419
320 1422
2729 1604
2975 1825
2032 4123
2791 4453
1480 1234
2242 875
4109 3207
4107 1358
3066 963
4347 1446
2574 1368
3880 608
1134 4589
2583 2994
2604 1910
504 377
3668 4459
4576 687
33 2922
1899 1056
4531 2349
1420 1516
1441 406
2302 1898
2683 2565
2837 2717
3821 2344
2350 1748
2682 1606
1419 2001
4068 1783
543 2355
1900 3321
1910 1528
3108 636
334 2710
3962 27
1603 1382
3119 2733
537 3051
2920 1743
2588 2181
416 157
1384 4566
4368 958
3475 1931
3224 3586
3164 1160
1336 3005
4681 3549
1415 1720
2373 4584
2468 3456
2188 4304
4030 1544
213 781
4574 3166
2627 379
625 2463
491 2549
2007 3526
3950 579
2468 2806
3487 3603
2149 2751
3036 3577
1748 3476
1018 1906
3733 16
2875 463
1684 3499
3304 3904
3496 2573
2760 1027
1257 2685
1988 2155
3135 1232
421 177
2324 2156
2448 1890
4169 3216
3628 1285
1385 3142
1467 2437
4022 484
867 4102
276 546
1492 4304
3251 3332
1448 3944
916 2040
3694 2219
4317 3891
4404 2734
484 4568
4635 472
2564 955
2689 2984
4647 4019
2403 4107
2090 1811
177 306
2177 4384
3463 253
1514 4680
3126 1966
1494 1820
4245 557
4081 619
4038 3170
60 4182
212 981
1852 2976
558 3395
2102 3991
230 2037
2201 3890
3117 3630
3372 3374
2051 4391
2581 620
619 3842
759 644
3721 1393
1745 1928
664 640
2852 4437
4044 817
4568 1387
2300 37
3818 4161
3856 2000
4172 2703
2082 4243
2566 3528
1560 1410
3497 4496
3123 3908
4471 3934
2790 3099
1732 3875
1557 4441
3696 114
953 2780
4477 2497
3247 3591
3979 3326
89 1570
278 668
2937 1957
1621 2953
972 2054
230 3860
3162 3659
3806 1212
1064 2347
1223 4699
4371 1484
3871 577
3565 1098
1921 2373
4074 1445
4120 1675
1230 4104
2172 2636
2833 679
534 2455
3648 1307
3334 2237
463 2800
384 2043
1424 928
1092 1864
3531 4438
483 114
3879 391
1016 3095
3942 3294
75 989
1313 743
729 3424
775 1457
3001 3356
3185 925
3167 922
923 4246
1428 3591
4153 4684
3734 2507
500 4574
62 829
2363 3704
644 1380
687 846
4590 3291
3668 3233
154 3179
1487 2944
4242 4685
245 2636
1913 3023
2329 1778
4524 4195
395 2402
678 399
4568 1045
1838 1429
4034 3199
684 579
3924 2806
3975 1063
3998 2948
2546 3265
201 1596
1232 3166
4030 2976
2827 300
3318 4127
2594 952
1618 3431
4091 2900
1988 1130
1329 627
1822 3437
3281 1360
878 2886
2240 4663
3407 1807
2193 766
2368 2848
2509 3578
1327 3969
3713 2530
2306 2506
3247 2143
650 345
1458 123
3675 38
1548 1623
2257 4210
4137 179
2404 1885
2918 893
3544 1149
4384 1787
1133 3025
3392 3726
2253 4572
2872 1524
388 4255
2420 501
1623 193
1370 1614
3699 4124
2691 3805
1973 2662
2804 2301
4139 2348
1477 3337
3359 2900
2922 3562
3827 2970
916 4678
2554 4527
3311 3587
865 2601
2655 3517
3846 399
3075 475
2705 2157
578 3788
2984 3114
697 1577
2055 1690
690 497
470 4114
3716 2142
3735 3079
2727 3746
1639 1015
1695 57
705 2676
2073 4409
2417 3775
4638 3386
2308 501
2329 3153
3885 1116
3904 687
2576 204
2431 1987
779 3233
1689 4064
1221 126
1959 370
3989 124
199 2396
2007 3249
578 4507
3534 2961
1674 3309
1482 963
2644 1000
817 4681
4429 1912
2501 2833
2272 2828
1628 2932
3301 1706
1077 1256
1805 2613
4647 2779
1959 2523
1308 4564
4149 3361
2084 418
180 2526
3008 727
478 1333
14 274
1761 83
3163 174
3023 64
180 35
2733 87
546 1384
565 4265
3953 2614
3516 1471
616 96
984 4267
183 4028
331 3324
1177 2574
4401 2852
3658 1365
2196 2468
109 1594
1375 1063
2732 565
3800 571
1249 1588
467 3024
2459 3023
1461 550
1542 1065
3806 3111
156 836
2507 3968
3506 1452
1659 4160
4219 383
4373 2567
3588 1042
4043 4248
786 1916
3667 503
93 3864
135 518
1121 2700
782 2610
2491 2904
1442 527
3141 3826
2409 853
2299 136
4086 1338
1055 1617
1312 2517
1660 3105
4061 3269
2287 3247
1541 630
995 1837
281 4325
2084 1507
2904 4563
4051 1457
1558 2093
608 3583
140 855
2911 2727
2796 3806
3141 2777
1686 2237
2593 4456
1587 4628
1296 3410
3674 4500
763 3874
3929 3899
1442 618
2071 123
2073 2711
2252 3766
2443 1249
3425 4678
44 900
4086 3004
2013 1709
3614 1535
2014 483
3087 3881
3964 853
843 1001
3364 4
4075 4573
597 3171
1438 2488
1110 3167
1633 1013
4644 2770
1007 3610
1207 240
3468 1200
3640 1508
4208 372
2971 365
1295 1426
531 4208
4375 438
1587 3535
726 3027
524 816
1857 2237
3045 4552
1129 4049
1838 4324
2970 1948
975 118
2158 3317
2760 4545
45 2214
4658 394
2908 1153
2897 3579
3763 1586
3256 142
1824 3045
4555 3535
504 3647
36 3751
3453 2585
2454 2897
2295 911
4010 1163
4004 3896
1595 2742
4121 311
597 3123
1286 555
4374 4338
138 2885
2822 541
1499 266
1666 3658
264 929
2136 3103
2571 4574
2174 1595
1045 4208
2436 2730
414 4481
3580 2133
3302 1903
1093 2764
2505 3244
1119 3285
3848 4568
2554 2237
3656 1720
1718 3095
1901 1123
3440 3245
4107 1288
3484 896
773 4229
2671 104
1060 4463
4471 1728
2302 2448
2093 2780
661 1368
4634 476
726 809
1240 3958
195 2197
3521 4233
1946 213
4450 2684
2099 894
1754 686
4370 2636
405 1848
665 2536
3064 1278
693 4444
206 1803
2161 1995
405 1343
3047 1347
947 7
60 1717
2585 408
2255 515
23 665
958 986
2518 1995
3224 4677
354 691
1991 478
2295 1959
166 2766
4688 3703
1003 3788
1463 2782
1436 227
1708 1517
2727 122
361 335
297 1110
3139 1264
563 134
2191 3809
2540 1018
4444 1016
2296 4258
2560 438
4205 2791
3190 3209
1302 3552
620 21
3748 1207
4179 4251
964 2262
2149 1552
507 4561
193 828
1796 4459
321 4282
4442 4021
4525 4588
1742 876
2948 3713
2271 4578
1165 1079
4569 3283
2392 3709
3563 22
2851 626
4035 323
3209 4002
69 4597
810 1293
4663 2724
3489 2189
3452 1701
613 4615
2075 2215
1802 3843
2795 4371
1733 4213
1605 3860
3340 2240
2758 4040
3753 3617
876 1586
2397 2441
464 2444
1641 1340
1762 1443
2845 4598
1324 3858
2233 412
664 3881
158 2244
4030 4678
2125 2123
1119 1321
2686 3199
3573 1121
3697 3693
1259 434
2278 3405
551 1500
2727 2541
3415 3058
1531 3160
4650 2681
3453 803
3141 4052
4388 2012
3627 2924
2114 343
1521 3812
224 3186
770 3674
4558 1485
1683 2774
890 1266
3611 2793
88 335
727 4590
949 4417
913 1209
645 1122
3066 3929
1228 2803
3490 4048
1280 2800
3008 574
1337 1570
35 1690
1721 1222
1861 2277
1627 1672
415 1133
387 3294
2150 1603
2073 2008
4213 646
1128 4538
611 323
2174 2953
4536 1350
2418 2164
3848 2963
2661 1653
468 4274
2389 463
1866 3888
1004 3271
1227 1670
1626 2832
2800 2089
1134 4165
211 3709
947 949
3508 3068
1451 1742
2568 4102
2181 1015
1765 1042
2056 1440
4120 1836
68 4449
1384 4515
1777 1711
4164 2155
2550 74
1161 2571
4365 3792
878 785
4426 1199
3629 2950
4489 4662
1799 3257
2760 306
3031 2764
223 16
2463 3150
460 3388
728 3585
1418 3284
3886 3992
2742 1306
3329 1182
2276 4289
2582 4226
1044 4087
1629 118
2202 969
3356 4206
941 1308
1001 1333
840 1991
4462 519
3877 2214
3950 3904
1700 890
159 3782
2536 3508
4483 3106
4021 2064
1260 1600
1874 382
4350 4224
397 3391
2715 1997
3822 3530
765 1997
1425 3651
80 3036
788 1142
1478 4430
285 1605
2045 348
145 2571
1469 4183
1946 485
2508 3736
2599 523
2314 231
1294 1772
2937 3999
2987 3964
2566 3616
3581 2610
4478 1636
3309 478
3684 4572
1143 397
196 2670
2036 1016
4493 2193
3005 1268
1748 252
2324 4403
3319 249
638 424
2657 183
4349 1237
4067 4129
1011 3150
1311 2115
2484 4039
3540 4174
3749 3622
4255 1137
702 3875
377 3955
4673 3001
603 3363
2149 1609
4159 3140
2243 707
8 2285
2800 2830
2425 226
1370 2081
1907 1757
2664 4068
4646 3451
907 4048
4342 1263
2483 4674
2735 2102
3339 728
998 2590
42 3850
4471 613
1267 374
2925 2045
3820 2902
1101 3581
2487 1241
1939 1023
4374 2813
4257 2397
4433 3372
1194 1470
4442 3500
2352 3602
169 3089
1903 771
326 1226
1691 331
1636 3939
2076 736
4456 3661
89 3834
371 1661
4002 683
81 2316
1675 2882
3791 360
1202 890
3984 2659
592 2630
3208 428
1197 1665
3758 432
391 700
1864 3623
1662 3841
4409 2305
1778 1447
535 2348
3708 2852
1446 578
1178 1758
3490 2525
4447 4073
625 4495
3295 2784
485 3425
3257 2040
2137 572
323 2274
1726 3754
1702 4156
3882 963
4584 586
4006 476
3746 3515
1525 3077
2847 4067
2489 4691
4628 4033
1964 4589
1425 1634
2939 2424
3138 4045
3136 3099
4343 2602
3111 1301
2205 2366
2537 1150
59 3344
4464 2824
2120 2386
2958 2589
1443 772
1811 2779
3201 2874
4158 397
2182 1125
3910 1646
3529 4531
975 2805
3898 1780
2389 2878
3874 3205
4471 3551
882 3193
4649 3195
3873 20
4612 3358
348 2596
3922 4291
2051 1818
3183 658
330 721
2138 2293
1869 3058
1958 1253
2394 2444
1262 3606
209 496
7 3673
1023 1661
1253 683
2881 1921
3655 1430
675 1128
4653 4665
1769 4527
1006 2224
3544 3901
3691 3342
1426 1074
216 3551
1213 4429
2476 618
2479 1148
3123 2225
3917 747
3988 2239
4196 982
1477 3492
4504 4484
1201 1815
3579 1496
252 432
2554 175
2342 978
3425 4068
3953 4664
925 3268
3953 3600
828 2175
3576 18
1399 4120
3535 4531
3627 4166
4408 254
859 2187
4020 3262
2306 4665
3173 2546
122 3325
4669 2615
3525 2279
4447 4580
3548 2833
2552 1702
3090 1044
121 3698
126 2988
4152 1727
2366 2557
2725 2648
4223 714
136 491
4198 4299
3812 1617
2018 4416
3126 3458
3059 2651
1512 4298
535 2596
3697 3010
563 1335
2279 285
3911 3311
597 2247
1548 2163
2799 3235
1614 1890
711 4437
142 717
526 4190
220 4067
2764 2752
3066 137
2557 2135
3898 1324
4529 246
131 2116
2602 2856
1244 89
2385 263
3321 2785
855 1090
4014 708
1971 67
534 1063
890 84
4661 2252
283 1023
4150 1848
953 4550
2165 3131
566 2041
3413 2904
2761 483
3882 2729
1556 3847
2729 842
2641 2590
4421 411
3791 31
3986 821
2378 928
2673 757
1839 2053
3112 300
4121 1980
1444 1335
3966 4066
2521 2886
1422 2361
977 504
2351 1015
669 3314
1216 951
1041 786
1132 2955
3847 3156
2556 4257
4444 2719
3717 2604
563 4205
797 1152
1983 4444
3316 1107
3416 147
526 2242
1405 174
228 2147
4105 3274
781 2164
2644 3256
704 3817
3297 1571
1568 2524
4494 2930
2019 2126
620 20
28 3607
2510 528
4040 1223
3625 3149
2128 1867
4258 1071
4341 4471
3912 4252
1588 1614
20 2962
617 3300
2115 1074
2383 664
1763 198
879 893
830 4620
3511 688
2436 4053
2086 1421
2049 2210
254 2844
3420 3822
3968 4043
4174 3451
4300 4212
1570 1984
1561 1475
3033 2662
3321 282
1859 1750
1416 251
2718 2197
2190 3360
2839 3397
1766 2559
2426 4589
2864 324
2958 3197
4195 1435
2856 1764
2154 1522
2658 3589
1726 3092
1788 3733
2450 2598
2377 1083
1490 1839
71 1288
3412 1823
1405 3434
3800 2600
3963 227
4476 2672
2410 2898
3137 807
2033 2461
2646 3414
2360 231
895 1214
1115 4346
909 583
271 4593
4281 2948
2749 2147
1182 2716
2548 1360
2541 3316
982 34
4364 4103
1814 1526
4491 4419
1257 685
3779 785
304 2520
2836 3421
1458 3606
2519 3745
3499 3576
1669 1536
2120 4485
3684 2431
1538 1073
1204 1530
907 1741
3852 46
3360 1168
851 4639
2361 2300
4542 1286
1569 4409
966 3121
3006 763
1183 3493
878 2339
1755 1258
3434 2223
2293 1433
2268 4343
3845 3204
842 89
2182 524
1362 3794
1879 3612
2556 1806
2843 4698
537 4129
4599 1214
2094 536
3106 27
2353 3836
4461 3806
3712 2235
1758 666
3870 2955
3328 4189
1276 3687
4484 3610
269 3094
4569 4632
1727 2212
2565 3516
1458 4102
337 1068
3639 1929
3904 82
3418 3725
4089 4483
936 1100
1730 1709
1820 1161
2901 4585
277 1872
14 3819
4489 4141
4011 448
305 161
3045 1938
3878 2750
1034 198
880 1490
2353 1342
830 2934
2194 2355
3537 4170
1403 1514
2490 941
4296 2044
971 1947
762 0
590 894
2432 3553
3207 2134
2366 3656
1955 1742
3656 4674
621 2872
108 2961
4449 113
2828 4357
1144 1981
3298 1899
144 4502
558 3770
4561 517
897 2173
4644 323
4496 1289
4024 4633
2218 4307
802 1922
1010 2839
3167 4258
3553 3888
1327 4184
2739 2485
296 318
1426 1121
3838 2282
3481 955
1368 889
1306 2332
2315 2426
3564 1437
508 2356
4674 974
3280 226
3817 1898
4594 9
2562 1066
3623 2029
852 759
2022 512
2629 3655
3139 199
1727 3531
1878 1243
811 3916
3163 156
4290 3882
3948 1162
3897 394
3135 3149
767 1461
2448 3275
453 3280
1427 1182
4189 267
2333 2443
4100 3442
3481 317
3419 4334
3103 2403
4337 4467
183 2773
3292 46
1419 896
3797 2375
3180 3476
3654 25
2111 862
1943 1781
4102 1747
2184 4393
4153 2148
3287 2665
4566 1838
233 2564
1241 4370
3148 1189
461 3309
3397 1815
2961 4685
471 1056
479 3831
3556 902
1135 2093
1859 1146
515 1494
2888 1389
3219 4210
2829 3529
4503 4564
50 2730
3867 1582
1487 1868
1407 1347
4421 323
3103 3129
1951 933
3343 274
3379 1668
3711 197
4634 4286
1735 1001
2257 3587
3870 901
1571 4617
3517 948
2180 3190
3458 4670
2343 3413
2122 1204
4372 3988
377 1820
1372 3044
3994 1836
654 939
2451 2589
2264 22
1679 2785
2043 1247
2506 4634
4100 2811
2306 3850
3561 661
4112 2115
3155 3982
1839 3860
678 437
2021 3343
3975 282
1703 1043
157 599
1644 3265
3916 2365
3373 3146
4203 101
936 35
4337 123
4347 1094
827 3335
4437 111
3617 2323
924 1007
700 553
2886 2921
4643 1357
989 313
2921 4145
1637 1149
723 1921
94 3780
3479 4021
2292 3790
2430 2810
1956 2015
2144 128
3132 41
1738 3635
782 1593
3260 1262
409 2738
3693 3117
3313 1163
3968 4171
395 2974
3093 3378
906 1550
4185 4699
3936 1927
399 4291
213 1531
2479 449
769 3129
4085 2119
1953 989
472 615
4212 2646
3813 909
3288 2288
4388 486
769 7
3805 4601
3621 1705
3864 3340
2287 1732
3691 4487
469 2028
1069 3376
2580 2131
3060 2130
429 2940
2959 4191
3815 610
3970 1770
3492 334
4052 1863
899 1760
1816 1834
3907 4429
2760 2226
3682 4347
2 3682
1774 2531
2736 227
3811 996
920 4677
845 2594
93 4584
3748 1633
1993 1247
2394 1151
1096 1672
1338 1709
454 712
1691 4294
453 4678
2459 2219
1430 2995
3251 1903
1106 3620
3131 1963
3128 767
495 3515
1978 801
2361 1575
1570 189
874 4400
2196 3643
3093 4571
522 3291
2095 2256
303 1056
3138 297
157 4367
3771 958
4357 688
4002 4121
90 1865
1686 1282
1882 958
2022 541
2813 3288
1920 3681
644 1214
844 4513
3449 1689
3794 2690
4278 753
1089 2468
4668 885
1780 2554
235 2484
775 3568
3287 3822
3393 608
2082 4131
2902 4574
4693 1526
1068 4253
3717 3922
4340 1763
3035 919
3247 2225
1027 3107
4695 4204
3594 4441
1344 1668
2343 1478
2711 4234
3538 1339
174 2257
1649 1951
1910 1206
3194 3670
3594 4250
3321 4304
2801 1446
2951 671
2283 873
3825 3892
269 4101
348 344
828 2331
1649 3712
901 491
3253 2040
1523 1125
2598 520
3060 3677
4430 3294
137 122
1102 2154
3018 3473
3238 309
4151 1742
3136 550
3873 3843
714 18
4180 3113
422 3880
625 4125
161 2580
3241 2608
679 3249
439 456
2179 918
1855 1778
2827 602
1403 2864
4296 1676
433 3703
1144 2858
295 2667
507 1734
4636 748
3072 1028
2676 10
1593 827
3888 965
1632 726
1260 3114
2954 891
1442 1453
1680 4619
1872 2675
744 2913
3978 1906
4681 1649
1474 4304
1272 1413
564 717
2545 4179
486 4597
898 2510
2248 4389
1679 2215
2261 1235
3210 2057
3676 417
3965 3280
1507 3991
447 4635
4138 1865
747 1641
1842 1235
4153 4186
3544 2992
2244 1764
3833 3574
2632 889
801 980
141 1728
3438 2600
1252 2475
35 2828
147 2827
3121 4287
4184 1283
921 1172
4371 652
599 2834
3601 3718
3852 3201
4161 4449
3840 3822
1742 1915
1427 90
1387 1317
1486 2756
1636 4357
1156 1971
1244 3243
1120 255
2572 4653
4219 1977
3656 1153
1270 2767
757 1621
287 2327
912 3605
992 4540
1453 741
2078 4246
3388 1962
3957 1587
153 157
3627 4018
2786 3743
2979 1752
4471 3431
2579 1622
4566 303
3335 4034
4173 6
1043 4431
4689 1111
1855 2188
2209 1426
2193 3262
1992 3412
883 1989
524 2188
2800 3256
3108 3701
3819 1597
577 3404
2063 2373
1561 648
4041 1597
4352 2377
2366 889
1148 1933
3272 1734
4333 3702
1170 3928
475 4517
1830 71
321 3904
1511 4127
3786 2916
751 3158
3305 2050
2885 439
4061 2715
4444 778
2239 3027
1778 3877
4406 3622
4404 3707
3302 3471
4427 4284
2373 1638
139 3192
2291 965
3592 2513
2852 2704
4099 1035
3648 1977
4311 4639
1254 747
2933 4232
2462 4251
4665 451
2462 4410
3382 182
4576 362
3730 3476
2482 1179
2272 1124
2367 18
2611 1815
2238 25
4476 2213
301 4142
2463 308
48 1838
1575 4083
3784 3395
1240 2530
2247 3313
835 3904
2038 2186
757 3982
2295 3940
4280 2775
4680 4288
2403 1912
1821 2495
3117 95
217 353
802 853
1708 3479
1094 1796
4066 4496
1531 3843
3384 1631
2810 2079
3857 2732
4125 3584
2175 510
4492 462
1112 3259
4170 3770
919 3877
2991 1377
984 817
564 2607
2685 1626
879 1102
3576 2056
722 90
378 2520
1903 1997
61 1179
3858 4468
869 1179
7 4104
2829 3821
3130 4463
1766 869
581 2712
2978 1359
1453 3010
4635 3378
1378 4365
3205 3287
1385 451
4318 1540
1479 1441
3197 1033
816 2546
4107 772
3817 3310
27 3277
4125 1664
21 1190
3099 3014
590 1046
1221 849
826 2425
1197 3214
4594 804
908 1201
2565 3475
3405 3804
1150 4478
2567 2172
3269 2426
4243 2598
4615 241
2989 4597
3508 2252
54 3970
4373 178
3428 2290
1538 1402
614 684
118 1804
4522 2713
641 1465
4034 3512
3324 2779
159 4536
2225 119
125 98
2173 1393
2923 3894
1203 3311
1866 3753
3978 885
250 1843
3760 109
1393 3451
3067 1958
313 4271
3612 3622
2429 4003
4022 1968
4656 3227
3373 3309
345 2245
3493 1602
3623 1230
3423 1492
2225 629
3386 1032
2675 4441
2502 2906
3489 3275
4630 767
3392 2383
1025 746
2954 41
2865 3096
1401 253
675 2654
3166 3044
910 1044
421 2902
4650 2617
858 308
609 2902
1374 2044
1330 3653
2426 2465
2162 3126
3242 1633
120 4685
2374 1764
3840 1259
2916 3310
3205 3420
3273 2082
3129 614
2725 4290
2878 2495
4134 2109
3906 1412
2485 1891
315 1982
2821 475
2265 1036
980 3704
826 3151
2264 606
4449 3966
3007 3969
1038 1793
4092 2475
409 2024
3779 3258
3150 3418
1367 1269
1538 873
710 1160
3489 2277
357 2516
1956 892
1947 1029
3649 1908
2381 1238
1762 2353
4068 4055
2802 3895
4626 1587
208 2919
1014 3297
3686 1454
2072 2722
3341 4635
1762 3397
2580 1562
3071 3385
39 3183
657 4204
2123 732
540 2161
511 4383
2789 2996
1821 2948
2104 4443
2703 4127
1428 3649
2078 3575
3518 2199
3618 246
3462 3719
2940 3665
338 1576
1205 4608
4419 1705
2638 344
509 701
1513 3828
4011 4020
3028 1894
4345 230
3337 1047
740 1520
2186 1014
1928 4236
614 2699
3692 2829
2722 1882
854 3512
722 3964
1289 1391
3728 2262
1769 304
3128 3318
3194 4363
1505 4368
3942 920
1712 3100
545 2835
3847 2941
4471 1550
2761 3749
381 5
1629 3626
448 1989
3468 1107
271 3971
4004 3519
1055 734
712 898
1258 1228
4610 905
2514 2289
1177 1781
1880 1173
2803 4609
766 1636
2546 3977
1485 3553
3268 2359
2711 3104
1405 3112
612 369
3463 1612
200 3985
4144 1791
4219 2508
218 1591
1817 3622
1011 1163
4341 2160
1064 1591
513 4074
1814 3083
4639 4190
2493 578
2364 448
778 819
3198 3525
3887 955
1451 1383
969 3054
1421 2359
645 1901
2288 586
3935 2969
417 2158
2157 3473
1297 4308
325 4030
3329 1080
4279 2775
3102 421
3514 1985
324 3915
82 1721
1977 347
1678 2982
1475 281
4155 2567
3626 1605
1445 1932
1966 1192
4658 584
617 3727
2506 4306
662 2602
4095 3047
3217 779
278 1114
2189 318
1618 3599
956 1857
2532 257
2551 4657
1993 2864
1128 2964
257 4275
2421 1930
4460 889
4578 4382
4318 2981
713 1030
1755 1836
1602 1035
2674 1537
4514 2667
21 2351
2303 4170
3127 2255
3515 2652
4329 3334
2857 4598
3418 79
1621 3559
1617 3986
2171 1754
2545 2448
1976 2634
3485 2419
3280 600
1014 3983
664 1022
46 4179
3035 1137
3278 4653
1469 4206
3761 724
3697 2955
2844 3824
540 1457
2983 2521
1212 1237
4266 1209
2541 4307
1744 4429
2220 1386
4341 391
1497 2575
1561 3069
2611 2078
1006 3210
2735 1151
1164 2910
1921 3919
1725 669
4529 3298
4432 3344
2014 705
286 4032
2565 1184
463 3368
1613 778
2803 1965
1154 2222
471 2203
316 4422
107 487
4318 767
4286 2800
372 187
3635 3554
11 283
1994 3301
272 1365
769 2396
132 2131
4417 3558
1015 995
3686 2779
2823 414
4090 4531
788 264
365 828
1526 3801
667 1898
2703 802
2178 1936
336 2731
1960 691
1283 2010
4558 1794
3199 1242
1827 4633
1567 3201
3548 1451
3520 436
2056 3287
358 4372
4679 1760
2175 1458
3479 3520
1461 964
388 255
4434 4540
3839 1829
326 3906
4454 3941
2376 4550
2362 3423
3644 1956
1465 1145
109 1260
3848 2302
4343 1362
1505 1987
2089 4418
855 3506
4550 3874
159 3170
4698 1340
4057 3333
4525 1367
2300 194
4507 843
3839 4566
3451 1673
2831 2182
3158 4209
3985 943
3270 3495
3421 1438
4532 3937
4385 1140
4595 2111
1379 1693
397 692
152 1934
129 4637
3042 3333
2782 4288
80 2728
3811 4071
864 3113
2802 3981
2154 3144
3888 3462
1381 3001
3472 4186
3399 1722
2848 4403
4458 893
9 2060
3894 87
2421 2134
1521 908
2936 2895
1411 4039
524 3414
1404 2331
1939 3550
1088 4216
4208 2143
3646 811
3665 4206
412 3232
1323 1522
3278 4122
2171 2183
329 3802
838 876
632 2898
432 3078
695 1141
1723 211
3649 563
279 4037
3332 3027
2582 2998
727 2449
2962 4222
4520 3310
2946 3017
819 535
1067 2331
4028 4106
3227 3498
4209 713
2852 3102
152 3161
1579 3213
1809 2078
1488 2534
2735 900
4123 1528
3189 1570
3309 651
2103 4429
669 1383
3055 2333
1380 594
495 2559
1564 408
245 2985
4398 2795
235 26
773 1488
940 2212
2472 1096
1280 2037
1198 180
1452 1639
3440 3880
4114 4067
851 764
2948 4587
2564 2917
1643 3769
1162 1943
3663 3799
2864 1164
4566 3270
1256 920
4532 3412
3004 1933
34 3409
1023 206
983 423
3544 3687
1443 737
3860 1292
3490 1438
4354 368
1658 2323
1820 4606
1041 299
808 3358
2311 2828
777 4530
2034 1434
3804 4355
3284 2564
1079 2579
923 1967
2849 2490
4668 2327
2081 956
2983 1685
4297 1938
1894 4135
635 2693
280 288
2659 3373
1329 4568
907 2769
265 3735
1112 294
4103 3162
614 758
291 3426
2647 3570
2416 4314
1405 107
1012 2049
1627 1492
4357 1724
3150 4625
2179 4007
4161 1893
2428 4222
1070 29
1099 2307
892 3928
1240 3231
2394 4411
2545 4001
3730 1786
2967 2512
176 2410
1868 3610
718 4602
973 3178
2054 1805
4156 667
2850 342
2512 85
231 1034
4577 2889
304 3736
3284 1779
2622 194
251 760
3758 3317
3877 1146
1699 3399
3461 2087
1971 756
1481 3365
1137 3165
3364 2892
4094 2207
2893 2883
4525 3297
2675 2102
1299 3461
4641 402
555 2512
2021 4270
2459 426
2534 1005
2782 1860
412 3984
2822 4174
3922 2049
1174 2077
2958 776
2181 781
3983 4499
716 3445
4204 885
3175 2144
1993 88
3755 1572
17 1575
2741 3934
4435 907
3227 760
3721 1330
2008 447
202 4270
1030 1374
4575 4392
538 424
2739 613
4025 2286
1897 1171
3067 1025
211 5
410 494
1596 2368
4051 85
1550 814
1444 1536
3635 140
3630 4428
4491 1829
592 3635
1095 2379
2303 4640
3416 2817
3351 3213
2033 799
4282 415
867 2153
3866 2219
4297 3965
587 2727
1601 1856
2189 4447
3 4604
2931 4337
1263 80
4013 2844
2949 1174
1614 3633
2662 3523
1155 3621
1170 4690
2893 3160
2782 344
4174 2134
2858 1073
1895 203
2435 3991
1705 3085
3340 3411
3738 2338
1456 4284
2551 1609
4206 3364
857 4214
3845 2119
1288 3510
3981 1235
1304 4166
1330 4051
2831 75
2624 572
105 3742
1604 1377
1388 1002
1003 4203
4539 363
1885 2317
4601 2695
3626 1347
890 2452
4573 2593
4595 4689
2309 1143
3636 502
3689 260
1551 2122
3895 2671
115 2708
3089 952
919 4031
2300 4360
2941 2163
4162 935
1528 3081
4576 2499
3466 2567
958 422
2431 2976
2304 1738
4379 4539
2021 2024
2586 2096
2050 3586
434 4157
4548 1003
3869 679
3655 2453
974 4519
3484 859
1451 1080
3101 1917
3025 459
3013 880
2040 3449
4647 4527
1170 3143
328 1311
2951 1116
122 1052
3274 2292
739 4285
2995 2478
4047 2447
3200 655
2869 3391
1915 3906
4137 1552
1003 1455
1792 2192
1923 3236
4541 186
4388 1412
4277 4190
2630 1358
3898 490
1079 1399
3912 2616
4040 640
1265 1013
3185 2279
4603 3324
3923 2701
1915 4669
800 4516
2125 4042
2275 2855
499 4060
3467 3535
3133 463
3120 2563
1615 3715
2981 1448
1409 2187
220 4682
832 3588
31 4474
1461 83
3259 724
1596 3168
3708 3126
1583 3834
3361 1964
1353 4285
2474 1264
2142 2807
4244 1402
237 1860
3180 48
2093 2361
2288 3199
2997 4403
1199 509
3703 2478
3912 4300
2212 3152
3619 4681
2942 4341
212 482
2043 3872
4272 3826
702 1095
3586 2535
3220 128
3351 2118
3252 2240
2671 3395
448 1443
4161 1864
4073 2882
2937 455
2038 4622
4120 2373
1086 37
108 1782
2344 1669
3539 3355
231 317
1863 2502
2563 2852
4376 1196
1755 1519
914 4699
1428 2091
2397 1559
115 2092
2591 3340
1859 1877
329 4313
3740 3027
3486 2119
1360 677
2409 4445
3343 755
26 2372
2451 360
3950 1024
1888 1598
4688 450
1802 2604
595 1853
2178 514
3177 444
1067 3721
424 250
4411 1120
3729 1605
3325 4188
940 2529
1101 1787
1968 1140
3531 2226
3064 519
4069 645
981 1028
2802 449
3419 3708
3712 2110
4023 1308
2785 787
451 1696
46 2366
4378 3032
2593 197
3890 4147
985 3207
3328 4590
3076 1377
2323 4581
901 1864
4186 4473
1224 1003
2132 4554
1331 238
3634 473
2770 2071
3520 3011
2059 3622
2036 4500
2305 121
3124 2214
4544 3117
1735 3899
1978 3151
3571 4462
1784 11
1574 3326
1467 2198
4364 128
1586 3656
4413 3702
4526 128
660 1582
1617 861
3083 2130
2500 3199
4534 1787
300 2395
475 1453
1496 340
