293 1258
211 1042
340 828
249 809
251 52
197 292
575 142
1389 12
715 353
1448 682
88 953
963 685
678 261
733 1206
661 1303
1091 585
1069 552
238 328
684 106
138 436
1263 300
265 336
13 1356
418 1322
95 1369
368 757
1336 532
939 969
485 1389
249 1191
1476 218
1145 8
375 15
281 818
324 1202
942 782
757 1339
914 335
1071 317
1182 32
207 1332
2 105
281 98
1162 674
984 300
19 1302
1262 926
176 834
1087 1483
1399 1077
1428 540
563 151
1146 24
363 406
646 5
1329 899
195 1434
541 54
1236 788
618 508
627 664
296 542
871 1327
1408 454
207 565
1253 1071
1276 651
751 1379
757 912
633 361
466 148
187 1457
430 428
167 599
806 1402
1202 431
1123 1424
880 896
339 1148
917 1276
361 1275
886 880
96 269
48 1094
1459 502
280 855
674 957
684 879
672 461
422 452
1165 536
567 403
1403 492
319 391
406 1154
131 1344
677 847
1419 455
327 768
1480 408
1103 998
987 48
160 321
1061 386
846 201
1242 1482
998 497
35 588
600 885
948 1163
452 37
811 794
698 401
452 573
659 900
994 681
1165 1168
1039 341
695 1296
1100 164
627 1292
460 317
97 218
1152 1114
945 298
1335 786
952 1169
1480 842
1168 695
709 1377
1266 899
434 1493
446 756
1071 642
1318 73
635 1439
944 783
1128 1452
506 451
1412 937
255 331
826 354
240 982
337 72
548 7
1449 360
197 607
32 1152
949 439
1281 42
867 1378
645 1433
308 1461
558 947
236 792
593 1022
225 577
227 339
1078 1151
865 812
921 917
437 897
1405 633
1225 910
99 1464
687 81
524 301
518 1244
299 402
329 963
381 508
1334 1327
607 247
303 238
1303 113
869 290
208 775
1008 369
252 881
24 955
431 500
1169 1476
238 307
295 1219
1474 1427
662 808
832 1253
99 445
1346 33
373 1318
279 348
818 1490
28 1143
139 1464
155 1047
492 632
938 1277
1116 1379
1237 232
34 965
36 1007
312 381
1268 889
21 952
1261 563
290 920
715 475
821 492
1185 108
746 493
622 867
1055 507
330 1409
916 453
741 507
21 1148
525 546
592 1391
291 1449
970 372
820 1350
838 432
1145 472
36 752
1320 498
853 484
277 752
908 541
1198 684
693 427
626 10
738 1447
1030 1112
1338 945
967 536
832 134
572 220
1064 1464
1073 161
885 867
720 962
1343 1470
747 587
1228 899
1099 1032
718 72
248 1263
71 1101
951 282
1170 1084
581 748
1446 304
1369 560
1277 799
929 1123
243 91
874 1271
9 627
926 672
369 451
1239 535
1216 901
1199 1339
331 1084
1491 1343
199 1335
1445 1207
528 1468
82 955
1029 435
196 1266
1322 825
1033 381
754 590
297 214
624 130
226 708
158 789
891 725
234 483
18 704
1121 951
1319 414
1042 64
335 231
1447 5
786 1017
2 965
481 1200
3 531
931 527
858 1233
1427 344
81 929
107 1243
961 590
632 1419
314 667
579 449
1252 389
1004 683
1484 496
642 1294
496 164
759 629
616 707
110 565
514 550
486 61
1413 1245
441 223
590 1088
602 870
516 368
901 599
835 208
254 771
1343 744
958 383
703 808
534 679
360 1322
1108 525
632 123
12 117
1117 840
603 1090
587 335
1380 56
1352 790
397 994
617 355
285 1260
714 923
988 1141
454 671
931 106
392 567
406 690
608 410
1164 199
887 762
102 796
415 610
1409 1246
309 591
914 600
304 920
799 1181
719 554
297 863
451 51
1117 419
828 755
916 670
351 677
450 944
1056 596
19 972
834 793
1329 1038
148 990
1382 730
327 1118
1115 802
430 880
861 1175
789 1109
736 1213
695 201
222 51
827 1222
1443 1439
535 537
1272 1328
532 180
768 1078
657 217
1279 171
1146 40
170 679
268 338
1432 239
1476 694
361 1420
514 350
156 334
30 843
646 652
286 666
602 258
1269 1203
1272 1293
1151 377
395 65
417 136
70 657
925 311
410 1284
1485 948
1119 384
961 425
478 1135
142 455
1340 235
826 575
801 907
710 698
186 1172
823 1313
1208 758
52 80
1159 599
9 716
847 450
754 1417
567 1314
456 955
836 834
313 797
0 309
90 339
321 794
25 893
668 1030
1017 613
411 1167
112 882
196 1161
7 484
1199 301
565 1076
272 1337
742 655
589 1306
463 1451
327 1029
147 347
1081 485
336 1108
1257 295
1020 1258
260 540
1440 597
625 372
640 673
1190 456
1381 824
1438 509
187 74
1007 232
842 284
32 319
689 1414
967 582
1218 864
162 99
377 716
1211 1208
1499 669
610 1027
419 1263
203 908
302 999
1206 519
464 432
824 1340
1243 1452
1439 555
127 53
1337 1358
1287 383
558 683
456 1258
276 77
699 9
1384 1098
154 691
1268 121
376 1028
823 913
1377 940
346 946
643 1239
493 394
598 695
285 1209
927 1042
673 1254
612 317
387 1485
1044 1239
1383 421
398 1125
235 595
95 182
366 529
1142 1466
1127 1154
13 448
1169 1367
1330 1457
385 1355
1279 289
516 216
682 1004
960 533
364 150
1250 25
1466 968
330 305
584 215
218 347
778 311
1220 407
640 1341
1224 1122
938 302
1215 199
1405 988
886 334
90 636
1318 225
1196 310
905 349
824 252
59 1145
914 182
136 861
454 1139
1353 1274
750 65
9 116
899 415
897 194
3 1200
236 747
23 1456
931 756
1477 131
853 569
553 222
847 665
336 207
295 89
386 541
1298 955
259 520
292 764
25 599
232 216
1120 771
221 1347
1170 773
597 1439
1290 393
237 533
896 638
1454 1449
32 1045
719 31
41 814
363 874
33 850
202 194
967 851
1484 445
416 1422
898 6
98 739
894 1066
527 640
1157 526
258 1495
804 1235
753 162
1025 173
308 641
180 678
106 587
618 699
58 366
565 792
491 1050
294 481
1065 800
680 409
156 512
1362 383
1315 1242
581 1085
412 1329
916 1141
355 214
1193 380
348 979
577 897
289 849
435 355
845 149
1349 1259
780 891
1160 512
49 97
255 585
903 22
973 1297
711 90
1180 754
1157 411
1089 1368
957 546
438 194
1278 1016
173 1004
667 1481
916 120
1314 82
394 1006
511 443
153 754
929 1268
943 5
760 1025
494 508
627 973
970 1186
304 872
917 446
1071 806
937 1244
1400 148
1034 272
189 589
586 1184
1236 978
315 136
765 763
1265 429
873 898
133 932
92 943
478 946
265 721
715 179
532 1383
29 374
527 716
1119 1068
1026 189
804 650
194 1070
858 1127
1497 1056
169 1323
1028 1049
530 825
1397 922
502 767
972 1017
1119 415
422 196
1323 604
1454 1443
260 259
1121 926
180 4
512 331
1033 225
723 546
1037 109
244 1022
1236 391
1334 629
747 886
1022 1241
114 389
257 1417
921 932
488 1243
1149 241
177 1195
745 1366
1322 690
684 656
904 1478
1039 948
1209 789
1104 1275
1307 910
1075 939
330 763
795 1434
1069 1405
24 1167
1034 386
656 967
1423 953
805 451
316 1297
220 943
55 383
1264 532
652 1246
1093 247
383 173
1171 674
775 876
198 760
777 849
613 529
1274 1358
400 624
526 1319
127 560
110 837
1464 470
1097 858
1164 1137
395 1473
315 725
855 1287
1063 1042
311 724
992 289
778 668
550 477
1122 106
150 648
247 638
874 1081
1357 982
580 1386
1350 327
171 1146
552 1415
707 13
1058 91
39 200
485 816
320 1048
995 855
620 277
1008 365
1180 1283
890 1341
675 849
795 1177
765 1194
1033 989
321 648
862 450
1064 1353
1053 438
1202 908
894 346
975 1154
1389 373
390 839
978 753
214 66
1398 29
1466 1082
1218 660
67 838
747 1108
1490 391
1021 667
839 471
1044 1140
218 486
160 67
700 10
1280 1403
898 1396
699 245
642 96
1233 1425
768 218
689 1357
473 474
736 429
806 1331
1397 914
1427 622
122 536
1474 650
1416 484
1083 608
276 1328
1455 563
1108 777
1019 1198
1408 886
847 966
1084 874
331 495
611 488
300 908
86 940
976 819
1253 935
357 71
831 111
489 1380
1332 1237
444 1270
1063 1324
1254 346
1114 1207
408 870
572 1108
629 1276
417 700
554 1193
1209 627
723 732
522 1208
1156 726
932 86
1374 799
693 145
483 835
1362 752
745 1266
1173 633
18 1245
375 256
1312 325
1098 549
374 803
1100 764
515 659
192 371
980 947
275 387
1472 788
1130 253
454 619
1387 956
1408 569
958 1387
471 361
867 1132
1400 231
213 997
914 274
1281 760
1013 72
1157 1414
39 1466
1464 8
949 1087
860 221
543 746
1084 164
1321 1064
36 794
510 300
646 958
164 525
559 781
1432 982
987 1241
556 321
505 606
1066 627
1256 307
1009 113
295 808
1304 83
68 1180
419 273
1472 106
1066 1071
914 633
180 163
979 1468
1089 1134
958 1493
1432 988
694 881
685 921
1477 222
299 176
1046 202
1346 1076
835 1228
851 662
806 586
401 637
754 848
1104 237
879 955
1125 1440
902 1330
54 380
518 207
1064 453
1421 1272
855 1111
98 212
1125 423
353 520
1311 1070
593 1154
601 1068
175 1469
177 468
1296 753
440 346
272 982
829 622
446 1364
727 487
458 196
1078 639
675 1442
1309 1449
1211 644
1031 1206
570 675
135 326
319 1062
1283 503
109 215
654 1176
46 831
1146 300
1301 1402
702 494
222 912
1339 710
796 423
722 73
112 1472
642 1109
933 917
1468 52
1119 1461
461 998
1348 232
251 268
498 575
1460 1148
456 1452
512 417
687 1382
18 123
787 579
401 1039
576 808
3 481
839 578
1282 972
933 899
1394 1166
42 1278
500 499
704 532
782 783
964 1119
179 193
1284 300
606 725
712 470
115 1194
976 458
436 991
370 638
100 1261
1274 305
26 547
1389 1261
14 217
1476 764
880 705
1102 257
164 139
237 209
735 557
1119 794
212 1228
656 363
345 1247
1157 796
81 1350
603 1241
286 1014
1218 575
1023 1208
486 11
372 103
1131 912
251 724
1177 591
1235 253
474 298
764 178
25 595
813 40
845 467
1022 275
802 624
858 440
441 147
434 1340
1413 1422
1149 280
1479 186
87 311
148 493
401 1317
445 519
631 1194
1029 147
164 1443
641 89
1015 552
1338 780
23 516
713 250
642 1410
1171 599
899 990
1117 1180
1102 39
1034 1340
1489 1051
283 22
164 902
569 1110
935 899
150 1321
844 594
67 284
16 307
170 1080
1078 1200
1183 658
323 703
301 246
1094 946
355 154
216 1265
485 1281
1492 1124
269 189
1233 330
1255 358
284 1424
721 793
661 853
25 282
855 532
1309 1242
1000 1439
0 952
496 1336
1439 1387
1069 1223
19 1093
1295 90
1194 1011
830 702
861 902
1132 1465
980 806
727 1041
1382 646
945 697
253 287
958 1215
514 426
1067 1391
1313 1405
404 390
535 1142
1381 527
718 365
550 931
1071 547
25 1131
824 927
569 1105
744 1165
71 735
762 250
578 675
1022 112
909 1429
363 258
1169 1198
892 316
793 1215
1254 253
166 1342
1062 998
948 165
821 1173
131 1178
1060 814
1267 358
222 1326
806 695
1309 553
260 1020
1112 822
1117 103
764 1091
701 135
1371 766
961 491
762 336
176 716
843 240
1325 1119
457 171
399 1251
776 988
1212 486
190 387
801 1478
477 636
215 440
755 1122
1147 1181
523 1206
803 1218
1222 991
759 882
274 242
1100 694
52 835
884 1072
1400 714
1384 1061
970 621
1260 118
180 1124
771 1050
566 1003
772 367
480 1001
68 1414
374 224
1391 1309
1386 1141
611 1200
652 1017
1386 1191
858 1487
1184 732
1248 158
20 496
1362 1207
1166 257
1153 1205
1023 32
152 319
685 204
51 270
9 1455
523 25
766 212
1498 939
1312 1119
698 1269
394 1158
73 575
667 756
1219 981
1367 1024
631 815
282 1208
1325 997
1029 1099
1409 379
260 450
285 373
281 1187
1489 1203
820 1472
1484 1364
114 596
924 1177
1399 415
207 456
722 244
1397 262
495 1143
993 807
1328 217
503 926
507 1381
1225 237
1461 125
338 759
536 78
476 912
1438 249
802 1266
1329 1495
1038 1406
387 276
1470 643
1355 1105
694 1459
1291 1467
418 1158
69 1372
857 1162
1377 61
876 357
1257 834
1343 1498
864 454
202 1439
888 658
1405 1435
419 214
758 332
802 14
591 1303
1369 664
861 633
19 284
870 1147
829 680
1324 746
1250 982
1059 954
1407 19
177 796
490 31
1070 689
261 839
806 982
1419 911
219 1311
1358 1450
700 1073
1085 307
1444 669
1170 310
178 194
145 496
1361 1330
599 27
507 581
1073 478
1098 987
693 1314
54 837
139 787
1472 1314
1135 682
913 368
1135 539
584 594
35 926
945 321
332 195
1365 1309
1257 40
491 313
962 775
522 528
1165 581
617 859
1458 1293
272 1114
507 433
840 988
539 504
637 1052
1357 1353
1391 676
354 443
1272 716
959 149
334 333
315 1368
1048 413
189 1364
945 304
800 465
642 869
1022 15
122 89
1423 69
1072 754
1271 1463
171 1405
1204 1140
933 192
299 62
1079 950
384 813
1453 1476
1269 1071
1235 1409
81 170
275 1004
1091 1189
726 1042
683 712
495 667
847 47
1163 1474
814 1358
715 721
1442 1190
43 1236
1308 1306
1324 1005
606 1404
1410 1249
749 519
1124 981
1094 1235
440 1099
59 971
1270 57
750 520
1021 689
269 1314
279 1056
641 1204
371 728
1162 1461
285 985
900 1010
1105 1023
817 1064
624 30
78 1090
1164 1236
971 1336
942 252
1304 995
371 1440
750 649
973 844
379 1301
1444 1378
1018 968
1485 427
463 959
133 660
107 1341
1475 1238
1191 945
514 1308
300 701
431 118
116 143
903 280
928 413
1107 637
25 1152
904 1110
300 1337
355 283
1414 1243
1183 1256
1397 126
122 818
667 1305
977 796
97 316
580 1461
1443 1400
923 1352
1371 607
1071 496
575 358
652 635
873 34
819 465
678 1075
541 342
658 1339
1052 1284
956 642
783 1148
1238 919
1361 436
428 1376
9 342
1131 740
561 348
644 742
1440 1299
1423 1081
366 170
950 1319
1352 1343
1066 752
1318 1082
1082 971
1170 396
1135 52
558 628
101 612
1498 1040
468 602
1055 889
1333 1481
972 644
564 1324
440 365
1467 1286
524 156
946 1141
523 180
723 1212
1468 315
612 1002
220 403
1468 319
526 395
1222 903
1304 239
1190 278
32 1418
650 130
527 155
1245 664
801 915
1420 558
12 368
297 1026
331 1434
101 124
943 1411
869 1415
1481 363
878 1373
1309 231
1118 1394
468 227
467 1338
1069 678
823 1366
727 1036
430 1471
951 276
325 729
1288 453
611 528
662 616
57 1024
722 239
347 678
124 860
610 792
167 1249
2 6
470 240
686 304
254 853
731 600
359 1139
314 296
539 384
1053 1497
333 1436
756 195
211 1
1372 149
1089 574
922 1253
631 90
364 301
225 2368
881 373
260 814
769 849
229 97
540 1468
251 82
1131 529
761 394
63 959
975 803
321 543
1058 109
716 682
988 1307
27 1062
591 1134
414 1466
1074 166
26 1111
247 957
1260 1355
693 928
1005 605
1062 998
