4195 1384
3394 3743
1787 1267
2824 247
3612 1271
3761 3366
2600 1986
4132 2788
3639 3148
3036 3301
1341 734
791 2277
4071 2569
2897 3620
4077 1811
1594 1333
1461 1021
3752 3896
2476 3936
658 3279
1625 389
1811 310
3304 3283
2951 3876
1952 3755
3173 3046
1890 1832
2009 1882
3166 491
1077 2256
2580 707
451 3469
1331 2816
3114 3377
1801 1432
3754 801
2200 3811
4181 1887
1673 161
1469 2245
1760 2076
1036 4128
3020 1008
3115 1433
1257 3166
3939 3023
3324 512
2954 3760
3738 1679
3858 431
2621 488
4116 158
1645 2741
3836 2013
1095 951
1937 1147
1732 3201
387 3009
2584 816
969 2646
2284 2527
4183 1981
1867 3055
2272 3331
118 2780
2110 4052
2413 1930
2739 3669
507 3630
1714 780
1748 2065
3351 739
3686 1311
1568 348
1793 3222
1887 3454
1707 1298
677 678
212 693
2596 4121
2444 812
4025 1869
924 2037
332 2656
920 3107
1549 1328
518 316
3901 697
1827 2210
3598 3821
4115 870
2624 3453
2250 1043
3553 2638
468 1806
240 3023
2230 2011
3015 3679
4087 3706
874 2651
3662 865
1944 1965
2761 1763
901 792
79 862
3897 472
819 890
3441 1686
125 3589
752 785
294 3580
3217 1944
80 1612
3324 2452
857 4087
1123 3
3074 3257
3935 2303
1328 1474
3236 2125
3245 1622
2333 1912
4196 576
1886 1142
1952 221
557 2779
2239 3621
3667 3529
544 604
3076 41
406 2430
3817 1331
1136 2962
1750 2178
775 2453
2845 3027
2219 2511
3255 1355
1058 2891
3682 2024
4030 2551
1523 2824
3594 4132
3081 342
809 2839
3500 1395
699 1382
856 1240
3236 1566
2746 522
427 3473
2909 279
1764 2277
2673 388
114 3023
3018 1921
2949 3727
3976 1796
3059 1237
888 3762
2415 401
2822 700
1715 1744
4101 1142
2426 187
1965 3547
2535 49
1336 612
2811 716
1737 2183
983 4001
2489 1820
2599 1593
2767 2787
71 21
1228 1425
3293 1878
4016 410
458 4194
2588 1128
1702 2794
757 2569
295 2441
905 911
3870 2064
882 3960
2222 3988
3812 2862
3866 848
1061 2833
1625 550
616 1672
3785 1593
1189 1647
3221 1823
57 4195
1764 354
1197 768
184 2517
3846 795
1135 3060
1736 715
650 2236
119 538
3136 9
3644 50
1494 127
3753 4075
3389 144
3929 473
4112 3459
2359 3738
3424 174
2569 1828
3238 2930
2568 4173
2236 3077
2759 1260
1384 1733
2934 125
2886 4024
2050 243
905 2761
498 637
1270 3237
761 3099
2565 1435
2731 2577
1973 1825
3965 2410
2027 267
214 2864
3527 471
3916 3392
1275 2844
1980 3723
960 1329
2018 934
1887 234
1760 2323
1464 2900
543 2312
547 3730
1768 3109
857 3856
3374 3564
2685 3765
3618 2425
197 4149
1153 2097
495 2956
118 1726
3514 159
3600 1624
3362 2381
943 3400
1295 179
1025 1982
747 3900
3899 3602
3150 2903
1150 55
1176 874
616 3476
2650 4157
3156 2908
585 817
1015 189
2232 3464
4160 2701
1321 1798
59 1609
1023 2252
1553 1304
2371 3693
3640 2051
3809 770
1531 856
4063 3768
806 116
786 385
1840 1733
3252 1768
1644 4034
4150 1070
2038 4098
3237 2201
2303 1065
1812 2700
1285 3393
3215 1754
2306 3533
4103 1260
3008 337
1790 2890
2294 3421
209 1990
1457 1240
21 3828
513 1009
3471 4085
2934 2737
1196 1475
88 2877
3290 2935
3296 239
2889 3150
3463 3523
4074 642
2264 2007
2074 989
268 1772
1490 2304
4003 1026
2895 2121
3418 471
425 1323
661 1232
3546 1487
2033 3880
661 3721
446 2357
2576 1197
2304 3658
2399 3656
34 1247
2198 3043
4190 1133
2243 874
2010 1053
1958 908
98 3784
3470 4154
3525 2129
2698 1354
1087 3263
1312 4077
2300 2991
437 3756
2900 3918
1850 194
975 595
791 2491
2205 2347
3967 818
138 3526
2703 399
45 4079
2948 3624
3220 3186
2288 2406
2790 2701
1897 4056
244 3816
3654 2878
4165 1137
1879 2492
4060 657
4016 678
752 1138
2809 706
2336 1194
2437 3144
2969 4097
3221 2567
2853 4117
201 3913
3706 3519
522 567
4164 2854
327 2623
640 10
1193 2729
2686 2555
1853 2713
1609 3832
2270 1943
2871 147
3965 1131
560 3489
1518 2811
2733 1504
2464 2103
870 2289
3744 2955
2063 3620
2778 1915
3040 555
3342 1550
3504 799
3531 3265
3101 126
2603 4100
3467 2118
210 3458
479 1468
2259 2010
3478 3845
1321 2490
3542 1718
560 3843
1193 1094
3254 687
930 1824
4073 2095
1750 111
4149 3537
3760 4187
194 2687
1168 3288
2048 3003
473 2421
1544 4078
1853 1994
2161 3008
2384 162
4148 481
2086 2624
3660 4158
410 3990
3525 3280
764 1857
960 3590
1557 2384
2728 4002
3858 427
2844 817
1331 1633
2017 1284
2831 1097
2019 2396
374 810
265 3138
2138 902
2082 2836
1915 2105
3943 2412
2070 736
2287 4011
3633 124
4017 58
2541 3973
2537 745
1561 83
2090 440
455 3992
3156 2130
517 2322
1187 2522
4138 3516
564 2878
2906 2348
4004 1256
112 375
2102 4116
824 3992
2825 123
2958 1456
4044 2973
3694 1360
1847 3486
2601 322
391 3119
2880 1741
1917 285
2664 3526
613 1855
2939 2100
1126 1256
3063 300
2938 2197
4181 3563
2179 1969
2640 2554
2192 2227
3047 2683
3211 3233
1529 418
409 3694
3980 415
2965 302
3466 1136
3361 1371
297 3548
1266 2936
3869 1978
3814 1154
2101 823
725 567
94 438
3585 3974
1072 2369
3788 1798
291 1774
3501 2963
3493 2102
662 3595
1715 1455
1645 966
3153 616
2452 852
3032 1308
895 928
2451 1640
1906 314
2110 1319
2300 811
524 2414
3772 3105
3284 913
1847 2354
3998 1291
3147 4014
3647 2629
2212 3853
3527 2534
3880 2807
611 1744
3104 514
3892 3819
853 1518
2108 1619
2853 2013
2488 1765
4073 2606
478 2591
132 376
1340 3260
1026 3732
3706 63
1778 3667
2294 1775
1170 2438
3986 2985
3037 1573
3348 1788
1892 2559
2626 3285
2558 1168
3751 1882
517 2840
527 3268
3391 816
1531 2293
1117 96
3153 2193
60 3044
2475 290
2981 805
2570 3915
819 4179
3887 3126
505 3520
461 3944
3453 2912
1335 2986
2869 557
1394 3499
4005 463
3982 3129
457 872
62 71
2533 2989
978 1096
3023 3448
1637 2570
3614 3714
3880 4021
3865 935
3978 1562
2414 3266
1842 3369
3461 2775
91 994
3305 1311
3338 1685
1299 1806
431 646
2834 2152
2126 1376
4187 346
3665 1034
3120 2446
3644 1126
576 798
2020 3054
884 2961
988 2362
1857 4003
3854 4004
551 286
1827 1693
2421 799
487 1432
3550 3244
2892 3523
3372 3425
761 1431
583 3897
3038 1237
3490 3705
2615 1480
107 3313
2011 2441
1229 3444
1079 1917
3652 1255
676 4124
1132 1518
242 2858
1862 1866
2103 3408
591 3415
1337 1277
743 1369
203 813
3667 958
2463 2940
2912 1759
320 380
1053 1984
1083 1289
859 3463
3330 2678
3172 385
3772 897
516 3488
1717 977
1449 240
1501 3392
3723 1377
3623 483
511 487
1016 1686
542 3261
3666 2732
2877 1729
2029 1180
3969 296
3937 904
24 1258
2713 1847
1551 3664
2663 1578
2812 2066
1097 3076
191 2621
2597 2442
2578 938
399 1010
1465 889
3747 975
3552 1948
3392 2522
2921 1128
1148 2421
518 622
446 1978
144 1873
2900 4024
2357 4095
713 3725
3992 3394
802 2575
2576 1593
614 3076
4054 2575
136 1929
4004 669
2474 1255
391 3139
2672 4058
2897 745
3606 2372
1030 3796
1350 367
2808 1501
1338 3775
2041 579
2322 3725
2196 1088
3603 2984
2201 1385
213 3677
987 3263
750 3080
1248 1915
3456 1811
1916 1919
964 507
4082 3535
3138 697
2646 47
1038 3414
748 3705
41 2100
4125 3729
4186 2460
3669 3293
24 3699
1544 3585
1431 463
430 2105
2179 3613
4139 4046
961 3154
2205 2867
2221 3603
2390 211
3518 2140
4042 4138
3470 370
4178 3004
4078 1366
1622 2317
2758 2238
1202 3029
1177 3497
3743 2887
2775 2414
1106 4168
2404 105
3626 1239
501 3244
1435 757
99 2023
143 1105
425 2779
3340 1968
3592 1744
1993 496
2881 2833
2506 4112
1338 2681
3499 3382
4146 1900
464 2260
2342 668
3035 3911
2150 231
1263 1302
986 89
1594 4164
2093 163
671 697
2668 1080
3321 419
3616 2864
1035 2893
2070 3515
3572 1961
2648 3019
1665 407
3621 310
635 3122
987 2303
3495 3067
3957 1760
996 3701
4191 519
3527 1948
1374 986
1098 4098
2317 4071
1387 3992
2722 2124
2824 3053
110 3903
3177 1430
1524 1236
686 3818
2377 1370
2367 3841
65 1032
1810 2648
283 4105
551 2604
1058 2680
904 2089
2804 2906
1796 933
1416 3583
11 1149
2944 2476
3 676
4030 2129
2928 4060
91 1354
1707 2402
922 1052
2897 3907
956 3869
3388 956
2292 2768
2400 2955
3178 4093
3507 3720
1141 2185
1543 3503
1161 982
412 2660
361 3785
86 1859
1318 2484
2486 2308
2349 2544
1133 2744
2478 3569
2762 3522
3761 678
1972 2044
75 3571
3388 469
3486 3941
1650 3444
1390 3993
1112 60
744 545
3955 2852
2437 2876
1173 4130
1932 1033
3744 371
3678 32
2589 3953
1227 2837
211 3666
914 586
3803 3433
205 2167
4095 611
1083 2633
1539 560
366 2404
3979 3827
3445 22
2212 2808
1341 306
2752 4146
880 3206
3977 3942
47 2081
1550 471
2643 2620
2627 2966
7 2156
3698 734
2570 2497
3160 1898
2137 1383
3715 3836
3825 3638
1951 3314
1098 3544
3136 1191
3855 2182
329 2659
2377 1735
4139 304
3220 1135
1617 2602
761 4040
2112 250
634 2823
2516 624
2796 1717
1470 658
1094 1576
394 2261
1569 4070
3612 4198
3536 686
4146 2534
3454 3874
2877 3136
398 3333
33 3608
2213 869
3940 602
149 3005
683 996
2227 58
1080 3345
3480 3384
1656 1787
2340 880
3929 2996
2286 2280
656 2826
2832 2271
1936 2276
2631 3139
2599 349
2849 3457
1826 2523
3047 1728
81 1444
3330 555
3381 2727
2818 3969
3990 1538
2977 1195
4122 3357
3877 217
2351 3786
2149 3161
1929 1128
1251 1357
3038 2739
2744 1088
2239 3073
1069 3085
2002 2171
1677 1579
3898 2638
2304 441
4168 821
2170 218
1347 2253
3299 2829
1410 1909
1039 1845
1026 1543
2053 2383
3772 2303
965 3957
598 2240
371 694
2529 3373
1792 2999
1082 2907
3095 634
2482 40
2461 602
2320 1319
545 3208
3127 868
124 3269
1682 54
4018 1757
1507 2214
70 2764
2027 2347
1068 496
1779 47
1759 3178
177 2433
1115 3650
2655 1079
2948 4190
1470 960
1646 318
768 3604
2150 1736
530 4089
269 2219
3696 3347
2493 82
1586 3326
3796 3103
28 1003
1806 3737
4172 3693
871 467
3060 1207
2229 1282
3272 3260
4132 3107
33 2842
3675 1479
512 3203
35 1341
3766 3466
984 1058
2184 111
1248 2999
1224 103
1121 4038
830 2915
3871 4186
2109 266
3931 475
74 2382
239 2691
3760 3600
517 3952
2615 2569
352 1726
1827 359
1194 1208
1008 176
1380 803
922 2557
3580 2528
723 3774
2544 3747
3806 110
1066 1420
313 1035
1444 946
1567 3700
826 1199
3491 3263
134 3380
305 3078
3343 289
3046 3397
2907 3809
1512 1715
2027 2400
2319 147
526 3058
499 3350
965 1314
983 3374
4030 1419
2844 3793
2613 1847
2096 3264
2340 105
1053 1115
154 3761
2486 2332
2842 3604
1268 1236
3698 3580
2591 1190
380 4059
3359 1702
3466 3288
3115 3204
4114 500
440 1955
2089 2204
3347 2961
516 2907
3227 1579
1521 1482
4173 687
3244 767
2026 1173
2606 3416
2974 90
1343 1418
1671 2178
3060 3562
2990 3489
724 3903
1538 2103
2996 1843
3407 2150
1834 220
3358 17
663 1843
1526 722
3358 2183
1368 496
3473 2943
1592 1676
2114 1875
1623 326
3735 3877
3550 849
4143 4066
3829 2951
1401 807
1393 1810
547 2665
2323 3537
1344 3581
2461 715
2011 2241
2048 1787
760 869
2930 999
2810 3633
2579 1543
1447 37
2638 1823
719 1663
3076 3721
2715 3964
1291 666
3995 2262
1262 3919
1376 1134
2647 3260
2840 103
2384 2968
15 1711
2534 3793
2650 3322
446 4039
1832 4132
2338 3664
3833 3283
1876 2528
1768 1415
763 266
3285 279
3755 831
2667 3730
4199 769
192 1510
3514 1797
2443 1968
859 276
1735 160
1022 3316
3086 1792
2006 2695
521 1962
3865 2208
2851 51
925 917
1454 1224
3390 3981
2117 2451
3081 3400
4104 1594
1090 3101
2214 2140
3818 556
2941 1129
2725 2297
2397 3005
2439 3265
2610 3992
910 701
2824 221
4019 760
1273 2789
594 1374
2666 3007
3409 3723
4139 2439
694 3436
3789 2536
1721 3022
3295 2799
2184 4074
3793 4046
128 34
633 1433
3913 1651
683 1904
2947 3222
3699 786
3493 2916
2726 3818
4020 2822
3070 3897
2056 319
2677 1728
1386 3326
2545 2015
1442 4107
1334 1255
3518 3397
2073 3041
1580 3814
3600 1737
2048 2869
3951 3730
3241 1653
13 2191
1717 2990
13 2395
1173 1880
2816 1078
844 272
4040 2045
3505 2833
880 3021
2643 816
2703 2315
2164 547
3915 2931
2262 1638
57 2707
1042 1124
1427 3794
3304 3959
307 3267
1489 4125
236 2696
3064 1575
2304 925
1191 286
1499 4043
765 172
3998 1501
2989 741
3456 3714
106 1376
1679 2647
1430 2533
2228 3152
2530 1253
3796 1443
2792 1481
1139 1042
1036 3336
3828 1115
1993 728
2851 2453
2487 3376
1899 4113
2402 2135
1963 1315
3431 2829
2459 947
2623 3261
2852 3229
2790 1403
1957 49
2837 3848
2067 1559
323 1246
3608 2075
2506 834
2708 488
3334 4198
1561 2613
4161 2696
1432 1401
193 2578
4057 3764
723 3118
3879 1651
1368 3678
2274 1287
4165 3030
286 4019
1641 3543
649 3472
3520 32
1914 1360
2285 1082
2269 707
508 3897
3963 3528
3260 4010
334 780
3763 3598
842 4064
900 3514
2662 1898
1596 3919
2962 931
195 1644
2355 624
1157 2622
762 455
792 2786
3314 1216
552 3231
1696 3733
2213 755
2349 848
1902 2080
2927 4120
3375 2722
2454 1087
1398 2687
2642 2378
1180 2252
2241 4078
1510 3969
2166 3963
3299 1872
4141 2184
2184 3823
427 340
2959 2462
2603 4188
3887 215
2035 2557
3692 1595
2053 1784
2599 331
3929 53
1376 2521
1592 1853
647 1891
4067 1376
3331 3216
442 3927
4186 19
2624 2120
1279 1458
1460 1220
2177 242
1522 414
2279 1984
3176 1834
1570 2758
3237 631
3523 2592
2883 1794
3812 2082
3013 3401
1851 2840
1268 1777
4144 2833
476 45
815 1185
19 1451
425 3690
2145 364
2661 2230
1506 792
2948 348
1097 988
1442 3196
3143 3338
2328 1608
3585 610
3887 3666
2103 4098
3143 4012
1929 1559
1789 2960
2580 799
2747 2044
394 821
3521 417
24 3584
1233 1441
4072 257
2320 4186
3087 2463
2209 3147
289 3200
2507 2154
1048 3766
467 2968
3124 2147
3116 3482
804 419
1898 2757
2834 1637
735 980
1509 2341
773 1745
4176 377
1849 1566
3136 1022
3889 3103
2643 3494
1684 998
1915 1856
823 3017
1305 2805
721 2604
1703 218
1100 2743
1974 2559
2891 4173
3182 1114
219 640
932 2585
2738 2059
869 1771
1164 4062
4049 3585
1309 720
1635 3150
4097 3092
1237 1968
350 1954
4184 970
3355 528
1552 2975
170 701
3390 4165
4136 2891
944 3900
2414 1487
3395 2209
192 3333
1993 684
4026 4012
3021 1298
3603 764
3938 2392
2025 4047
435 1461
2188 147
446 986
1583 3827
4042 2928
1912 3340
3320 142
3561 1403
710 1518
3815 1617
3117 267
2840 3176
1700 1914
930 692
885 1345
1910 3897
2102 960
1963 1932
2794 3259
1654 2361
158 3257
3679 1297
2136 3556
1335 3974
1992 3013
1078 3005
2099 2819
2866 1565
3700 1904
2529 514
1571 3240
695 4025
4194 647
3555 2952
1354 1526
2860 700
685 3586
1537 1829
1964 2409
2269 1098
2312 2305
3233 877
3749 2023
484 2626
1507 1433
846 3425
3982 329
466 3630
3014 2414
433 945
313 2320
1379 3135
3107 2328
841 548
496 1306
862 3859
3680 2120
3580 869
1385 1844
1018 241
211 249
2203 1357
1092 2407
1682 4114
3939 1793
4185 3445
2930 3629
1129 4119
597 2391
3092 1963
120 2106
1102 399
2124 3316
1698 977
3353 1773
665 311
3048 1164
2709 1835
3215 2902
3892 2009
3888 4092
3943 1767
3947 1599
3978 3248
2031 2923
2278 1868
2752 1277
2978 2952
354 1115
361 149
579 2702
2108 3200
3023 2102
3888 3781
3981 451
4098 1377
2991 419
3007 3419
319 1684
1032 2549
92 784
2027 205
1756 3456
1413 2498
131 895
2739 3366
1442 868
3879 1519
203 867
4175 3313
3256 1689
866 2084
1076 2249
1324 1077
3161 2496
3113 1739
1912 3345
3118 961
488 126
3699 1987
1253 29
2196 334
2194 2418
2407 3521
3281 3910
4032 1714
3358 828
1647 1358
2644 92
3219 2897
2831 78
2449 4086
4145 2812
300 1820
2272 2308
3656 77
1692 793
2418 1939
2158 853
2959 425
1292 3629
3077 1212
1410 617
422 1989
4178 1694
3664 2227
1956 2690
946 1889
896 3868
1602 74
2440 2573
1681 1052
323 1271
1631 816
2404 2936
3011 2725
3329 563
3995 2299
1367 2323
3210 195
1459 3205
2263 72
3156 89
3106 4161
2844 3804
4169 2887
1564 2574
4073 638
3471 3827
504 457
167 679
1583 1342
2756 1611
702 267
3659 1495
519 1972
851 1163
2172 2931
2170 382
92 1098
1462 322
552 3151
2400 1034
1052 1357
1619 3120
1801 1859
987 3759
3096 1147
1384 3714
3593 817
1249 1408
449 4133
1557 3093
2034 712
3972 2846
2260 1615
3693 1752
1585 3063
177 1965
3855 1789
3996 3196
3398 3640
2948 1388
1817 318
1249 845
3497 184
1893 242
4077 714
1941 2047
3350 275
277 884
671 3749
2226 219
3346 2378
2337 1884
4180 4051
1597 1969
1411 2166
182 776
2918 436
1380 566
554 2603
3586 2522
3510 279
3568 789
1364 520
4097 2116
336 1872
1348 2463
2300 787
3829 1722
394 99
499 1869
3299 3128
1117 3001
844 3416
333 450
376 1288
3054 3004
1568 3127
1962 3859
1336 1283
1956 3923
2539 1459
581 2144
270 3048
66 3219
490 3649
3610 746
867 2178
156 219
4053 3743
3535 813
3191 1122
1620 4138
3920 2271
470 1661
621 3265
1770 2188
1828 1283
2481 3874
2347 2349
2450 2164
1426 2760
68 2277
79 2040
994 3777
1376 3797
2343 2962
1898 398
3672 3251
3072 651
1169 1774
152 1316
2407 1972
3752 2604
4077 2881
606 2492
3650 2632
452 37
2248 1339
4194 3054
2848 1463
1670 3294
360 855
318 662
1462 2968
1294 622
1158 3356
3365 2818
3215 3678
3762 4137
4052 3528
1908 426
679 3700
711 60
8 3022
1770 160
2547 3626
1221 4061
2615 1175
2007 1632
2714 3511
2198 2381
2146 314
976 246
4166 2382
742 3663
1339 3237
1409 4028
3507 763
2628 3720
1720 1379
3849 1251
439 717
335 1070
1599 117
1913 2302
4032 67
3266 1411
40 2443
2917 1604
224 2737
1377 473
2150 2659
1529 3837
1420 1146
897 3478
1317 3493
100 282
1784 3500
1363 3415
669 2295
1376 3558
3644 3657
3616 1533
3261 3532
3255 1081
1482 2570
2990 2909
3168 245
4023 593
1916 3644
3233 4145
1883 498
391 3984
978 3540
3322 2642
1164 87
1863 3467
3498 1804
2379 1047
1660 3946
1587 719
222 190
2561 669
3726 4032
2864 236
2425 2765
2120 126
4165 2909
2981 1651
1521 921
506 3084
2969 3147
2419 649
1118 2409
2552 2053
682 263
53 2172
2649 3432
3478 829
2083 1705
4184 2986
3158 914
3947 1833
776 2545
35 1119
3297 3013
1342 3928
655 2605
1232 1469
940 4187
2178 994
2754 456
1129 2355
3983 1516
2906 4074
419 1378
2107 1704
1622 3910
261 22
2055 2148
1694 702
1311 3647
826 3
827 2962
2922 1881
1896 1190
1589 1099
2697 1921
4050 359
829 367
1448 1992
1604 624
2460 3272
2895 2358
1074 2680
2887 3352
4151 1765
1037 2528
2163 4153
721 1278
1644 3147
2470 3463
3277 1843
3043 1438
3293 239
3973 3300
4020 1875
3623 1199
1921 2016
2420 445
3894 1708
3275 1371
861 3169
2320 2790
188 1861
1332 2821
3971 918
2819 2665
3991 3831
2467 3594
3855 756
444 1856
1019 3190
859 1771
2436 2891
3192 1191
2254 1101
4112 4135
282 2749
341 28
1585 3980
1888 451
379 4174
257 1129
2837 2931
1117 331
1241 731
3287 3758
1504 6
2921 559
3634 1549
1913 2697
1093 496
825 2633
2116 4141
686 687
1135 2306
1642 1691
616 3247
1901 762
1886 923
2614 1812
3834 2769
2472 3362
2671 734
1904 2001
1110 1394
3770 3614
2063 2961
3443 3781
173 2973
1921 3634
1872 250
2270 91
3526 1477
3284 1792
403 1386
714 2808
1236 800
2620 1649
292 2883
3026 4196
1598 1391
1807 1266
2993 3715
1305 3167
337 1409
2480 1402
2514 321
2983 662
2264 429
2928 4088
3506 460
3548 1052
196 254
3584 935
4196 2569
3691 331
2468 2782
996 1275
598 2003
2400 3531
1710 2062
2912 4058
2953 2786
3554 4031
3499 1169
1894 3709
798 1103
2721 1317
2686 1038
3374 1830
1858 1947
64 1068
3365 1357
2508 2754
4066 1469
2467 2333
1694 4142
582 2030
1303 955
3154 3955
2019 1111
3675 3084
51 2949
1436 2253
3246 364
4036 580
3546 1647
2676 681
3813 359
461 2509
3041 2645
2703 40
2526 255
3821 1139
2634 2702
4188 1887
276 338
3073 1624
1294 883
3370 4113
4000 2309
2060 1245
4168 4174
212 1239
1816 176
1770 727
2176 374
1424 2066
3218 1908
560 2060
3357 775
2715 477
4065 3406
1278 1701
2745 1668
3142 3429
3647 3931
100 1052
1017 2967
2356 3090
1441 2196
1503 1565
3234 284
3377 3621
2526 473
101 3150
3373 3035
3956 2818
2879 1959
1972 3280
1035 3725
2725 1269
200 2740
2127 2101
1624 580
1871 3710
1861 943
2800 1450
1811 1941
366 3559
1213 3522
1238 1660
4100 4166
922 3218
810 3218
3329 1492
981 1818
690 2013
2303 4091
1584 1989
2418 3665
497 575
2312 3709
1513 3770
3008 2867
3580 4050
2101 2140
1569 602
1760 892
3418 2521
1446 1665
255 3638
669 446
1002 3793
423 1996
3389 3935
2137 620
279 473
2846 1675
438 2658
1772 3674
1215 3187
1648 3745
3185 2317
1421 2256
1775 3914
1959 810
3068 3113
2158 198
2864 2004
134 1227
25 1175
2579 3391
1461 3168
2650 1756
1963 2197
1187 4024
2314 1726
2331 2015
929 1024
725 3335
3326 2971
1536 968
2962 609
860 294
2081 1100
198 2604
3127 762
3739 3663
54 1271
1921 2180
1093 160
2281 143
3258 3207
3953 3913
463 3896
966 3956
778 2183
2022 2151
1663 1323
2291 1113
497 2475
244 1091
2685 2820
3454 871
2839 3956
2583 1583
1806 3334
3291 115
2210 3202
687 2947
2542 3544
891 165
3288 3385
3821 4115
926 547
3792 1188
2843 2463
3460 3685
902 672
295 564
1131 2825
3336 3145
835 347
940 2746
3415 59
1330 4153
946 301
1969 2795
3724 759
2225 3248
1618 2331
2526 2395
2403 2850
3769 3957
3534 2074
2786 3698
1519 2988
128 2943
1624 780
264 581
1156 3814
3700 2879
2775 841
4058 2685
1505 2387
917 1139
2649 3801
3146 1665
1014 4113
721 1319
3713 1198
3531 2068
4134 1767
3322 1187
3465 821
3716 659
2414 3142
2025 1786
1585 2963
3772 3437
3179 442
3535 3590
3078 2769
2430 3227
3640 584
3966 1319
1859 1393
1750 4031
1189 3943
1035 1427
3 3704
1506 470
880 2793
879 3284
2108 3356
2874 2648
2151 1704
1401 2375
3165 1950
2992 3940
76 1611
3549 2497
1096 2391
1320 1351
2391 248
1711 1954
480 2763
1129 187
2727 249
4120 475
1555 578
3025 153
3529 1225
3688 2033
3121 2244
3772 3090
3406 4070
1641 3625
2964 34
3901 1759
2377 4118
770 2748
3749 2002
1322 1518
3734 3476
1169 1138
1052 1569
1252 1661
1556 3545
1575 648
528 2112
332 2982
4187 1917
1872 2804
915 857
3039 3012
1775 1941
3304 3349
1415 3208
1659 818
4018 4052
1422 3197
3050 3916
4087 3848
3349 2212
308 1976
973 2357
1942 1959
191 139
2212 1692
673 2333
2764 425
3884 2009
3532 1201
3400 3929
3230 3988
3063 3078
2994 3424
3081 479
2166 3142
1199 1830
497 3462
1244 3311
1021 2495
2869 2294
3618 2055
2770 3420
631 2468
892 1622
1955 3477
1990 3074
2954 3759
760 870
1027 72
4198 4135
1294 2314
3327 4163
3499 84
3641 3227
3565 1579
1594 2897
2510 776
3546 34
3476 1311
444 2679
2089 3579
3211 1398
432 3785
1305 2536
2083 895
1827 559
3834 2504
2608 246
3470 2808
3752 573
1987 2119
945 2703
2107 2203
325 3321
776 1838
3304 1850
617 2721
3269 2858
3918 2468
1647 584
2143 3651
2181 2211
2742 2182
2199 1789
4133 1917
493 2375
3634 2238
1439 541
2767 2853
903 792
1205 1686
2835 2017
3145 2842
2734 3272
2903 2324
2238 2810
3835 2343
2680 1416
3350 3998
2143 242
957 3935
2164 2687
2822 1589
256 727
2316 3848
780 3960
3346 2715
1593 682
1955 322
2036 3959
3447 3006
145 2521
2282 1279
632 538
3375 3653
2157 1682
1826 1290
2817 3529
3251 2807
2790 3882
591 2114
1320 1967
3104 3825
2711 3927
188 1069
193 2537
1835 1958
1365 891
1426 2743
3465 963
36 3454
364 865
2896 1227
1936 2208
1830 1953
976 3648
1827 262
584 3177
4037 3107
497 2917
3960 1888
3427 34
3982 560
2437 1498
3797 1107
472 3722
1146 1222
905 2332
755 2436
1734 1032
2338 1855
1320 3886
1534 1623
3630 2465
1116 2526
3898 1616
1186 3357
2229 2878
3900 2927
1669 2588
3104 3240
1567 2960
1403 1057
3344 1685
3774 4003
4021 3030
2644 373
3554 1135
1346 332
383 3803
1905 749
1111 2836
3488 2778
1034 1194
1977 3399
1123 3331
4046 2673
2139 3659
277 2282
492 1320
2799 2971
770 3125
254 654
2707 1705
1244 1646
2136 1403
640 3301
2339 405
2212 1738
2848 4074
2218 14
2136 3604
2213 3073
577 2806
3171 118
2497 1395
1832 1215
313 2210
2190 2702
3047 3759
1856 1266
1147 3831
1222 1418
3795 3527
1507 865
2914 296
3282 1134
1115 2707
975 2142
43 2110
2546 777
2788 1321
1029 942
846 3432
2975 1507
2585 2612
2290 917
1941 2520
1878 1824
1362 2893
1304 803
796 4147
1445 1916
3229 452
3713 892
1854 2710
2861 3822
1233 1518
2260 2633
1494 1523
1646 263
45 3398
1117 2545
899 2444
981 1562
645 3045
105 2973
2057 3212
3520 4059
2509 3859
3687 2565
1727 3395
3376 1874
1203 173
1935 1125
2491 4104
3493 3407
1608 3703
462 2548
3943 4118
965 693
1719 2689
80 3497
2287 1233
3670 1920
389 156
732 238
632 2456
487 1721
2407 2036
3123 751
2482 1106
18 3558
1726 4125
2193 2865
3119 643
3092 948
3733 367
1210 3717
985 3382
955 1959
1785 1675
3005 1996
543 3049
3342 2606
584 1397
2244 3586
1736 2694
2369 3969
3434 298
1010 188
2581 3606
3686 1804
4115 1761
3763 1724
443 2454
1771 3163
3982 532
1863 1506
2910 1195
2522 854
595 2309
2438 3258
3111 2295
1676 2564
4153 1291
3876 3362
2751 3211
3493 3513
3204 1772
3278 3130
1985 2725
1755 2497
3576 1138
723 1419
435 2937
1486 3804
1947 3496
148 1251
4157 3473
1049 3810
3998 2724
4165 1229
3655 2559
4191 3990
2668 2932
1473 1355
2447 2719
1246 1317
3722 3131
2280 3998
2249 40
1727 878
365 2146
3220 3025
1108 2681
2307 2320
310 4145
3143 1771
3323 30
4039 4032
1128 3925
1886 1707
4177 209
2864 746
1184 2961
3033 2692
1347 1139
104 2565
1972 655
3672 3304
1458 3074
7 2226
1588 3046
2062 503
3406 3634
1041 2371
3924 1259
2186 4119
2267 319
2838 29
1351 1785
2777 1490
3559 3534
877 2496
1837 3035
1437 485
489 1737
2975 3899
2717 3734
48 445
2179 137
1922 3258
2883 2130
2441 3377
2745 2492
51 642
179 1064
1061 1805
680 990
1026 121
2339 2402
3318 4139
623 3041
777 1432
2789 3671
384 521
2448 3167
3637 2659
2738 1406
734 2431
3479 1244
2587 140
3231 72
2201 1687
2497 470
2411 1077
4027 3144
873 509
22 391
2152 2973
2750 44
3609 1471
3536 1495
1246 3951
3388 938
550 460
2209 2212
2506 3000
3432 2766
3064 390
2664 835
781 376
2056 840
1304 401
2828 2638
217 4117
3471 2296
2352 1835
3983 93
3290 2293
2061 4044
3949 500
3811 2223
893 2842
753 1998
8 1101
1176 3024
707 1157
223 3072
1672 1051
3492 578
1695 3149
1522 984
3872 2866
2480 3270
571 2047
3091 1726
1263 4163
3834 1097
1863 1181
1887 2299
3139 3960
3157 98
1618 2393
2276 2594
1140 2541
225 31
622 1657
2179 2297
199 3055
657 1741
335 2417
3303 4102
3192 254
1304 847
3980 1222
2597 571
3630 1724
1115 1411
2084 423
2466 2084
4018 2756
1633 4043
562 524
1383 3653
1127 2230
1453 1303
1706 1361
96 3030
1307 3567
3330 2548
625 193
1736 2873
948 1043
3534 858
3423 164
37 3848
2036 3781
4023 2223
2112 2755
3082 3105
2397 1931
2496 567
1822 385
1688 1587
813 3500
2364 2389
1688 2737
219 3776
1307 3299
2745 1792
1511 2348
2547 435
2295 2131
3079 2257
659 4186
423 3137
845 2754
1870 345
1585 1333
2723 401
706 2648
1595 3013
4056 531
2451 4014
157 1095
1098 1003
1374 2626
2717 2977
2311 1026
2693 1804
927 2716
1187 2705
3987 3455
1987 170
550 3418
3686 2620
2910 183
2865 209
3770 803
3347 1365
3375 1506
2884 3799
3386 1404
3201 1222
1960 2566
1365 2109
233 1638
2001 661
1666 3503
1931 989
930 3468
1596 760
2596 1493
3827 1236
84 348
3736 1402
3277 2907
923 2975
1638 1243
2643 2662
2517 3323
778 1815
1123 2267
2869 1200
3536 1364
138 2759
1839 439
1514 2273
3466 1174
3366 3890
2296 1331
2230 3297
3275 915
3411 2327
3862 2862
702 3989
2971 1245
2906 3087
2683 1993
1621 1664
1711 2452
524 1819
459 3782
692 2483
3706 2879
92 1272
3917 1979
1135 1286
4028 1247
369 3036
991 111
263 742
774 1137
1528 1224
1957 617
1914 3631
4099 3810
3749 2341
1338 790
1477 1625
4177 3203
3131 977
2980 2586
802 277
2813 2436
1759 3369
1812 3035
3769 3151
2378 1138
720 1646
1699 162
2083 163
2402 3890
3297 2634
1014 931
153 3225
3618 285
2373 3705
3571 4025
2617 546
3962 2245
2794 3258
3753 1301
2545 1506
2874 3436
2286 1566
3051 630
3466 670
3750 1945
3124 3461
3069 4008
3893 237
1563 2515
2248 2229
1413 2407
3177 1601
1799 253
3926 1196
1371 1906
1874 1829
2628 2875
982 3227
1432 466
491 613
2044 1233
2139 3819
4106 2034
453 2883
1510 3784
2446 2137
2614 3814
397 1886
303 946
1119 2211
1724 2598
2273 2666
1594 3995
1732 3337
503 2930
3491 3805
2608 3216
3080 4119
666 612
1268 4029
3184 4137
2997 1487
4115 2947
929 3772
1528 4112
3145 265
2683 1588
3098 1094
593 2728
1725 1925
859 865
3269 1496
422 448
1288 3037
2407 1724
591 1144
437 984
3776 2382
1167 3953
1995 1521
884 3689
441 3517
4041 873
3703 4133
3916 3559
2259 2819
584 1443
3558 515
810 1823
335 3778
1031 2091
2089 3920
3112 59
3250 703
438 3606
3004 183
2040 954
3809 2216
1659 737
2751 3531
3689 2706
2915 405
2586 86
706 3801
2647 1000
1978 2681
1622 2896
3030 2777
463 3140
2897 2024
68 963
2650 36
1071 1320
3734 16
1998 3383
900 1708
714 3215
89 2938
2654 1020
2580 2832
746 1744
2883 2311
3518 3845
3476 3295
3580 3561
1080 2628
2742 791
3689 4194
2639 3646
2917 1616
1406 176
2746 1708
1324 4009
1633 2491
2831 2722
3288 691
247 1697
2567 2687
3165 279
717 3358
1260 2677
2186 4000
1007 1460
540 158
3226 1200
1192 357
2973 1880
422 831
1411 3228
120 2470
2409 4067
3963 2837
513 1657
2219 2390
1998 2617
53 2257
3370 2341
2813 375
3827 895
2432 1244
1021 3890
1084 3322
609 3842
2908 3056
2610 3749
2016 1991
1456 1748
3969 4012
78 4050
3225 3462
246 1320
1593 2822
2860 3275
3340 2222
1511 3163
3113 1592
796 3848
894 2428
3325 1483
167 1549
2431 2302
422 832
4057 2833
373 4098
3136 1946
1431 2542
1519 2672
3572 3775
3444 1548
2579 2472
1086 1565
2450 2110
3610 2919
3760 1558
1085 4183
1668 2320
372 1781
4175 2632
2223 1838
483 1773
436 3468
2367 575
3775 1221
2243 2378
2183 1357
1198 3882
2700 1905
1351 1305
1013 569
1024 364
3190 3513
1142 3551
2734 2028
2109 2848
1334 1062
9 1591
4125 356
2999 775
3257 2866
153 721
2769 1801
3281 2198
909 162
3925 3735
2271 2988
3152 243
691 1774
3586 1276
3880 3041
2501 1454
3699 2653
4136 3789
1753 3527
833 2610
1426 3044
131 2033
3421 4172
3200 1059
3502 805
1815 1099
3101 3923
1414 574
1160 2633
2787 2044
3992 3823
1004 2222
3329 17
455 2411
2394 863
1867 4115
493 2230
4101 870
3993 538
2671 2778
3810 3654
3122 3912
3770 2138
1677 1250
545 3000
1190 1131
352 2419
3212 1763
2292 1940
3639 1941
469 1730
2392 974
2214 189
3170 2028
2927 735
794 193
3885 616
3234 2915
3852 4125
1096 3410
3459 2965
3110 869
2797 2007
1387 777
296 2106
1311 3823
2470 155
1867 40
585 421
1950 4127
1468 1304
4053 3380
1204 1144
4074 2697
2157 2625
869 762
1369 1732
712 286
147 2657
691 3500
1378 137
3889 1532
321 3278
1434 1132
2083 1665
2287 3787
2835 3240
260 1774
946 1914
2383 2580
3362 2304
855 1615
2327 3402
2543 2762
926 3155
1594 1561
1125 971
1185 594
1257 3031
2264 3047
727 334
1766 908
1850 2186
667 4083
1115 1753
2124 609
1511 248
1689 2596
434 1251
48 1204
2145 643
1291 1732
1413 3604
260 2228
3883 2034
416 947
4065 2736
3409 3086
3123 236
3750 2279
3507 1970
2133 492
3623 2556
2465 3678
1493 3459
655 2426
1153 1420
3881 2752
2574 3594
2245 69
3811 3907
1896 3671
2749 930
972 3372
3587 2129
3785 2608
79 161
2328 1465
3432 1048
418 544
3468 445
478 2743
4114 3258
2914 3633
981 3903
1817 1242
2269 3471
3627 1877
2080 1929
1722 3468
302 2110
1080 2495
1594 2377
1766 1436
1796 1784
520 1007
171 3694
2972 2134
1496 1946
3449 3036
1405 1263
1324 2432
4029 1441
2661 121
2437 169
4104 1944
1952 1381
208 1154
3416 15
2222 2768
1624 3280
3887 3517
3391 1441
3299 3412
1822 2022
785 4100
3387 1696
4193 3545
2414 21
2898 687
2328 949
3561 1789
1708 2524
395 1828
3262 1127
497 395
168 2893
4082 2193
2515 1739
120 2470
2665 708
1088 4053
3105 3507
172 3954
2749 2903
2926 2220
726 1210
2738 423
2447 1093
4142 162
1470 2348
1958 2608
1111 3569
495 2508
939 600
2870 2614
1278 2319
4057 868
581 503
698 3271
3398 91
1092 788
1474 1460
3454 2411
3517 1294
189 1647
1927 2379
2263 4138
1298 2938
3905 2972
3483 812
4177 1449
622 1218
3576 3685
739 4078
1911 2324
4013 1141
1330 1273
184 422
3058 1315
1874 1442
3973 3919
1250 816
1544 1870
541 19
1876 69
520 2218
1462 1387
3552 3476
809 1850
2813 2437
902 4013
2141 2186
2611 66
1692 3581
1042 867
3161 1493
3496 2383
733 3110
2766 1921
220 1344
3444 2274
3269 4046
2481 2199
2110 3086
4136 2825
3897 4160
3524 29
2803 4020
3579 624
1923 3213
4097 2177
2056 3100
1404 947
794 4034
1348 2421
2227 2885
1173 143
2671 4086
3541 1315
814 461
2369 1222
3698 2274
1612 554
3915 1505
39 2537
3144 2993
3179 1944
217 1049
2187 981
104 1191
2343 1727
1085 335
2555 529
152 1052
3615 3546
3834 2238
223 4108
3076 2136
387 966
161 2204
721 3553
480 1310
53 2276
81 2386
2370 236
1688 3746
3219 3243
3623 2856
691 2715
686 925
1986 1855
1918 988
504 2327
692 1861
660 2127
513 2185
3222 1666
989 1895
2555 2752
3843 4138
2526 2929
2984 2535
3739 2205
1557 230
343 2618
588 4108
4131 3168
3016 162
1064 1740
3149 2967
3372 1727
2110 1837
3010 1515
1133 1514
1040 1897
1253 3653
354 3554
1459 3234
3363 2680
203 3772
1444 624
1703 118
541 15
1370 1230
561 2758
475 2319
2078 2323
2077 570
401 3837
1643 4056
1296 4092
1305 1783
753 3042
4077 2742
2737 2746
1381 2846
3918 2348
242 2991
3269 3114
1001 3356
3296 3554
3762 332
3519 1855
850 1230
1711 798
1411 3112
1480 3843
1708 3524
2305 1558
659 4152
3742 14
1998 3552
2185 191
1097 1818
175 1699
2129 2614
3713 3883
1303 2424
2354 3584
3449 235
665 1402
1762 1988
2324 2707
882 0
556 3753
1344 4059
1960 3775
787 2910
1074 3616
3704 2860
2502 1775
3542 2841
1296 3269
901 936
1604 3399
1853 1583
1545 948
147 2849
535 1560
590 2504
3696 3480
3984 4124
427 3131
4104 757
779 2648
596 2217
1942 522
4155 3098
3353 3733
3825 3087
2777 2035
1523 3981
1148 3320
3722 162
1686 1414
1805 4007
2488 686
3271 2463
1642 3908
2352 0
1681 1277
96 3052
2676 632
1525 2884
4048 3774
749 1218
2988 3135
1631 3898
1159 1651
2948 3613
1316 401
700 585
615 4159
2746 1800
3258 2759
2449 2586
1945 2986
2904 1362
972 2533
2792 2139
3458 2468
3703 1405
25 343
173 232
412 584
1132 2323
3422 1037
4164 938
1211 1264
2252 1194
2238 3480
1325 225
3381 3724
1912 591
593 2756
528 187
3785 3404
3218 748
3309 1110
3009 1661
3800 1571
1078 91
951 598
3732 3878
2295 3004
1057 1425
2243 179
3969 2816
418 4030
3837 3006
511 3339
2377 3160
2690 1794
107 114
2580 3730
1174 3099
928 2745
3486 327
988 903
799 345
3727 3304
2078 2811
1268 2668
3505 644
1893 2573
3506 3356
2355 2621
3230 1239
937 2105
1156 891
3105 1133
2065 1088
2310 1629
1809 2572
2905 486
656 2008
1983 1655
2822 4074
134 2135
56 1623
520 1452
323 2653
481 365
3708 2034
2955 2341
155 3325
4193 460
3054 2855
3968 1196
1458 669
3489 869
2132 1077
914 1613
2685 2051
3373 2048
3748 1215
2857 31
4093 3420
1092 4184
1031 4023
2954 3731
4188 1090
2039 3292
1081 436
2072 3697
1869 183
784 3449
1783 262
3486 1807
255 1489
2340 202
2255 639
3834 3003
1211 326
2345 3899
1179 465
3772 3862
337 647
2624 3471
1654 1932
724 80
1367 3510
1075 1679
1452 502
1326 1144
3681 2305
2407 2587
3070 1946
3249 1003
3073 3590
3227 3080
3899 252
723 434
1992 1863
1239 1018
456 3073
3038 502
674 718
477 3385
2265 1961
3230 3013
3198 4151
2339 3638
3884 3462
153 3076
1347 4002
1543 180
4164 812
3661 740
1684 1039
3929 3137
1892 3969
1572 1807
1652 3226
3459 2012
2256 3068
3050 2273
914 214
36 2326
527 1023
253 3433
1262 3028
1864 1915
1811 2046
212 3591
3986 491
2049 680
3390 3959
1545 1213
2857 582
3185 1004
4086 1577
318 2832
106 2483
1773 1624
169 631
2131 1158
2661 1336
4187 3217
233 348
3878 1952
1004 2278
884 186
1849 4119
1856 23
2923 1352
4082 532
3566 2454
1982 3679
2921 3562
2754 1160
1143 3316
2854 680
276 2651
547 2089
3317 2484
125 2666
2464 1005
1197 1981
2555 3493
959 206
3056 1570
2035 482
1142 3942
823 890
3843 990
4121 3290
2773 304
1857 1459
1160 577
3013 2945
2513 1193
2631 3705
441 1668
3889 3619
14 1237
697 2152
3100 3712
4151 745
3040 2596
259 547
1972 940
2547 3778
2814 3401
1674 2497
796 1942
1117 3076
2418 2879
3502 2210
4 3798
4020 3266
615 2715
1034 320
1185 3224
587 2892
457 3079
4063 1168
3497 4160
3518 1828
1264 2322
3636 1640
2852 2429
1062 381
1076 2058
48 3784
580 2984
1360 1668
2234 3116
1333 4155
3125 996
3882 577
2965 1072
3615 2373
3901 325
342 2028
2821 2791
2163 1476
1628 3571
1036 306
2203 3230
168 3600
2141 230
2052 3695
2330 2043
3120 1212
3699 480
273 2258
1375 636
823 3789
2548 1160
3774 3142
522 453
2331 3176
1753 1475
92 3397
2227 2752
2210 1901
1923 571
2730 2037
3901 284
3958 1240
1607 2450
2571 3308
901 3592
3388 4092
3667 2621
1595 3829
939 574
1783 1192
942 2122
3482 3123
391 234
3849 3916
1995 2364
3831 1835
3533 987
299 834
3574 916
229 1036
3673 3662
1312 1415
1500 911
3945 3343
875 3880
765 400
3887 1276
297 2752
1204 4002
3699 3768
3432 1852
894 2725
3615 772
899 2934
1947 1530
3210 1084
3032 220
3136 9
710 2299
714 1710
791 1469
2792 1142
2953 3653
1293 2952
1606 4171
3539 3197
2670 4113
659 351
622 955
3914 3553
2258 3714
3407 2929
2958 1085
2744 3030
1490 3220
3333 464
35 3523
3452 499
1230 864
3643 3343
2616 1233
2549 1680
578 3349
1195 1452
4040 493
2460 3486
2639 2886
2015 311
606 3382
141 2995
494 1528
2620 3407
2235 1494
3901 3749
3133 2586
3087 425
3240 2721
109 356
2654 3532
2386 1170
3055 3556
237 1866
3479 2626
383 841
14 4081
1281 4100
2028 2129
1539 4136
307 1608
1167 279
2423 3310
2404 3658
952 1965
3471 4109
2096 267
4099 2412
4064 4174
1289 2552
3445 467
2491 3941
2600 2115
3490 2403
2331 2731
1551 2911
4126 4094
318 3182
1882 3601
1183 1718
3845 2091
2183 1848
3292 4094
3947 1453
3623 3582
3620 3188
2557 2877
1902 1238
1176 2329
1290 2078
92 2011
1132 784
705 853
791 725
1737 3455
3179 4152
3339 461
3537 4008
2524 1553
893 1907
159 1168
1642 3123
212 3740
1076 2311
2524 1502
191 1937
3253 2493
3589 799
2592 2391
2756 4185
2200 1499
1141 710
181 3297
3177 3570
2718 3063
2654 3688
2766 3521
1335 2392
1805 2803
3738 4198
2799 1598
2859 2503
145 3805
3630 968
2479 2314
2074 3812
3075 4098
2048 82
241 106
3675 2785
181 1541
689 3185
1870 859
2880 1400
2868 1775
3724 1485
3284 3989
604 1532
308 3246
2948 1255
970 929
629 3269
487 2312
4161 2849
585 2524
2507 4050
550 390
3131 474
2820 924
1111 2526
3901 212
1941 1161
2808 1775
972 1861
3595 1981
3643 2703
908 2657
2145 2182
2959 2496
1428 151
1777 1884
421 3032
3172 1535
2160 1759
1259 846
2297 4030
69 829
3282 3822
2198 105
1769 2861
961 1741
3270 30
2642 3348
1291 4123
239 3303
1604 2521
1335 3332
1941 815
2091 468
2875 644
3065 2143
578 725
223 4015
14 2416
2932 3637
4110 25
1242 1403
874 1782
456 711
4005 4120
3796 3585
333 1769
3262 1874
199 3420
391 2145
952 101
864 3226
1495 406
3167 1813
3694 851
2484 2241
3302 3492
3610 875
442 3884
3218 2407
2220 3322
977 1345
1900 3299
345 2729
3935 618
3709 345
3900 3134
3333 524
1802 398
2794 2012
4117 651
2499 1352
3247 2434
1766 3120
2795 517
3787 1735
2357 3013
2298 4148
1421 973
1933 3701
1898 606
168 4177
2651 1043
3364 2999
1400 2592
2139 2400
3912 356
1701 1262
3820 2256
1465 2224
3112 2523
488 939
1362 3867
572 3550
11 298
3062 3514
3922 875
2204 652
448 3519
1200 865
3142 3025
886 2885
2994 1682
3630 2807
3377 1257
1943 2548
1822 1395
4045 1279
1920 2458
1977 2618
1570 3166
3719 2012
4164 1701
3781 199
927 1152
2967 284
1198 1139
1471 14
2512 576
265 2799
2545 1034
2093 747
584 2961
3270 3743
404 1670
1479 3917
911 2476
3973 3776
3757 665
2416 350
4189 712
755 582
1958 1669
3699 1919
3941 924
3164 2163
1682 4006
662 3247
3507 1081
943 2184
3400 3938
330 819
158 2402
2309 4104
719 202
2880 316
4062 3900
601 3842
4080 680
2709 3566
734 816
3913 2534
3359 1857
662 3301
267 686
1507 604
1738 2514
1060 2687
2610 330
2144 2706
3687 1941
1073 1582
3309 2721
1069 1708
2498 35
385 1869
455 745
3924 43
4132 408
3969 360
2299 2102
1575 1417
2668 1755
1467 1486
2560 3761
3669 2217
1666 2293
3080 3048
631 1217
274 2521
1702 1535
483 65
4131 3628
4043 1624
837 3718
1364 2661
3375 2203
2367 1234
2108 2472
2786 4124
3427 2675
2943 2426
2310 16
85 1999
2529 4189
2963 3034
3466 3504
1549 2582
2963 1216
2705 1142
656 2250
1832 556
139 2775
2547 700
2430 518
196 896
4060 1057
3694 637
4189 3349
3986 2050
3133 1395
2696 160
1567 75
1182 725
3643 1961
3312 2515
2185 1199
1468 2070
712 3130
896 2306
3632 2225
1035 3226
1552 4040
2556 2493
2773 3875
2779 403
3624 189
3491 2518
1435 2521
2040 3340
1768 3535
3922 3480
3509 3256
1574 4080
3520 2197
1806 889
2066 2785
2652 3966
3491 4056
2048 3728
2419 2943
595 1735
2856 3850
952 3671
3769 3812
3790 782
3318 3233
2372 1369
497 400
2274 582
1437 3316
1975 1781
2593 3682
2732 1975
1841 3484
2709 16
4114 20
3247 3938
3504 1588
3651 638
4150 90
3733 2991
2656 3866
3017 3002
808 3211
1643 3461
1836 2267
2433 3865
2777 982
135 1514
1718 1762
3239 1163
1799 1654
3195 70
2995 2657
2392 3065
2549 918
1241 3597
1260 1165
1941 3239
1103 2053
854 3817
273 1086
3839 1619
2772 2755
425 3947
637 1908
3706 1444
2628 105
2298 2914
3175 1059
3779 3971
4178 1669
3173 2537
2621 527
572 2301
953 715
791 1525
3472 768
1517 1118
3608 3292
1077 693
980 2551
4178 1662
376 3778
2737 3696
2406 3310
1585 3160
2226 4178
2838 1793
534 3980
2650 1638
3379 3856
3785 3918
2589 2398
167 2582
569 3302
2160 1804
3949 782
1475 423
988 3356
380 532
4037 1144
3109 3532
2328 1537
2384 921
3004 2847
3539 47
1047 216
2169 111
795 2228
913 3550
3410 2155
4181 597
774 231
2074 1322
3294 1884
462 1947
2193 867
3475 67
2360 1662
2342 1028
2420 2270
4068 652
596 3992
1986 2789
2008 4038
3192 1100
2647 2321
2281 1940
2193 1204
3089 2139
730 2188
3212 585
1820 3876
399 2976
2095 4134
2925 799
424 3483
1376 417
3851 3498
3298 443
3350 887
614 2731
1572 643
2016 3212
179 3994
1558 861
3403 4106
1650 521
2827 4015
3277 2033
2417 4123
409 774
1341 3803
819 27
3803 3429
3867 1174
3731 1997
713 47
279 846
3454 2217
1360 2013
3660 2062
1565 2602
3019 616
2770 2376
3585 3321
3177 4196
749 2963
399 570
1777 3868
2845 1330
801 1282
1177 2538
36 3060
1673 2109
14 1961
1260 1785
