174 421
84 1200
283 254
1362 30
640 710
370 782
1044 63
83 273
33 968
25 1103
1396 153
943 160
1161 796
213 680
1036 926
518 1224
173 396
649 199
593 1315
1226 760
346 624
1029 1356
899 678
1222 1368
353 597
687 777
289 175
103 740
922 975
35 690
1391 1227
188 600
1004 24
1238 613
937 1316
896 1293
272 350
220 523
839 946
196 899
811 720
543 372
961 1084
199 445
474 185
808 1015
178 399
408 79
1221 395
717 1135
71 133
1327 1018
1198 861
1332 558
95 1279
521 191
697 334
1092 853
1337 396
411 1111
611 1382
112 129
571 126
756 1177
853 155
388 1048
967 524
845 291
296 1281
1072 257
45 26
1098 79
472 777
490 1087
725 698
799 152
1339 875
1006 558
1243 630
853 970
913 715
1311 172
628 682
1084 1260
851 631
716 809
829 462
185 905
1237 102
126 639
1313 1194
831 1082
1133 82
1190 793
705 144
63 421
1324 6
337 1399
883 910
1138 1257
81 465
925 809
1029 208
714 95
1195 1369
19 775
1312 865
727 890
6 672
1349 167
319 27
582 207
233 594
22 46
1183 1137
577 501
800 1092
1143 677
519 92
1099 1238
1150 430
590 1005
671 443
978 612
1360 402
1286 563
1018 640
198 516
447 538
1083 204
1333 1242
1302 518
443 1181
156 1393
7 397
311 50
906 26
978 524
929 603
822 659
513 146
1397 993
749 558
1034 1280
1199 962
603 622
73 434
677 702
1134 1382
1091 762
339 95
114 638
43 783
1115 305
1331 221
1213 93
371 1381
367 1277
557 391
1152 1086
38 910
363 918
1246 48
106 481
654 605
1061 67
972 112
687 416
38 786
958 478
1161 766
581 244
356 1008
55 964
806 591
850 875
105 473
830 338
425 166
913 1397
909 164
1272 464
89 681
1076 194
133 320
1006 673
1350 682
832 445
975 269
1282 1081
284 779
1174 563
1370 553
432 829
150 528
197 740
417 617
712 878
1172 1040
27 1129
982 603
256 942
927 900
811 756
480 1370
475 400
1154 1134
1110 754
1023 1089
126 772
904 427
932 363
1300 1022
335 424
706 1305
41 64
1396 368
127 343
648 433
42 1332
148 1234
223 1198
629 933
199 972
59 429
643 217
837 411
1369 230
636 201
772 786
1159 775
522 1309
219 124
407 354
892 660
969 1306
1061 960
601 181
144 732
1237 1092
1274 49
1108 1098
1070 1395
359 1321
516 604
896 64
1334 1199
802 970
15 57
1109 1362
960 946
484 666
1241 1378
237 299
160 446
36 879
561 1185
1108 1082
314 775
220 495
265 1093
1129 543
996 892
181 1116
661 181
1060 916
392 574
1375 128
1227 746
1160 684
961 439
328 681
402 1217
544 142
203 100
730 126
69 575
1211 1114
421 1123
719 55
1263 658
673 794
655 597
1134 112
390 686
645 202
1070 244
21 1142
179 685
434 1041
397 1342
694 1136
310 1141
840 181
980 1008
652 1118
843 1086
839 978
1186 802
533 965
1065 681
424 419
1332 1201
1167 545
1366 681
105 15
822 576
1316 705
310 429
247 661
1326 13
664 1247
372 596
858 1103
1245 2
239 557
597 807
246 859
1159 673
17 1096
441 281
774 1076
232 271
824 895
243 578
177 1325
478 633
934 756
590 959
1351 318
355 25
1074 25
1023 707
27 556
962 137
33 1173
543 882
263 573
495 662
1350 1116
936 240
116 1321
1017 158
332 850
877 1021
26 1034
481 546
64 936
460 523
1361 436
1346 340
1353 724
1229 1382
584 1005
808 969
634 430
745 1114
460 653
67 216
836 1285
293 337
613 335
1219 1217
1190 789
679 714
950 774
907 199
351 243
893 426
468 1000
791 1070
1160 454
739 182
84 446
624 1028
716 720
283 534
998 1169
1044 875
1384 51
635 1220
1094 278
288 237
1253 612
629 994
295 1307
608 223
219 427
280 87
520 935
1299 366
118 24
1297 1274
1393 149
313 1212
866 639
583 125
20 57
126 691
808 1349
543 747
54 33
1142 1064
1273 1392
134 953
717 124
353 273
983 993
325 744
345 886
214 711
1368 93
348 817
316 1258
961 748
1092 960
585 911
52 310
102 278
1124 192
15 1072
1206 762
421 258
107 319
1298 1196
906 1136
334 961
326 1153
287 636
515 1389
1356 93
589 1297
1318 435
413 206
1388 660
433 1368
1353 1088
1167 724
1356 924
630 1134
1052 666
553 488
430 1221
992 1294
1213 922
1004 470
1244 1098
1303 486
986 436
710 1302
819 1343
1181 892
1327 405
733 118
154 1195
332 1265
7 750
425 88
994 1015
802 497
24 863
884 1210
69 1358
1022 889
1354 940
963 425
8 522
474 135
886 835
355 804
1090 565
241 926
1120 444
1334 334
837 597
439 934
1086 631
142 356
642 237
150 87
1280 744
342 995
62 146
829 1175
1392 1374
454 83
745 1291
456 198
1081 895
69 886
932 912
45 145
906 918
534 184
920 1204
570 116
506 613
350 376
243 891
754 1038
1187 858
473 1238
795 868
247 1016
1352 1333
618 1106
1282 807
1358 1214
704 560
281 1363
986 967
424 812
787 581
60 397
857 616
1077 585
473 267
985 169
228 1049
488 639
1152 489
975 672
396 1027
872 1152
77 25
522 1040
1094 849
1122 706
135 574
838 117
852 702
1162 1284
608 38
1337 904
535 185
1033 518
1005 704
627 148
118 203
269 28
1259 69
174 307
877 1342
934 835
754 147
807 564
745 312
340 306
819 1037
653 16
584 70
388 610
627 84
711 448
492 241
1058 294
544 321
16 208
1166 1371
654 395
1040 1055
644 423
852 90
737 89
438 93
770 828
149 604
310 31
247 434
913 1210
681 137
603 1322
918 823
964 156
571 332
79 270
821 520
648 1345
352 329
179 51
998 874
195 944
688 760
1355 905
315 742
84 389
426 1064
500 971
139 556
71 138
577 916
933 448
766 128
952 46
59 137
232 1228
1085 905
1084 497
517 69
695 1267
909 1140
1045 677
826 505
193 887
514 132
581 950
1091 744
108 1108
270 717
431 1346
566 757
266 826
257 996
1338 666
746 1160
310 82
432 368
615 351
974 1233
438 1264
1000 404
448 309
719 787
776 703
1321 170
153 586
400 394
110 1112
853 1224
1233 1191
1241 669
220 1050
736 911
167 278
978 780
1318 442
47 894
1158 682
1190 898
877 813
403 1299
1211 225
1315 3
696 105
181 1394
163 1029
1158 39
205 711
953 1243
1376 1110
769 253
191 771
1037 200
875 521
391 624
54 1178
1200 667
512 932
876 13
1052 50
357 1316
319 1254
823 618
868 725
207 745
1374 1083
984 833
187 757
156 564
770 686
1284 642
529 516
496 589
709 1382
980 78
814 1393
1196 614
1192 742
628 1383
31 910
125 950
1106 83
923 1056
38 938
119 647
1390 2
771 240
1327 780
1261 1325
746 1198
130 906
755 1166
580 1118
655 1335
526 776
810 819
964 731
502 694
1343 1352
7 682
654 1351
636 244
344 321
1152 571
942 100
766 760
158 628
283 1366
250 387
549 559
302 709
682 801
768 530
195 388
955 1320
863 1376
91 701
804 599
877 942
872 1172
927 1247
342 935
1386 776
299 1191
1240 823
896 674
1264 136
899 876
87 182
446 689
440 964
121 569
652 1021
658 1207
685 292
323 917
972 929
1364 328
922 65
647 908
900 713
1379 1220
999 1110
288 464
595 1355
426 363
117 632
1360 679
964 396
339 1360
844 615
748 290
89 1087
438 215
1331 1349
619 161
1024 482
435 1136
1392 1171
686 601
450 446
1203 84
147 416
801 760
78 629
818 437
415 851
504 909
1034 236
55 143
601 254
731 706
90 176
586 635
1102 1379
9 1323
1038 947
461 736
689 936
936 759
720 213
756 1130
546 724
1147 115
731 1308
1260 1349
215 113
154 1083
1189 567
1270 1017
6 1274
1285 1203
1317 892
429 493
240 20
865 1015
485 1199
603 757
640 1230
209 193
1216 884
152 1293
698 666
1173 225
132 769
1195 493
700 588
654 1028
441 1151
1334 1221
471 1175
327 415
1384 408
1277 1200
910 229
445 258
125 304
271 362
1325 454
136 487
917 749
147 556
355 1092
639 657
128 1120
92 436
512 975
983 784
191 507
1069 95
1191 141
964 898
1278 1394
701 1249
1244 1287
1134 1081
827 1084
844 441
1095 168
45 176
668 618
244 864
1015 1350
1301 335
717 588
216 312
847 1129
562 701
879 8
143 438
293 145
141 1219
218 476
609 553
437 147
756 397
571 1001
640 395
1121 1074
989 49
350 832
721 245
1332 455
595 359
53 846
384 1308
913 1170
455 17
445 193
1263 528
280 552
624 82
1392 361
830 569
314 189
1074 921
229 242
780 218
975 1113
275 1156
1090 1207
1180 24
1007 1077
313 55
58 134
1080 202
1109 1004
5 1228
1367 392
930 144
373 1340
746 674
1368 983
469 717
15 988
1269 321
603 959
104 1166
88 758
270 849
740 471
2 1122
376 315
134 168
19 455
1358 330
254 587
279 115
1218 490
513 408
1318 940
1198 513
660 427
143 57
1155 712
1284 28
927 49
544 221
412 106
208 241
914 1348
352 571
986 166
1182 573
287 167
1386 639
1256 406
906 743
450 878
21 1230
506 265
1261 1371
303 1087
1023 222
134 563
791 1163
303 282
804 1304
1181 753
162 101
499 883
39 688
538 1004
1117 1009
23 660
1006 1089
209 1003
174 58
1096 1365
1250 1162
1233 963
478 890
398 1158
300 693
1162 120
185 328
1338 1081
153 237
1319 674
1211 1075
304 362
911 621
245 1219
387 317
838 320
1149 397
1297 37
1355 1114
899 1299
718 694
1270 575
285 768
912 837
1222 1194
1236 1238
1351 551
1146 787
563 87
1329 661
1392 600
461 683
220 626
780 1223
736 1000
354 1390
1013 702
868 57
163 939
889 708
217 244
13 395
1134 586
823 1252
878 714
354 1277
656 144
1297 267
1092 1087
483 316
1018 1366
399 610
1045 986
1329 1332
575 364
193 954
830 639
797 773
708 1065
669 528
900 787
188 799
48 263
526 1203
72 285
757 287
1309 554
1110 939
1019 397
984 210
1308 1271
332 850
834 423
304 1039
541 575
310 388
1386 966
314 887
996 1379
240 624
476 747
59 870
1108 1343
515 1350
450 1101
1390 241
72 145
1343 1328
31 351
259 46
220 984
392 931
1227 1015
1344 1233
992 527
316 1141
509 131
564 1299
836 1033
1226 1014
358 59
110 67
1381 468
204 977
788 236
186 447
1262 360
493 401
547 465
475 1225
287 1215
1188 1182
781 185
954 1324
594 4
383 799
667 174
77 405
248 662
720 392
874 194
1392 292
1279 1091
1187 451
535 369
695 50
351 183
693 504
266 67
1097 731
1183 1228
1054 998
646 720
542 643
308 377
487 193
959 452
1314 1242
1011 718
164 1252
874 554
311 738
762 1387
51 134
352 339
766 581
1362 1206
675 631
154 862
1134 265
1119 523
254 1153
1310 735
1091 677
1197 611
750 1177
944 465
768 675
381 680
1235 572
1225 533
580 1254
485 1101
1010 164
828 243
1049 827
139 647
1079 27
83 1342
1159 753
323 960
1124 749
53 650
229 554
667 848
1215 935
459 815
744 618
758 1020
231 1396
614 661
970 429
1261 762
543 1164
851 1342
276 114
855 544
250 116
430 193
3 1164
186 881
788 403
233 979
1182 853
271 377
1103 216
54 125
669 882
161 1318
1347 1295
776 1347
1212 204
502 983
1043 67
1214 1033
141 251
788 710
295 794
1088 1061
473 1242
132 535
340 6
1271 34
799 712
1275 321
301 1272
112 1273
163 475
1155 73
53 701
1114 135
424 764
750 1299
1362 35
691 499
1270 719
987 571
1379 1266
878 1254
1276 969
1190 245
426 180
1079 371
54 1010
324 979
339 1031
276 198
959 139
228 1253
690 807
470 479
816 494
350 191
1201 94
573 1054
567 323
983 896
183 686
1159 1037
1040 775
283 223
1097 316
754 3
1135 612
1273 422
908 420
5 949
1219 133
706 1369
1288 9
642 741
645 616
858 669
510 27
950 1109
302 596
1117 547
803 264
551 618
532 306
1363 36
1322 214
348 363
596 742
675 604
925 164
1193 1208
1273 637
83 400
1149 934
856 1133
259 1166
1038 402
1085 1056
1056 1374
225 171
932 665
1394 559
1344 1395
375 1087
1261 323
141 629
900 939
784 1270
229 1014
614 436
343 858
148 818
1289 248
11 607
1207 1268
266 578
497 883
1207 1070
389 137
655 1306
196 933
1178 224
545 609
157 711
806 1225
671 304
1145 167
493 1338
1076 673
985 986
546 112
388 1170
493 637
52 244
469 1202
1137 500
83 1251
658 696
643 655
533 1100
656 127
491 30
873 1041
1073 995
177 1185
227 172
500 573
899 632
438 628
567 23
14 378
1153 825
1079 26
1351 1273
127 1385
315 377
640 130
269 739
75 268
1044 745
901 932
1213 985
858 472
1050 497
1294 802
235 1379
1363 1173
761 5
220 663
1351 1287
1231 258
924 58
425 152
923 938
1108 1379
12 719
652 215
1123 942
415 1245
733 135
1138 604
587 611
592 1374
160 459
789 1316
628 752
553 111
1243 730
729 541
1248 1199
999 539
34 283
297 549
689 1166
1327 391
714 1271
630 79
1277 1243
129 442
304 641
792 991
236 1125
97 396
749 263
1250 555
1111 527
1176 696
1100 968
49 682
1179 766
566 459
586 541
781 838
340 359
747 564
629 34
351 1227
242 2225
1220 37
547 465
743 1198
222 1084
141 486
833 1344
1266 1253
249 601
733 115
917 365
733 788
340 1065
1002 300
969 327
628 257
1112 463
236 1296
644 1370
1158 1144
710 1325
1055 67
412 890
33 1163
268 667
616 153
891 1352
48 80
606 1024
885 112
612 595
567 103
414 662
560 1066
1260 608
875 769
1070 529
922 232
715 59
620 953
665 264
393 391
1002 147
483 838
640 419
724 46
789 105
894 415
