675 44
32 475
224 381
261 18
376 87
503 260
650 386
506 166
265 199
432 172
497 417
607 531
345 610
491 292
357 461
215 143
643 431
517 126
661 617
487 71
534 284
472 364
188 488
229 193
157 123
584 365
78 370
566 26
454 462
242 36
61 360
481 397
274 198
434 246
470 143
436 142
18 611
18 163
311 140
219 326
30 65
371 237
308 140
174 545
648 604
320 311
661 622
593 699
698 689
432 271
363 432
523 550
486 690
270 632
684 389
321 439
619 109
688 240
161 97
686 332
303 501
570 679
147 487
407 686
16 419
517 5
697 74
481 536
469 590
602 339
510 491
679 233
383 199
183 274
97 617
371 538
374 465
442 30
106 291
694 450
340 262
55 156
555 59
430 319
338 434
356 516
45 463
65 111
296 375
576 123
134 42
57 671
455 63
678 418
43 251
587 590
514 375
60 696
1 46
149 376
267 288
619 131
2 208
370 499
92 428
319 216
219 514
195 304
92 337
585 529
396 302
97 494
209 465
630 254
68 88
312 258
26 446
279 340
228 166
51 489
188 399
501 595
61 288
286 517
255 677
371 253
312 648
361 195
319 243
488 296
404 15
636 442
65 265
332 371
664 394
583 114
324 372
152 217
214 317
621 309
110 308
688 28
520 230
43 605
419 448
187 335
103 314
432 431
586 289
22 380
417 646
15 373
280 531
242 634
306 483
274 541
434 366
169 456
395 495
115 447
564 301
29 479
8 325
106 470
506 358
326 644
299 508
383 635
396 547
326 663
120 180
322 284
539 350
64 40
326 671
292 34
280 290
279 453
572 109
438 667
105 435
211 597
351 616
427 392
84 690
292 306
548 256
468 367
641 322
151 671
104 563
651 365
417 295
202 363
565 225
450 285
511 250
268 360
276 332
466 211
192 70
336 76
354 201
670 121
336 604
461 511
573 597
163 521
48 367
449 190
438 533
28 232
640 313
99 649
190 266
277 472
500 691
63 106
636 245
341 75
172 657
302 479
454 87
385 665
1 259
508 111
12 101
636 481
587 292
268 544
206 293
635 396
367 147
503 254
615 355
616 648
576 328
338 395
378 349
677 390
516 387
655 360
590 182
496 380
10 317
413 10
388 414
449 271
327 276
150 161
317 39
560 37
78 607
618 666
642 677
338 143
37 447
182 79
353 167
138 136
491 298
199 449
547 220
359 412
374 4
175 52
537 294
617 457
589 272
412 534
81 37
465 129
236 383
406 78
56 481
486 658
192 364
255 458
411 99
188 279
545 453
406 173
684 75
239 185
476 112
186 66
199 156
62 283
425 38
265 511
271 670
509 61
303 527
440 602
668 291
5 18
445 235
383 46
217 246
357 441
544 147
655 354
529 91
485 550
87 553
601 544
443 540
603 525
469 243
22 155
547 644
482 414
112 160
330 181
268 104
336 624
417 644
507 6
246 232
1 562
660 640
625 211
503 562
40 132
323 523
477 595
76 507
470 114
147 178
360 384
190 492
375 450
164 69
162 306
363 341
458 562
274 599
57 186
588 245
147 35
271 37
397 380
6 383
118 467
406 338
475 370
307 470
679 180
83 504
52 310
123 478
690 118
503 269
365 303
453 375
457 277
670 607
358 168
693 73
258 32
476 32
177 682
477 146
80 258
135 514
286 550
274 401
259 92
69 583
622 9
218 422
190 32
188 646
473 321
682 555
637 203
555 304
205 570
422 349
341 535
27 530
126 386
513 320
353 653
257 333
162 87
48 114
649 284
100 541
384 209
28 439
116 404
510 193
139 449
302 458
699 643
497 30
318 222
124 410
230 431
483 343
307 27
126 557
447 654
232 541
137 87
251 293
607 492
408 248
27 202
164 197
90 496
196 176
325 202
153 39
572 322
419 573
192 268
541 13
403 349
583 463
319 626
568 567
589 42
59 317
638 547
348 410
661 79
131 17
699 483
506 148
87 449
437 670
549 434
4 193
422 306
444 565
158 72
550 39
407 535
133 4
526 475
151 370
133 659
248 585
180 387
35 96
149 393
237 335
410 588
476 457
444 17
345 507
131 512
618 532
245 527
447 220
677 106
304 552
630 581
269 112
177 23
463 559
323 601
207 452
359 148
91 558
557 445
656 603
448 245
347 382
82 17
618 647
22 472
400 452
151 12
139 193
660 295
678 650
308 526
22 137
445 489
672 655
404 414
262 567
407 593
482 270
91 605
92 267
209 5
402 471
149 237
559 301
247 475
521 232
482 559
316 185
102 279
244 352
98 361
687 204
131 291
297 531
396 356
286 293
426 525
390 84
312 155
131 532
17 472
567 205
342 361
243 2
592 258
209 638
578 594
543 450
372 127
467 369
328 218
556 0
166 408
133 691
15 324
248 526
534 200
208 345
184 163
161 622
682 530
351 400
517 404
186 445
22 369
85 173
608 186
229 190
79 418
510 280
527 92
194 414
170 1
101 561
175 262
564 61
48 363
545 106
127 512
192 656
293 520
694 618
548 361
411 345
487 219
658 40
640 404
228 618
293 73
593 40
124 322
325 573
638 545
23 152
19 489
637 356
521 634
15 432
155 482
553 74
381 491
8 230
449 223
188 352
684 441
201 634
438 182
200 464
629 92
170 411
306 488
404 117
459 446
178 383
246 34
154 273
625 46
4 606
299 530
37 433
685 242
168 223
131 174
277 80
311 288
641 470
16 80
435 27
122 68
418 448
456 56
620 533
347 620
459 637
445 105
350 104
22 246
583 176
609 235
596 499
666 645
296 221
37 306
669 185
10 696
460 189
162 593
249 84
235 485
148 434
421 11
429 507
602 695
357 172
180 381
669 237
413 612
220 108
76 641
169 697
131 482
523 265
312 276
678 356
670 89
236 593
272 477
388 252
497 231
538 580
465 587
104 128
660 503
201 168
517 210
288 409
401 71
412 409
10 66
367 130
366 504
282 562
105 386
60 72
600 588
623 562
688 514
196 690
515 119
585 8
122 336
570 690
548 9
282 379
343 856
5 297
603 302
146 430
642 349
3 501
17 391
516 41
153 23
288 50
448 671
413 21
416 647
251 449
249 245
478 40
473 613
335 26
400 437
236 544
223 575
436 262
137 311
693 195
657 683
234 42
499 0
617 238
302 567
578 606
591 378
502 560
231 98
446 325
328 522
108 1378
342 29
