279 403
2046 1933
1952 921
427 244
800 2428
1400 858
2007 1850
1024 241
2359 2133
308 1280
1680 1459
1394 1913
1074 2020
33 292
110 1655
2508 661
1314 1453
41 881
1502 1767
1668 2494
1575 1554
1252 1624
880 976
1554 1655
32 1123
1546 1246
549 307
744 1271
1130 2503
512 1305
1495 1176
2121 1691
1694 2072
1423 1219
637 2378
2595 2599
2173 1619
522 1317
926 1469
2255 2286
1213 1293
445 1165
2547 1579
413 301
235 822
1 112
1511 2562
2203 2420
1575 1617
532 2167
128 1118
765 556
2157 634
1179 1062
245 933
883 369
736 942
1402 584
1207 1478
1943 1520
2599 1006
2552 2380
2018 2089
1502 250
898 787
2542 2058
1626 41
756 1447
1212 2443
110 198
1448 1916
1178 2524
1768 146
2557 20
2165 1665
658 725
1412 1010
2219 289
307 584
670 1434
667 2483
2495 992
233 2285
262 326
52 2282
2421 1514
1677 2325
241 1442
438 1486
1642 2364
217 112
504 782
190 2070
772 781
56 845
2528 1865
252 2404
2444 1404
1391 1360
2582 1267
1356 1468
773 2429
1175 910
2402 1769
464 1965
1060 645
407 22
894 593
1808 550
703 873
1371 114
2566 1273
188 266
648 1619
754 996
1256 1356
1925 204
321 1676
249 545
107 2244
2218 2467
167 538
266 1376
665 2448
1950 959
1105 2075
842 36
2550 495
332 1385
672 2232
2012 237
2160 2315
1790 678
2510 387
512 2507
1447 47
2294 1244
2385 1936
2408 1419
28 409
1581 2387
6 2431
551 622
43 968
258 1181
352 2264
1594 1945
2122 742
1952 639
48 2413
1632 2487
1938 2078
1299 1037
1724 1627
628 520
795 734
1744 913
250 2296
1095 1950
393 1550
1546 1019
2595 1622
1600 170
1115 135
857 1785
1562 2558
1734 330
1664 613
1354 2185
2333 510
1569 758
2002 2517
1788 1810
1040 2067
2294 2206
748 2159
567 454
1510 487
626 2021
869 852
2252 2155
506 2011
2396 1097
1765 1384
121 268
1199 2045
1029 744
309 633
1348 940
2109 1923
2168 875
401 821
733 659
125 462
1788 2398
646 1496
326 70
1041 1904
398 2582
1421 1099
540 931
1943 925
1698 65
728 1549
564 1290
717 677
385 233
98 782
2248 2469
2123 48
1249 1641
1553 2254
298 928
1166 2008
2290 125
1509 466
1478 2193
857 1986
1781 670
296 2279
177 0
619 1845
2565 2211
373 2588
910 1304
2021 2272
423 1417
2162 2124
29 467
315 1584
1627 4
1584 1113
211 2402
776 87
986 915
271 410
479 778
2156 2557
2392 327
1165 2325
816 1408
71 2339
2585 2579
1358 709
1218 102
2564 2123
1781 701
946 980
1160 354
1113 625
2125 2163
2323 1073
2104 61
1083 1412
365 791
1790 2132
380 1617
1940 1765
1978 107
951 364
1797 690
1415 2501
147 309
175 223
32 918
111 2339
1466 940
95 394
482 516
997 860
322 2280
2204 204
1997 1080
889 552
207 149
1227 1895
995 1093
454 1860
1651 416
1547 1727
1567 2425
1864 2522
45 80
1567 968
969 1524
70 2521
2321 974
683 259
864 1888
1250 1555
181 1668
2092 1889
543 1138
677 1409
2103 1665
187 6
2250 615
454 1593
474 908
1280 2535
1000 1416
474 1592
1895 2364
1280 1748
2000 1734
370 1992
1350 2150
1720 510
2325 2229
1570 1611
2156 2318
73 2417
2084 988
61 2109
1980 1435
1564 1267
1363 739
2516 845
1257 487
2077 1099
833 372
158 396
2391 2333
794 1826
2146 683
1999 875
1519 1457
659 1724
202 1581
2443 1953
1729 891
537 1960
1398 1036
1961 299
881 1619
1672 1027
1080 1344
2426 2418
1276 566
982 1177
1402 2079
568 1336
2314 1975
1180 1100
1311 2325
474 162
2163 2502
1802 2442
2519 68
4 2591
1084 2396
1428 1594
73 173
2009 1102
2153 2452
2537 855
1224 2365
339 556
1786 1292
1576 2203
1440 2401
806 163
2559 505
3 1917
207 1441
866 524
238 1342
565 1939
366 328
1360 229
106 1901
1309 1120
208 1009
10 1339
1970 1347
2251 2134
2063 1419
1900 313
466 2448
2400 1053
572 518
2495 1758
1027 1876
1351 674
2421 1364
186 427
1962 2163
1784 8
2590 1056
1153 1642
2200 1785
1761 2218
1595 2225
1832 56
2078 1927
2237 1942
1353 1608
910 2531
982 643
2583 1099
2114 1837
701 1043
2255 2443
293 339
2055 1597
1925 1276
775 715
2423 953
1582 1318
1094 507
248 257
1782 1740
2019 1073
668 2420
1469 1095
1839 122
2472 1039
274 546
1723 2385
496 829
7 1172
1626 1718
1571 746
2151 105
1980 375
1393 526
1068 1995
2128 1811
413 399
1893 1936
1603 2012
1653 2147
355 1199
1648 1635
1100 728
1629 226
2113 106
828 1260
1215 2477
87 164
2049 2127
2046 222
542 1537
2326 2071
1604 773
2541 1504
203 222
2348 426
2296 64
793 1219
2356 2102
176 1166
2505 114
1966 169
1993 2582
122 1128
42 50
1456 1863
1386 2055
419 1748
274 2296
1935 843
1546 1408
1376 1579
2274 846
1442 61
832 429
70 1701
179 232
293 2482
123 2115
2244 1127
1138 2476
2044 2012
1371 1472
2501 302
14 299
1327 1003
2493 927
797 1322
2342 853
742 1198
1725 1010
1849 2148
1116 1104
628 1162
2370 1214
2169 2303
774 2402
118 1185
327 2338
1152 1490
306 562
2483 2268
318 639
2400 1411
335 74
971 66
797 392
1007 2205
2568 999
1753 197
474 107
1534 891
897 551
634 204
152 1711
262 58
274 2433
37 827
1410 972
2491 2506
1609 144
1442 1756
2461 1653
1035 2341
82 856
2030 545
1215 200
381 1446
992 1463
3 1054
1396 420
2100 819
2 181
1777 2091
637 2337
1020 1843
1121 1843
226 2024
128 1107
2513 1312
1414 423
607 927
2581 1023
1516 1638
1862 2382
294 958
1909 2076
1103 866
431 2280
1757 937
1867 1931
2534 2571
2514 2048
2069 627
2380 1999
2357 2475
785 2089
2337 838
1552 1837
1038 526
1735 657
566 37
552 245
2298 905
2125 705
171 49
2008 1198
285 604
1057 266
1680 2481
1260 261
292 1304
294 2593
1984 167
1916 1054
511 1449
584 1099
120 2194
1673 1545
321 1853
14 1041
767 2334
2567 854
2221 1987
985 93
1814 413
675 1809
536 1205
2105 1507
2071 2361
2341 950
99 77
12 1544
312 342
1212 493
600 619
1712 22
1727 2428
958 2047
1114 1532
1910 2037
212 2315
1239 1486
1887 2052
1639 2155
924 1854
2062 440
975 829
312 1797
737 1632
893 29
1803 1717
847 459
1117 401
2184 268
240 2356
757 2319
1598 888
1658 1377
1828 162
2219 54
1968 1658
1749 1618
1085 941
223 1805
1785 1306
2104 1980
1575 137
1918 1564
1669 1518
2480 2298
2028 1893
1137 590
1775 112
2058 2446
115 2564
2138 2127
2370 2258
1836 430
155 1585
1685 460
1553 1728
2505 2272
2558 145
2137 22
2197 1825
475 2109
2233 2573
1839 1278
700 1886
2417 1089
1432 709
575 2266
300 1137
600 888
1948 293
2327 2510
2400 2151
1556 259
750 187
2029 2172
2598 86
2398 593
2299 1950
1218 1100
2577 639
988 1293
607 2040
2583 2595
1683 28
750 414
436 29
1400 1368
2088 1803
1004 1114
138 2001
957 1482
743 2024
227 2457
622 1661
838 755
746 1790
1455 2424
717 843
1324 191
1410 31
136 1290
2215 1509
1901 1893
2365 2311
2575 1136
2526 785
630 908
1618 2204
1727 2338
46 391
320 823
290 1400
598 692
100 1104
333 1953
1046 1205
107 1081
977 2441
785 873
861 703
1263 2515
2182 2181
1315 1839
148 1077
2214 736
2047 1750
547 404
725 2024
957 38
1850 93
1971 1678
371 450
2523 2007
2535 781
729 977
394 1896
1201 2557
1847 795
201 2198
2321 344
2372 63
2214 976
1964 119
193 139
63 2249
1314 1877
149 888
708 1635
1651 568
587 389
223 600
296 2246
1761 683
379 1166
650 773
428 329
1604 2571
1014 184
846 1987
1288 1333
802 651
640 1939
2324 965
2238 628
2441 672
459 1189
1970 282
2581 1052
2332 1985
2440 242
205 937
298 994
2316 735
2202 497
1453 668
1366 1216
2241 2414
17 2381
1774 32
765 120
1824 1186
2026 169
259 635
83 1967
2036 834
1769 1258
2491 2413
1350 1754
2095 72
512 633
814 1487
745 2547
1167 1151
1655 2134
2574 1446
532 652
1579 1771
1348 301
296 576
2214 106
1229 1372
114 196
66 237
5 363
1376 602
1204 2250
428 2519
1859 32
769 226
872 850
1993 1682
1176 1947
1144 1351
909 397
261 2012
1100 25
1829 2441
439 363
22 1645
547 337
1597 1665
1584 322
1660 216
984 1979
1404 650
2278 557
226 2184
717 570
1833 1849
842 678
125 1851
663 1186
1623 558
1316 219
2322 114
2532 1225
1936 1120
1121 2364
2057 1974
797 785
1122 692
2239 194
2038 1916
1926 1812
2044 1983
1389 330
2436 2169
2355 2591
1719 862
2006 1536
2058 1791
2155 1951
846 2293
2164 172
1352 510
558 1726
1672 1020
358 247
2144 851
304 606
1283 1507
628 1686
2175 1163
1813 2204
160 2567
911 2470
331 1264
1349 6
723 370
228 2294
2524 1323
639 573
218 2070
2583 2239
876 439
759 43
1019 66
178 2478
2369 356
1337 1262
648 179
2125 2553
48 2562
949 1115
459 1228
1285 141
473 913
267 1979
188 1078
687 94
1655 63
1614 1544
2016 16
339 2527
582 2321
139 96
265 2135
2363 1021
1253 567
304 1345
250 1518
699 1335
1492 2492
503 1619
1313 855
1208 824
996 1492
1466 1425
438 568
1907 1747
2467 1884
2334 1439
1416 2143
909 2526
871 501
426 1804
2068 2494
834 1903
1736 641
463 9
2335 679
224 1337
1328 252
655 2009
1880 1143
1958 1536
2284 395
151 2030
1465 1079
2335 1888
1081 2352
599 2266
1589 662
2015 993
1713 1515
46 2195
1729 200
1090 1709
2006 1250
2200 1852
2324 1873
873 88
2179 2386
850 2066
2040 1778
1254 255
1960 658
490 84
2457 507
2276 2561
556 2247
1121 2298
42 1094
754 1888
802 1130
850 1135
1981 306
79 1480
2350 203
2210 1023
2537 397
156 1631
143 561
1551 553
1179 801
1655 1059
2277 47
2219 85
2216 2223
1484 399
2201 2065
184 2446
2286 2182
1275 501
705 2148
1348 264
280 68
2135 508
1675 1769
924 1986
2169 979
1603 1547
1142 801
769 1101
61 2277
2228 2500
1038 1370
944 68
53 1752
1587 82
447 1128
1483 1770
249 1659
1586 1202
2511 2044
2195 1998
1469 1310
2476 413
1781 2112
2519 1377
1518 2446
1735 1724
1590 2145
1804 413
516 2166
1234 570
1836 1755
1348 1312
256 533
505 349
2055 1096
1752 615
1916 1014
670 1165
238 2489
2073 1851
1071 955
1455 1419
2220 402
616 1054
2192 2146
653 187
1197 978
739 2438
632 744
656 1770
624 1904
2385 513
907 1207
1389 1879
1668 1895
1170 1495
852 1939
706 1237
1188 362
1633 899
613 1944
358 439
2061 1792
404 857
1063 126
2475 963
1317 736
536 1513
1116 2557
1166 1463
1603 1118
695 1338
2137 1233
1363 2175
1827 380
1699 1479
1599 1582
1979 1924
2361 1289
1186 677
1151 1900
1319 1349
2330 1261
154 1290
356 2571
955 346
2560 314
1155 823
98 1432
918 1883
1164 1212
658 1015
98 814
326 1861
2212 1401
2058 2365
461 1749
831 132
1476 1738
850 2033
471 1903
690 1754
718 2231
1611 2459
2235 1949
2215 758
20 1791
1121 414
1690 1133
1973 1493
2026 1101
2583 430
1646 103
254 1997
1535 2419
293 1890
1864 2451
2294 2244
1426 290
2515 1666
1960 124
1803 2205
1758 447
589 2017
1251 399
1091 2218
2392 1576
1694 299
708 276
178 1146
525 324
2110 1432
829 2171
683 1004
887 598
1791 511
2532 464
2100 2194
2591 1194
2201 147
1001 552
2573 2495
113 1942
251 713
2436 1289
1703 913
1005 962
1643 136
449 2461
750 1655
1241 2184
2002 791
1325 1823
2208 986
2410 108
282 2113
15 2107
485 384
2266 2092
2489 508
2186 1234
7 1060
2328 1848
1886 717
1551 555
1537 991
885 2051
1632 853
1693 1787
1466 2178
11 2119
1412 1351
1683 1333
537 753
1990 1925
469 167
2578 1802
1239 2513
900 2050
2099 2171
741 1002
1218 105
678 51
1367 1661
793 1745
1142 1404
1694 337
146 2463
1063 202
491 2118
2153 1861
1619 470
447 1951
1948 570
1324 2389
2288 703
1629 446
443 1810
1617 1292
329 1645
1086 2532
1992 1390
2561 766
1962 1024
593 190
945 506
800 2352
1558 2406
247 491
2233 757
2405 1124
2471 125
644 595
2450 2492
2145 1450
179 1462
382 2058
596 379
29 1728
1493 1612
2459 389
1982 1555
1686 1403
1988 914
973 1475
953 404
546 2371
260 904
2286 980
1786 2109
2546 818
1120 2079
1054 1037
2351 1094
208 1133
866 2303
1346 906
2270 220
2208 849
1790 1383
1724 1226
1899 653
1136 534
764 2597
512 1071
1656 167
2449 1919
1837 1705
2314 970
1403 2149
581 64
851 2462
10 1506
2213 2529
585 2214
715 1337
1593 238
1352 1114
1202 1498
139 1159
1275 374
2318 1416
233 750
1782 379
2558 1781
638 2186
657 1701
1564 373
1183 321
456 646
2501 2191
1613 2035
1297 633
1581 1545
1493 1634
2221 1603
2078 2030
1866 2282
503 2522
1518 2078
1693 794
1203 803
607 57
51 2487
853 1443
938 383
241 471
544 2186
1070 544
535 453
219 338
1029 837
996 2050
558 1355
38 2471
866 1729
2469 1124
230 1771
2556 471
666 1697
759 2459
950 1361
1304 2002
1474 105
1621 687
2232 2050
1939 263
264 784
401 255
1272 1645
27 233
2262 2270
736 2552
1668 38
1779 2595
222 2326
179 1255
2114 2318
919 1676
597 1372
690 1369
2086 1931
942 1436
2537 1448
520 1402
2467 1798
1328 740
205 985
2028 1818
183 2263
2016 834
890 507
2380 953
2321 691
153 514
1773 513
457 4
2012 1878
1882 2573
526 1514
679 301
267 2489
668 1261
644 55
2355 2038
940 1852
544 1902
1787 867
349 2294
864 1076
1059 1671
951 665
174 474
462 2118
1259 1478
2208 2273
784 684
1261 449
1056 15
2375 28
2475 1008
752 520
598 1325
1389 306
1259 1281
1457 1693
1904 239
1671 2067
2244 2224
2505 583
2236 692
814 250
113 525
203 308
1682 1375
585 1243
1974 971
1838 631
86 1083
2043 926
939 1568
450 1467
1956 1623
233 584
2201 1218
1575 1485
1377 522
2250 49
2148 18
955 2333
102 1023
1175 552
2129 516
1930 1149
1109 1826
1258 449
343 925
909 696
1812 1209
1296 551
1264 483
134 2308
2215 1868
1809 961
502 2056
1008 1504
535 837
4 1824
1584 2095
2016 2070
359 1792
1333 2055
1932 885
192 881
243 2363
1817 2570
2132 704
1313 1776
721 1639
142 1823
1443 2195
1709 1489
665 508
1526 295
143 376
1493 2062
1607 800
586 397
2534 227
774 2050
269 2217
2192 405
698 397
1155 1869
2171 1862
1662 446
831 359
1569 1587
145 1305
1046 2160
585 1162
1195 33
2569 1247
1595 1982
585 1885
1739 1832
687 1485
1336 2245
663 822
587 919
826 1621
2173 258
2222 2055
949 2492
1890 895
515 456
2356 2290
352 971
2569 1800
396 279
1137 1733
1804 2453
1372 277
2054 597
1957 335
1706 226
2025 760
1815 1097
1084 360
2222 607
17 298
959 498
1067 2500
1399 352
1476 1743
1163 2108
801 2520
1859 2551
1849 373
1661 1018
377 1915
2381 2426
621 1348
1391 2420
1084 1374
2433 1184
2128 2550
1119 1587
673 236
2228 1412
1886 640
2065 2240
1015 2514
862 1472
617 1303
1339 2072
1319 1063
1809 627
1169 1404
2569 1082
1668 2493
921 1827
2510 2064
703 1630
2220 270
203 1907
1922 175
2085 1471
2525 199
976 1398
761 961
738 314
523 1143
480 889
1602 2012
555 1509
182 1160
137 1300
2037 1419
82 944
1350 1797
1136 65
1700 681
1089 246
1561 1634
213 2443
52 1686
2230 452
2328 1295
704 1024
1771 168
1439 2241
1688 613
1887 167
1705 27
53 348
100 1510
2360 1250
1688 481
1362 1265
1029 304
185 2085
350 1394
388 1803
1684 2075
236 1444
816 221
1466 1403
1044 1926
671 728
670 1764
3 407
2090 901
1533 899
1107 2276
2428 1939
1926 605
1352 1214
2140 594
1928 315
1714 1822
2081 1578
1854 14
2039 1246
655 2152
411 2027
377 2283
25 1460
1860 2526
1013 1318
1201 893
1834 1721
1337 2101
2326 1516
153 921
325 663
237 1685
1777 388
936 1447
1587 1743
1789 198
1625 677
854 483
2099 1552
2454 116
1563 872
749 175
297 550
560 772
2272 2330
546 83
1689 2356
163 68
1273 647
2186 2253
2362 1713
1642 1006
931 1040
503 64
2213 335
1140 1844
1347 1421
1675 1497
1780 1767
944 1733
217 2483
1458 1060
125 1077
1806 919
286 1727
1609 2443
1255 1985
2330 1466
2599 689
403 159
410 244
786 627
1193 1802
1672 1252
344 319
772 2149
2013 293
2269 169
1736 1103
259 409
2531 1985
2273 1061
1399 491
945 1935
2144 812
1707 1363
1774 635
2372 1642
1482 1089
183 2222
1601 123
1954 2512
1448 523
2240 1085
724 2013
2374 1103
1404 71
1404 472
630 2402
1267 2081
2098 1646
2357 1512
887 889
397 144
2040 287
1140 2082
1051 1110
205 474
206 625
1854 2516
1526 1004
1987 1253
1333 639
1073 2230
735 1403
1987 2203
2433 121
1837 1018
2063 386
395 871
2137 2081
476 2269
241 1789
2585 1982
43 1498
1340 155
857 2015
126 2495
1674 99
1185 757
719 1985
759 1859
1722 2410
1341 1182
331 945
968 756
216 1857
282 489
1944 739
1897 673
652 796
1901 2573
2130 2107
1643 1776
680 1521
466 1753
2393 2504
97 715
887 366
1596 1023
782 291
2489 2203
2169 1501
1235 2308
2179 1269
1170 583
2235 330
2165 2230
181 2196
942 1022
1665 1731
2488 1332
1955 1046
1151 616
2086 1839
2571 737
2549 2259
499 1328
1432 815
226 105
271 710
201 2540
782 576
601 1394
333 2181
666 2339
891 2391
1749 988
2311 1700
2579 1429
1098 2146
1528 2377
1676 1166
520 295
1393 1301
60 365
1192 419
344 92
1048 842
948 326
599 1602
1949 2100
1049 2367
168 804
1657 104
1610 2000
839 316
2031 1546
862 1743
701 459
1177 2514
316 1443
841 2376
1916 2170
125 1476
2171 1357
439 272
1617 1788
1911 1705
2282 1193
206 2534
1480 2019
1473 39
2442 1672
384 1539
430 2049
1002 1697
246 2119
1967 1120
1625 2219
442 1978
1817 1251
1248 2491
1900 2097
1641 2535
1897 1093
1370 874
281 587
1261 2089
1912 455
1750 2389
2110 2213
2098 2224
1071 2221
1966 1304
1475 75
1129 1824
1458 101
1543 2390
1096 797
596 1407
1393 1446
1177 2574
2425 2164
2597 1596
114 1476
2291 1906
1867 250
220 1266
1450 218
2233 1331
1462 862
624 1074
1483 2398
2096 157
1298 1173
210 660
348 2520
102 905
1108 1658
199 2166
2158 2538
2476 1029
56 2510
1644 1882
787 1769
1077 1949
1766 983
402 1748
1863 1514
1854 46
334 805
481 1465
1257 1957
1198 2125
966 1624
1118 2306
2280 77
261 51
712 1315
2230 430
287 1166
1054 1091
1102 532
1074 1842
739 1837
1862 1546
2048 33
1596 1628
2097 355
53 758
2 2099
2198 35
2595 194
105 1607
257 374
671 2289
2066 381
1152 1305
676 2135
927 1809
2210 908
2556 1615
396 2468
2247 392
138 373
86 745
1334 2375
35 351
1571 908
2557 182
2173 2491
2073 1223
182 387
142 1506
1018 2436
2426 2371
2464 1442
2587 1105
110 2027
782 841
2104 400
1454 1577
2388 768
1257 545
2581 2479
661 1332
2105 893
1818 1331
281 2091
1044 1299
2502 2505
2312 509
1994 227
2048 1451
98 378
821 1139
78 1902
984 1732
1569 2441
965 508
2580 663
1156 1428
882 1082
685 2011
2535 1665
759 1967
34 2424
62 2131
1356 1716
727 2314
419 2437
2193 2194
1872 1557
2137 875
602 2463
1785 630
868 2177
1159 1019
1594 804
1542 154
1499 698
2243 1211
1563 1167
982 2361
928 1343
1427 1818
615 695
2156 258
1115 1000
1541 1164
257 2263
2403 1930
1626 992
1954 796
814 1224
921 180
641 969
1468 770
485 2096
1278 60
452 682
1153 1013
128 2597
1452 1806
2466 676
1799 2131
219 666
38 2228
2089 2200
1048 651
2218 2177
1155 2349
862 1714
2125 657
1740 2303
2209 118
1268 145
365 2474
1804 1884
508 2564
1505 924
1525 1155
2108 1455
1406 1712
486 1493
2478 1485
1577 693
1134 825
1741 1010
555 444
1180 1226
356 1237
2491 2038
106 115
2533 1453
1744 1143
245 2108
592 1817
1664 688
2136 634
676 1188
815 326
1337 262
2440 1620
179 283
1682 126
1713 1539
2425 1363
2485 1599
1597 844
1264 2271
1396 876
2009 1584
1479 1184
338 1595
2590 1853
792 1336
337 585
1093 601
1252 266
467 1259
2557 259
918 743
1237 333
767 720
2137 2354
1 268
445 141
994 2069
2412 2557
216 2082
1286 975
1333 1390
749 1971
2048 114
166 2087
297 1486
417 1032
1161 2322
2229 664
12 2483
644 1425
740 1266
1157 2047
1243 1878
1556 1915
1429 713
1282 803
2479 1024
1162 2263
2352 2268
1242 1567
2506 2422
210 2537
2189 1984
1388 334
697 2430
1439 2572
1229 2298
1922 1574
401 2431
162 2431
2404 670
680 413
27 1084
2474 866
2471 205
124 415
153 2481
475 89
1949 2588
2022 645
2336 2204
2321 1967
1616 2027
1119 1830
287 221
2451 748
10 299
643 1393
468 2397
66 1871
834 359
2321 321
2283 26
1441 908
54 2195
1143 847
1912 433
1692 943
2128 1576
1224 1907
1745 2554
2123 663
2276 1173
2079 1684
239 176
2189 1995
1445 2223
923 2562
531 158
1223 80
341 1065
1043 2010
835 2106
1669 2576
1883 20
489 1497
2260 444
1965 2475
716 120
345 1400
991 320
321 122
44 872
2480 1798
445 927
1258 622
1780 1258
1535 897
1957 1258
1639 1437
1724 1756
1766 1173
1907 1695
1286 1541
1375 1376
1091 1458
120 2057
319 831
1139 224
1299 1025
1478 227
1766 4
2152 506
2429 239
2130 1677
807 1955
2358 1612
2404 1865
1010 1613
810 2153
1833 1000
1667 518
1031 1199
2286 2470
1190 2257
624 1856
66 318
1911 1918
1749 124
979 570
791 1807
2249 1965
654 1336
646 658
286 2228
1404 946
278 517
1436 336
1927 22
936 1972
81 1784
427 1661
547 1810
2336 1631
1655 1333
2172 1293
2152 1421
585 984
1384 1891
1287 93
2459 1639
137 1924
1882 619
1706 340
2388 715
314 1109
848 721
2177 1806
1711 509
1998 508
1401 1353
1220 228
271 1746
418 967
2449 1114
2093 2060
731 667
293 980
704 38
785 2567
2107 1554
935 244
1934 592
1020 613
1586 1658
1284 1264
945 2580
1007 2378
2579 1346
201 2543
75 993
275 2237
613 1731
1835 2030
2446 2458
2037 603
1192 1349
1908 677
473 1568
794 1351
1263 2573
1359 1832
2034 1385
1737 1181
1829 434
1009 891
659 2092
1174 290
1930 971
2560 725
1927 1250
1467 1661
1694 1410
2133 2269
1707 1822
206 2345
298 507
59 520
2175 1717
191 1480
2107 909
239 464
1228 1751
1504 1520
544 2527
2472 2349
118 883
5 146
1633 2140
893 1232
2433 2102
1836 789
912 735
1564 411
1014 1804
2124 1975
1073 2487
2423 146
1900 2205
1455 2452
2267 684
630 156
1896 1849
1825 604
1925 1687
762 89
55 1548
104 1457
1812 2429
1165 373
2545 2426
1371 550
2186 420
660 2428
1254 339
454 969
1869 1724
1071 1531
2010 160
1610 1929
615 944
2101 237
354 667
1814 759
810 346
2010 1571
501 1923
714 1985
1394 737
1819 2114
2261 1045
984 1482
293 1966
2102 1609
2446 1059
2044 1027
19 2137
1189 855
204 97
1627 2341
719 1360
1105 1856
510 2386
2037 1068
2493 1977
1560 2329
2415 1799
1915 1741
1900 939
529 815
1777 1807
115 15
1156 1416
724 548
2114 32
1137 878
1286 1558
2060 1130
2040 2580
1190 2579
2392 312
2462 269
926 836
1187 1300
1848 1961
697 1684
1623 1032
388 354
2006 1049
1854 783
2439 1284
2382 13
2212 277
1032 1082
1503 85
906 1050
1159 2091
842 1569
1175 2561
1010 101
2213 395
2061 1537
652 1202
2273 1823
1254 1943
1465 1677
1017 515
125 456
1964 2011
2000 950
655 2297
478 2597
813 629
1064 521
959 2354
2270 1163
1365 901
1335 829
2475 1913
648 145
2591 2142
1503 217
707 95
1850 754
1803 1298
1313 1962
1708 475
2165 1336
966 82
2443 594
1416 2395
1433 1425
1055 1580
2404 834
34 1896
748 478
1125 2290
172 2272
424 1734
1041 718
1068 2289
951 633
1865 2056
883 1775
2039 294
0 2112
2439 2344
81 2301
1668 2554
1824 2068
516 2252
1561 320
901 823
1038 6
1470 1090
911 10
931 1137
2093 1808
2556 661
1668 2278
787 150
1339 342
1160 252
1337 1242
1554 949
278 504
1412 193
1963 1933
1498 674
1367 782
2143 607
2478 2593
1357 480
760 2362
1159 475
916 457
2502 877
839 1425
326 812
53 1700
141 2497
691 114
2568 259
678 24
825 1158
347 2596
1776 1867
844 111
1965 2329
796 1132
688 2377
607 597
821 583
1185 2572
911 44
2162 2167
1200 705
1066 1101
570 1102
159 253
2069 80
191 221
830 1880
1708 1440
8 1856
332 1617
1977 865
2546 2044
859 2377
629 1164
686 1368
2034 999
407 1889
656 2517
919 389
360 1927
1747 1802
471 2229
659 739
1882 200
1376 2506
2109 1262
1463 1905
1144 1995
1501 1357
2254 1892
1758 1619
43 1767
1663 2173
857 71
2139 629
2311 1156
2069 1754
927 1367
660 1504
450 1443
2028 2066
2451 798
2022 874
2357 1327
2174 2121
1993 833
661 1947
895 2557
779 1265
553 263
2234 2562
919 1719
2442 291
106 1960
1572 19
2537 1917
1318 748
2161 174
1450 275
237 794
611 169
1210 47
389 1650
156 2028
1863 18
539 464
1776 111
1212 884
347 1450
2501 683
1609 2031
2345 2194
2002 2324
1276 1553
511 2479
1068 913
815 1623
4 1696
1771 1956
2254 1128
400 2299
2347 2231
2033 1282
2386 1823
1247 754
44 2236
2006 1674
424 1614
1180 847
1432 180
961 657
1862 1969
958 2305
796 227
2460 2487
1967 1429
969 1289
575 303
385 1837
2014 1604
167 799
2394 105
191 1526
1497 413
1089 96
2496 531
404 2598
2168 1188
1869 1235
1701 5352
1149 2596
1696 1679
2566 153
2229 284
533 1234
1231 1577
973 4
1331 2111
543 1024
907 389
2363 1601
833 1163
1338 764
1760 671
111 2156
1537 394
1684 882
195 2181
2400 1126
308 2237
942 836
1660 2464
625 669
89 2059
827 1073
260 795
53 102
1546 1044
153 320
1463 1104
2139 1581
301 2527
1886 123
1075 504
218 1225
2073 1554
219 271
1079 2025
1726 1451
2452 1784
2404 616
1164 687
321 2540
443 2001
1238 847
1583 1197
1378 1844
2082 2023
2471 1133
1796 1755
721 1039
2055 901
217 583
900 559
1592 2239
611 1640
1239 1514
2383 2094
531 1415
1888 704
22 1765
2 866
32 804
2203 1485
1173 1859
874 698
136 1644
1043 1675
333 1784
1311 2207
675 192
208 1160
2568 1881
2041 147
2599 2075
1660 915
1661 3168
1177 34
1362 245
2212 994
2162 2273
914 1115
907 1720
2392 1672
926 1652
1700 2396
1096 1047
2188 2371
2571 903
170 266
923 924
1247 911
39 717
2073 435
2497 2555
2578 1715
1660 1774
1318 1374
1137 2395
1225 729
206 1391
2266 1374
1876 2325
2584 1035
395 2139
1000 39
1116 2259
848 1735
530 1181
867 1615
2550 706
129 1676
2062 2467
2354 1862
1722 256
1680 227
803 1380
2590 1389
1079 205
1600 1446
2237 722
2064 770
449 1678
1906 291
1269 1153
1565 2298
741 1613
1631 369
2597 1853
371 1037
1833 1186
962 1705
2232 1167
1267 982
622 2148
376 246
2517 2417
711 416
488 1048
2145 1797
2331 2516
882 1425
