217 350
183 149
309 283
376 13
138 82
164 324
124 78
248 327
207 359
57 148
321 189
218 272
394 68
378 294
332 237
139 191
53 44
29 267
147 107
153 10
7 330
202 378
34 113
165 141
252 133
185 150
163 18
337 175
16 59
311 42
198 139
35 163
52 359
304 270
90 82
207 98
264 172
310 337
177 344
176 67
62 169
184 334
95 40
64 324
109 181
171 73
155 71
315 368
395 273
100 49
157 212
304 216
369 107
316 45
78 151
111 252
235 55
42 369
74 323
123 18
149 21
60 88
368 277
344 90
30 16
222 248
224 4
238 66
120 395
352 259
43 161
164 61
373 131
51 66
343 86
245 124
27 17
300 218
152 297
366 55
97 39
352 120
103 295
141 306
367 304
294 374
255 155
115 363
177 354
359 102
138 70
98 103
100 300
49 19
23 54
208 378
87 330
319 69
151 241
66 302
283 286
34 299
107 328
33 168
323 198
251 288
199 247
71 88
196 91
109 152
178 225
290 182
38 13
383 145
371 133
160 248
64 201
360 37
53 45
81 9
239 21
305 100
35 252
360 97
351 288
38 44
252 269
42 113
208 228
372 146
304 136
268 37
226 86
28 168
80 270
200 322
136 162
302 87
81 26
184 231
9 225
159 275
377 127
57 13
218 4
227 44
16 158
329 169
52 247
242 89
48 79
362 247
292 33
375 12
229 228
172 382
373 368
331 114
110 395
277 304
231 144
302 290
73 330
12 40
331 114
302 155
122 147
170 267
229 374
110 232
196 143
391 378
136 67
64 173
205 100
162 28
381 75
138 184
350 385
121 230
43 266
53 179
33 383
156 244
96 38
344 110
1 111
14 302
374 269
289 199
364 16
324 246
126 251
268 179
292 71
3 70
120 307
217 20
73 326
325 341
344 131
250 114
240 376
100 80
195 67
226 52
271 176
61 338
191 115
54 246
61 95
47 254
182 82
223 258
246 381
169 353
323 339
70 105
277 333
62 211
2 71
54 24
120 123
356 116
372 376
174 118
175 30
384 288
88 169
172 34
253 184
107 317
291 265
354 103
277 386
288 394
200 14
147 216
269 211
315 288
128 28
310 54
30 200
74 130
355 94
226 71
385 154
79 190
13 153
128 46
195 45
317 378
73 77
236 120
81 285
374 346
168 357
4 378
124 192
291 198
395 387
22 246
358 8
331 278
36 7
22 276
115 384
297 328
201 247
293 43
153 380
346 37
33 374
122 199
175 395
348 113
228 78
237 98
353 134
80 122
174 263
278 269
106 224
313 326
252 352
258 325
167 21
298 103
237 34
110 176
250 349
235 72
1 98
361 15
37 359
389 270
333 254
278 92
10 368
336 297
165 268
327 379
49 28
251 242
32 192
82 298
386 393
212 392
388 368
258 150
144 267
134 102
14 280
309 57
341 163
357 201
15 72
208 187
340 161
348 288
385 300
344 346
260 251
357 363
86 148
142 72
357 233
310 333
349 50
397 363
371 150
142 188
318 41
280 199
50 287
375 15
10 63
254 575
162 340
254 222
315 232
0 169
97 129
118 126
135 231
386 237
396 56
386 252
78 216
283 186
330 264
274 128
110 385
330 118
272 349
39 78
167 371
369 161
7 365
180 37
170 23
52 328
42 359
350 268
27 99
250 63
309 115
29 245
383 276
394 340
151 214
280 364
318 291
159 369
320 173
156 230
321 370
260 120
83 254
150 84
260 158
136 310
212 316
323 47
133 364
11 290
267 114
134 59
291 253
271 92
271 228
370 214
63 268
7 352
172 243
252 375
77 396
218 307
333 391
74 241
