3442 64
3203 1951
1752 3070
3104 2404
2632 461
3204 3241
2644 1392
1202 3271
461 2571
255 1602
455 3269
1207 2280
3329 217
1616 689
2713 237
743 2438
1686 2974
3158 414
2732 1087
359 2149
1689 1112
3042 1268
553 3274
2264 1066
3025 1598
496 67
1358 956
1144 1518
1248 1212
3141 1284
694 2916
3076 2280
1604 1647
2733 834
1491 2001
2419 1489
2619 2243
942 1636
2275 2459
881 2348
1106 2859
2390 9
3426 3087
1939 204
2957 3408
1549 222
2301 1672
765 1039
841 1220
124 676
606 409
2403 690
1304 2890
798 3229
1093 3407
902 729
2712 3456
3155 2445
2064 2734
1913 2522
36 2919
2667 766
943 336
2741 3475
3208 1775
2599 454
1160 1907
2115 229
2081 3270
3372 1434
3319 3101
1686 17
715 3479
1490 490
1647 1232
1365 3103
3408 2513
253 3085
447 2665
2281 51
1799 2082
2718 2151
1289 1010
2784 178
2670 2766
2615 911
374 1290
3195 2376
38 3379
2290 3336
1103 721
16 929
2538 2932
3382 2706
2849 1127
2732 1637
36 1044
1922 2952
421 2635
3270 545
3146 3229
2251 1276
681 1805
161 13
2602 536
2385 2700
81 1994
3290 34
3118 2493
1562 2893
521 1941
171 1163
840 1509
1941 3208
1533 962
916 3038
1803 1785
2559 154
3336 808
3305 2278
647 1366
1930 3493
639 155
1394 56
1924 2137
461 1879
1112 196
2737 2327
1103 3365
3100 151
748 338
3371 817
1807 298
2117 2257
2071 1200
519 3465
1129 1113
512 2840
195 1660
280 2525
904 1831
2262 2811
2621 1808
1787 599
3369 3253
327 382
30 2088
198 1262
3323 2638
112 2796
2511 2620
166 3444
123 1890
2085 1908
713 2856
3365 854
2229 58
2435 354
160 760
3464 541
1509 119
814 232
1440 1952
1550 3156
951 526
836 1791
1427 2558
1474 2193
1359 2752
2048 1086
1295 2476
1425 1867
2192 3012
275 1355
1682 3097
3017 1495
828 3133
222 1922
649 1577
2298 257
774 2319
125 1139
3211 2095
1176 1753
3107 1818
2549 2805
1915 36
843 2928
397 2629
326 1166
2742 2027
605 1718
1846 3254
1253 815
521 2552
263 295
2433 3256
363 2963
3367 822
256 440
259 2966
2659 1693
2561 947
1296 2413
3260 271
1648 1792
1640 1389
1669 1722
67 790
3256 708
488 672
2049 2164
2784 177
2138 3023
2220 820
2965 1562
3005 1843
1248 1003
647 1574
2991 18
1564 1908
1241 816
1781 1588
2880 1551
222 21
48 2864
1547 1919
3142 2626
1195 1326
2518 928
1437 585
1004 979
687 1142
2727 662
2963 297
2880 431
3138 194
353 975
779 2479
2859 2385
1761 1827
2687 287
3421 258
549 378
3450 3347
1663 2269
215 1509
1800 2495
3379 81
2868 2622
1728 447
1225 2579
626 883
3184 2712
180 1928
1030 1407
2494 1401
2827 890
214 1660
408 1912
2304 2905
2725 2287
1332 2791
2510 73
1671 670
3215 2960
278 1973
1111 2836
3268 2750
1550 63
2012 817
2220 375
1306 1186
2458 3304
2286 1227
535 896
1966 2734
1824 2513
2778 683
173 3131
1531 3119
2732 1939
1922 3234
345 2056
3108 2459
2071 489
413 2786
2125 1575
760 901
1066 2625
2990 2952
3043 506
2488 1340
2812 2312
2077 91
942 2815
3401 1482
3103 1012
2919 1935
2584 1224
1433 3166
727 3477
401 2256
1406 2545
1770 3072
1213 2914
757 2239
2456 662
3006 1714
2817 1179
1795 613
0 3031
1571 794
1100 98
2077 2872
2895 933
1236 580
31 1392
2851 2843
647 2399
626 1418
1817 2015
1807 2339
3329 2679
1320 200
1724 2234
1462 910
1612 2949
1214 2847
3307 246
381 893
1708 3465
497 2372
529 2001
916 415
391 1234
1165 1492
2276 3094
449 1413
1923 3327
1153 1382
1727 2250
1345 3321
121 2542
2918 1266
2376 607
677 2633
195 2069
396 1857
778 600
270 315
1063 459
1871 3360
1200 2950
166 3000
693 1277
810 1856
939 2558
308 1439
1172 1142
795 2245
1175 2313
47 2857
1837 73
2052 2161
866 206
1035 2452
2090 360
1611 1408
2396 972
2926 617
1112 536
863 3251
2604 1658
2216 288
1325 93
1448 118
1025 1465
2195 700
2765 3097
2582 1647
2594 1398
970 1349
729 2382
3387 2274
3343 2290
1445 616
1123 2813
327 1405
771 2375
2228 2231
1651 135
2978 1376
2824 3110
3407 315
416 2516
3238 2964
332 3437
2068 1451
1627 3432
1341 2208
2195 3072
1820 3372
3279 360
1280 2060
1722 2325
180 897
726 232
2881 2759
361 3337
2133 530
422 412
1920 3318
2689 474
2844 854
2349 2384
970 57
1347 2536
1242 1923
2343 1454
1960 2111
2663 1947
2560 998
3343 3336
41 211
2124 2765
1144 500
1030 1268
1364 1274
22 1149
1786 2678
2694 3417
741 1082
595 1209
68 1834
1744 2149
112 1150
2568 2481
1625 3405
2470 3446
2730 2696
738 1206
2001 2047
841 507
3497 3409
3137 1559
2966 2626
3403 1574
3228 3053
1806 3356
2448 3196
2493 1934
1460 58
1790 691
906 2399
2098 792
1271 2439
2401 445
2418 2144
1662 2690
3492 1802
2588 628
1677 2483
2083 165
2777 1360
3086 1319
1464 2411
2787 2544
679 449
1570 2386
3007 2860
2171 2472
3381 2614
1306 2669
1917 1030
3273 1638
2613 297
3321 2906
1658 3388
467 1760
1661 3177
2750 1490
1819 576
1389 2621
2691 1677
1002 1094
941 3463
1699 1464
3432 523
1854 1411
634 3015
128 2509
2408 2226
2626 203
1941 274
279 209
2764 3218
1682 1623
1410 1866
1196 1456
2262 964
1676 1922
2511 1709
555 3142
1520 1917
695 674
1875 1691
788 424
2477 3106
1801 3455
435 2801
782 726
189 1658
282 1953
2027 2042
2676 3208
3081 1964
299 1778
1477 2233
2826 1315
1012 3288
2579 1794
3006 2404
1067 2927
859 2315
108 833
2122 1268
3108 520
2410 1993
2014 2629
2492 76
2692 2307
1471 1856
2902 2478
1823 877
1425 1867
3218 2388
2928 2876
114 924
3457 1898
1591 2435
1626 2133
2097 2732
3394 2123
3297 1223
1806 3469
3144 3395
3352 539
2302 3333
3483 271
250 2590
2855 170
12 2246
908 2847
488 2136
942 661
1901 2212
3446 2400
1781 929
2160 2775
2619 1113
254 1381
224 1196
1649 1921
2276 957
680 581
2473 159
1457 812
198 560
129 2112
2614 1163
3420 2076
2368 1596
1222 1941
2060 2978
3441 3460
2995 3074
882 2296
891 519
2363 2646
1158 1113
1875 371
2952 3406
994 925
3218 504
2957 1674
2918 1674
1550 3494
2874 1435
3193 1672
652 2377
1313 1937
1355 1237
1890 1174
1929 1447
405 2508
1196 2998
435 1601
2872 1216
2368 2496
2050 3493
3230 930
2740 313
158 1885
693 871
2738 2446
1212 2619
2430 1928
645 3040
2274 3476
626 2629
244 732
2126 2123
1584 1375
1196 1189
167 3227
3468 3123
402 2358
1478 2067
3260 1283
310 1221
2539 523
645 171
1981 904
918 606
1674 889
1507 2105
599 2014
2059 272
2309 3351
2884 404
2972 1609
2461 1466
3388 1829
3406 1673
1117 2506
2765 1214
2463 2821
273 1415
788 1216
1390 1328
595 545
275 1214
1183 145
768 989
1448 3370
276 526
1271 3069
1744 994
3239 836
3459 3322
741 484
2549 1265
1230 3411
3063 3395
2111 501
893 2060
2019 1677
2962 313
1951 2231
909 1386
512 3178
3045 2830
475 2968
460 696
3069 1525
2401 744
1867 1326
3024 1949
2284 774
2531 1633
677 1252
598 2460
3267 1260
1197 2865
2548 2483
3214 2504
1489 1098
258 3293
2972 1030
820 1782
1941 180
2949 1825
1919 2536
1156 2532
997 2428
2094 803
2899 2219
2486 2322
323 267
1027 3400
985 292
198 1138
1627 383
2603 715
407 664
3065 90
2443 1812
82 1589
1102 1662
2986 782
1433 2113
823 2917
3453 99
3177 2788
848 3329
1140 580
2623 1088
3282 2867
1562 2104
653 275
608 2160
1975 2163
3243 1053
1316 2089
2152 2160
2265 877
443 515
1802 2628
229 3028
63 1381
3400 3031
716 1809
777 1781
1167 1701
1818 285
2711 1735
890 3303
1317 3437
1992 3348
1812 797
3216 482
231 479
2177 92
887 1940
2266 2526
747 3117
1812 1407
380 2524
2904 1184
1286 215
2243 3395
997 1900
2250 188
813 700
716 3468
2680 2357
2987 2823
86 830
954 568
3179 2525
654 1233
1751 949
513 3112
1743 1297
3060 1166
154 2274
1077 1318
491 1129
2099 1417
2253 2505
3286 2050
1538 3280
2276 1153
1471 3208
1279 1918
3433 2410
149 520
2965 2831
1553 860
2145 2960
512 237
2445 836
3012 500
798 536
926 681
1010 2910
2142 1120
1666 2467
620 2455
958 980
2902 1886
333 828
248 1321
3002 1073
886 2819
2170 2392
940 678
1417 2291
12 2119
465 1446
2350 2835
1144 2181
3452 1797
1354 2262
1438 2492
658 1990
320 801
816 527
1383 3239
129 602
2694 2337
2395 34
421 1276
307 2077
2849 3011
2380 2550
2512 1277
2750 1405
552 1119
2048 1184
2483 1437
2529 2758
2285 1107
1401 1778
789 137
580 774
2771 1723
523 709
2979 1625
1798 244
1695 1399
475 65
1891 3021
1558 1214
586 1554
748 3494
1934 2335
3025 1709
1137 1046
3372 2278
163 3048
2741 341
2059 2105
458 3027
589 828
1081 1591
2207 2111
711 2431
128 369
2854 1392
278 1290
2240 1987
1320 56
3251 2621
1412 3120
1557 3018
1468 1761
833 3071
2576 2785
3413 1033
84 948
335 3430
795 2760
2551 1563
1162 863
1127 324
997 2400
746 2124
2808 113
1774 444
1863 137
1477 3220
440 838
1264 1972
1813 3293
2339 766
1063 1003
1285 1806
3224 2297
1479 466
614 2224
2036 1384
765 3292
2297 1129
7 54
1324 2829
808 3091
2423 1325
3244 3300
2469 205
1109 73
2860 1272
466 3151
47 2829
1598 2739
1860 320
2412 2688
1579 2710
2287 328
1677 385
693 3455
2595 3104
492 1237
2759 2744
620 347
1525 673
2954 3460
1177 2456
3487 1214
1113 1105
822 728
1837 2596
2139 23
306 2429
199 1739
191 898
1897 663
2108 3245
2328 3236
674 839
2739 2299
1801 136
975 2858
3412 1897
2307 682
2218 1585
2506 1399
3430 2151
3131 3433
1978 1452
2777 3394
602 545
2311 676
2619 2285
198 954
2575 35
3462 3207
842 910
2931 256
1083 3064
2425 240
903 3217
1647 1830
152 825
2701 3213
1863 642
3354 435
2790 701
2720 729
2412 3034
3335 1275
3290 2523
1317 3057
3139 31
808 1773
1826 781
1943 1948
2512 765
1194 1249
893 2945
701 1629
432 732
2560 393
43 1308
1080 1057
2166 1930
220 2222
691 956
1066 432
1003 359
2665 366
3279 2772
2653 3266
2773 2625
1641 2408
779 1728
2622 2483
1503 1263
3076 1033
2454 303
794 2873
262 600
1995 2387
2639 1518
1244 2659
865 2555
2886 2266
472 368
1148 2614
2374 2109
1522 1660
1530 1970
389 2045
862 2756
2799 2135
598 2497
2379 3270
1584 2256
3262 3383
905 2945
953 2831
1418 825
1131 205
696 737
3103 12
3118 2282
1011 1433
640 2802
3017 329
2102 1162
1567 2141
2487 1879
562 3042
576 2846
1475 285
141 1572
1249 1265
1462 3067
1684 2396
1492 3073
3 2643
1078 2967
1578 1758
1131 2833
134 3053
2030 3065
257 1697
2286 2689
1292 2070
1353 995
2596 101
2843 1516
1201 351
3116 3220
1913 2330
1198 1022
1480 2613
2474 2140
2417 1235
3166 2998
814 147
3196 3269
194 1603
262 486
2272 434
3457 997
1711 992
84 3216
1765 1574
1889 2700
1422 3208
2412 392
205 3328
2402 3013
2762 1364
1574 1911
2614 3240
2138 1578
1072 3121
1039 1051
1351 1846
1862 3198
338 2162
3091 2777
2728 234
2090 420
1259 109
3454 1529
3082 670
289 3242
976 2998
997 546
941 1144
3141 408
241 1282
2549 1440
788 390
780 2180
2288 3445
2169 2783
1046 1239
1409 474
3484 1850
2794 2163
1048 489
1848 2975
1042 773
153 2743
3053 3159
529 1112
1659 1343
2729 2264
2488 3450
481 1193
988 663
2040 1465
3340 3293
850 716
1161 2453
3034 1159
635 542
2607 1081
2118 400
1662 455
1890 1144
2257 1557
956 2814
2210 756
2794 2185
3283 3072
820 96
2886 348
2410 744
3127 3345
2398 3177
1265 1456
2270 49
790 3215
3235 2255
3186 3230
1665 2853
1903 1974
2015 2467
2720 296
863 3457
2224 1418
3215 999
2930 836
839 363
2250 1940
2235 2223
259 1611
1750 742
3221 660
2421 159
2891 2316
1561 2473
925 2141
11 1421
2608 2151
1486 3240
62 1805
3125 3392
741 72
2212 2252
1888 1108
2580 1993
2545 3367
502 3097
2779 1974
3119 3211
20 1796
3387 3135
2608 194
334 3412
1888 1570
3400 2379
1585 2955
3421 2908
822 2617
1452 25
2973 1206
1569 2283
2418 1678
1375 2090
529 3233
2731 1115
1182 1087
3355 1045
2256 2831
1487 2185
1770 417
1249 351
2779 2638
313 2298
1417 1023
204 3016
960 659
1639 2980
2750 1070
2048 3489
1103 3047
2544 1560
1607 576
52 3401
1472 1029
2249 271
1590 235
1124 806
674 2136
2672 3095
366 133
1555 2551
1919 240
744 1876
1250 3111
2730 985
1109 833
638 3049
877 1660
3098 2464
1197 2065
154 2134
3278 2393
1613 517
2807 1192
1194 1450
858 636
2562 2731
3136 2131
3237 1608
2945 1295
3348 2992
2626 1440
33 2511
895 795
2086 1858
567 1602
125 2575
948 859
2426 2120
990 1259
2119 255
899 2784
1784 2744
224 3210
742 1303
2027 1795
1487 888
1952 1991
2365 2785
1258 1777
908 2699
2346 3204
434 1605
804 1260
1224 795
1055 1795
1987 1611
3020 772
1398 2438
2447 2976
780 1801
1732 1802
2338 1695
21 1922
1194 1627
1465 1981
2719 1483
3274 3355
2061 2681
3464 1261
3281 1838
173 505
750 2517
1446 2585
1431 1157
1228 2386
797 1731
565 1846
1214 2471
2265 345
952 1686
2504 907
3440 2946
1578 2995
298 1738
822 445
3361 1300
1614 1482
1604 2598
2571 2091
1816 1849
996 3426
2951 1769
2557 3428
295 1049
2226 3456
1559 866
1855 3017
594 1924
663 2916
1068 917
865 645
3491 2243
904 989
1605 1533
2930 3473
733 2014
3208 169
1532 3345
1240 440
1252 2513
278 919
1495 1381
255 961
2926 1185
2721 1843
13 517
3273 2389
988 2849
1487 3282
1541 1798
2171 840
2657 2311
297 1400
2165 3337
2138 805
609 139
2619 2331
3428 2429
1027 2684
1911 724
592 499
196 2678
2891 3145
1015 492
2733 553
3088 2910
2299 1279
88 2102
3222 2810
779 517
3360 404
1275 1935
2771 1327
3298 286
2639 1637
806 3071
3068 508
2317 1997
1858 1424
1193 2174
2304 686
3370 3440
2645 3000
3115 73
1073 2791
400 3464
801 2156
514 49
1238 715
1069 2575
1604 237
570 2256
1500 1062
437 161
2230 887
3389 1832
957 1638
3008 1629
321 1304
1878 2317
728 1091
1546 2854
2913 2518
2885 1572
1350 159
1178 2856
2324 1788
384 2704
3333 2141
1574 2319
2816 2713
2764 2331
2312 1999
976 1880
3139 2154
1276 2867
1977 954
2708 1300
2825 2806
3476 418
577 1459
2295 790
1621 2569
1115 119
2495 205
117 2281
2218 2512
3146 237
13 555
2379 833
3180 3116
3246 3177
1988 1125
3101 1233
320 1080
3105 1125
3456 515
345 2584
167 1969
1988 810
1678 1607
3438 2054
2138 2457
10 1963
2231 1949
3109 1081
2271 255
2999 3404
1659 1558
663 1618
1894 1855
1657 967
187 1332
1836 1831
2688 2372
1723 1399
1365 3305
2485 232
600 63
1996 2684
340 177
567 1627
1800 1002
852 2648
2124 219
1285 3318
2744 1172
2498 1462
222 2980
2389 518
530 977
543 3474
545 9
582 2247
2842 1916
157 218
462 451
2451 3304
2256 1671
2572 1729
2128 1603
2874 3053
1884 842
2776 43
3348 1237
1690 2761
2204 805
2672 2533
1634 526
1389 427
2754 1477
725 3176
46 1388
226 2007
2005 3391
1536 931
1347 734
2100 732
724 3258
87 2242
594 1862
480 749
2019 1704
2015 2303
2768 724
2387 1345
595 1325
591 1337
2815 2602
2897 1240
3433 2069
683 2833
1829 3296
2346 206
1840 472
2541 2767
3444 3143
1428 3129
1810 801
2288 808
2067 1280
18 2833
1486 3057
2751 395
3243 1299
1122 368
1576 1331
3226 1409
1573 237
1408 1736
2370 3335
989 250
2318 1253
2532 1497
361 869
462 1627
618 1604
3191 2398
3165 301
3130 2356
3252 2062
1387 1231
1873 1198
3044 1649
229 546
458 265
768 3432
3193 3495
660 3458
3310 330
2816 1260
310 490
878 3470
459 140
2926 2380
52 1138
239 879
1190 1059
3195 1529
2390 15
1095 3278
1543 1333
1757 1643
369 638
2789 1240
1524 3368
3076 2441
1187 2447
1143 2832
2052 623
3373 2635
352 907
2027 1574
3369 74
921 1797
336 1377
927 1069
1005 1929
406 908
2014 2103
2826 929
1272 2146
1887 3213
1397 199
3029 1276
876 1212
740 946
2639 708
846 1935
3030 2472
960 2214
3325 1504
1311 3122
2927 1180
3001 2438
255 3433
2859 1291
1688 1572
2184 3395
1482 1354
3395 1213
1077 3287
1657 1469
932 801
718 2879
1507 2480
2282 2888
3061 2356
1865 1240
2209 1247
2540 3017
2589 162
2296 1569
510 1298
0 1753
3271 3020
3054 1316
2281 1795
2407 1667
360 1670
952 1125
590 2122
1558 2906
3465 3237
2634 2800
823 1349
2279 1139
1900 2108
3312 3495
1421 3453
789 517
2147 297
1534 1147
2766 2980
2023 1964
3290 1859
784 1500
2117 1847
1392 2376
1909 3275
2310 2343
1633 1382
988 450
195 956
3372 1858
2496 1705
482 2223
1356 2545
2479 2712
3442 483
307 730
2407 863
3154 3110
799 1010
565 136
2112 2186
1285 2514
2011 1227
925 2074
183 2818
252 3268
3473 185
1871 2924
54 3144
3493 3333
2003 431
1965 1751
2870 760
2565 1538
2551 75
2524 560
2134 254
2335 2544
2757 663
2001 3041
2231 3483
1544 1047
443 3153
1613 324
1038 1310
3435 1524
1979 2348
2069 1171
1384 1537
2150 1045
2959 1319
689 248
1065 94
427 157
1872 551
132 45
1795 741
496 66
1746 2170
2990 847
1659 1510
1346 2888
1276 2759
2889 828
1349 457
3281 3077
2402 3398
541 2258
2654 2340
3182 1401
1926 1026
919 1210
937 288
795 449
1585 1543
1192 2368
2730 2514
434 237
1096 1143
2791 859
900 2537
3294 2404
708 2271
1686 556
1616 550
2140 1808
1436 2573
3169 1946
914 3282
3338 2472
1322 712
2959 1232
3167 2444
2747 1316
2958 1257
322 3387
293 2794
945 2412
469 750
1010 1490
344 510
1920 3482
1446 2499
2198 2183
2057 1650
2773 3247
2972 2130
298 3022
1361 1690
2276 1883
1502 2600
2902 2946
1197 3066
2977 291
1141 1031
541 54
2917 1378
2472 868
648 1288
2511 769
2967 3208
1568 883
3363 2948
1461 1343
736 2338
2435 3392
587 581
952 2081
2048 3446
3239 2820
1139 3019
1305 1586
160 1895
134 741
3067 1709
887 597
3415 2383
2814 1778
1831 91
1136 835
1609 77
2442 1742
3315 1902
819 1676
2629 1042
2447 600
93 2190
204 1106
1148 33
1199 2177
185 205
1922 3087
779 709
1169 1066
168 986
1659 2142
64 139
1938 1424
1421 1538
1963 1222
3012 810
3053 1073
3126 614
1629 1088
615 1904
843 1856
1491 840
384 1295
2015 252
2287 1462
3422 293
1535 1043
2076 1784
2414 381
1869 1218
3329 2956
371 2590
1908 3248
1742 2306
3341 1430
653 3116
2645 3230
1150 711
3022 2580
3160 3113
1045 726
3209 2865
1587 611
766 2476
2556 610
411 865
3155 486
2759 1729
885 1326
2817 1571
3239 336
2571 477
3482 2787
940 2929
2243 1659
2793 992
1494 795
2933 2686
456 3289
2193 487
1566 3404
2475 792
2260 1843
755 3469
1384 206
411 707
3003 3063
340 2351
1414 420
3107 2019
691 2604
2823 133
3456 1591
2814 1318
2428 2758
1134 1304
1793 3004
2557 3245
845 324
2228 1152
909 3052
801 2742
461 1939
3045 2677
2241 2591
2137 1236
3490 2578
838 2860
1049 1476
620 595
1469 2350
1900 3357
45 1001
2421 2855
3411 844
569 644
680 904
2441 2198
1345 3124
86 2069
2795 2222
1508 3245
2553 3430
909 841
2918 1392
263 757
2934 620
2288 1356
905 3370
3323 2447
1215 2696
3483 1479
2348 1122
1336 98
3220 993
122 2125
715 1500
1934 1217
2423 1759
1112 2128
1486 317
155 1591
484 917
809 3291
1334 1365
1099 544
1233 1024
1213 1334
2418 3399
1282 1847
2481 691
2366 2755
2055 1669
105 1844
2816 3250
2425 1445
1555 1130
1908 413
2978 3141
2720 2704
768 774
2665 631
599 1920
2417 2154
3010 1545
1943 1723
2197 878
1985 2969
1069 2357
1495 2423
1789 3367
2761 991
1427 2583
1259 3456
12 1815
2888 3308
2467 1835
1677 727
2927 3279
767 1761
1884 294
2579 1222
167 905
2483 1668
1725 2213
2794 1553
2229 1686
1134 792
2639 2637
1890 1743
902 2296
2066 2291
2047 2841
11 2252
2040 906
1180 2928
695 3485
163 2555
1470 541
806 2084
1569 2931
1281 2595
108 3014
1804 1910
2015 94
2870 1523
957 1200
2098 513
1315 77
2311 2707
770 3320
1435 74
180 2690
3145 2538
2625 565
1267 2213
3483 409
1055 2408
3391 316
1582 1823
2007 608
284 1595
1139 2650
1419 526
589 2646
633 547
306 1538
1085 2629
3255 1469
1966 399
3449 1026
2305 1871
1072 470
2610 2644
2996 2219
1357 1137
1290 834
2494 27
3263 451
417 2262
423 1548
1882 3173
375 2128
2178 168
1452 2023
2419 3332
3024 552
1641 274
2440 1570
2121 360
2237 1364
8 3137
1274 1548
1141 3492
1442 1951
2273 3377
1213 1883
3432 1612
1481 1905
841 158
771 1086
138 1982
2357 1083
1906 2389
2327 2837
3120 1755
1142 23
3172 1119
3269 2322
2214 617
730 2401
287 854
769 1359
288 816
2088 555
2183 3041
2015 3188
361 727
3161 3158
34 870
2108 272
1942 3214
3121 3407
3437 1587
1427 1512
3111 2570
878 918
982 491
2989 429
3243 858
1449 1331
1275 819
2193 572
1510 566
1318 1421
677 3367
1041 1097
501 3416
2156 3381
1013 3465
1434 2398
2546 2920
2374 1846
2867 2470
2482 819
1159 1477
787 600
877 2378
2901 3410
3143 3136
18 1330
920 3262
2924 70
2388 3473
2730 1473
1231 1908
1572 1841
2209 743
2479 1812
3209 25
2140 603
853 382
662 2340
1210 2752
1087 1866
2222 64
2724 2687
218 1069
157 326
543 1526
988 1750
577 3374
2290 884
2686 1194
2088 1449
3413 538
779 3012
414 1568
2747 2100
2818 1646
2019 3040
3161 1702
2925 977
1520 2281
2070 1297
2274 2602
1288 1481
2247 2194
3492 1283
503 809
2413 341
2114 2882
2202 2586
2468 2723
2393 363
1812 1088
356 2989
2282 1167
2052 355
2610 330
1193 519
3173 2606
1836 2546
950 1519
530 426
3446 1064
562 3487
693 2401
2091 1717
3261 1448
3204 1066
2285 590
1019 604
1755 2623
437 2830
1611 2668
2439 248
940 901
96 577
714 3050
1219 1029
2174 1184
12 2960
1985 2071
3404 1970
2011 522
1584 2825
1229 392
1160 772
1447 1152
644 766
1235 1491
3096 3377
1047 839
2946 1665
1950 2448
2113 780
1158 1041
1718 2667
503 1456
1942 1019
1028 1434
2662 2459
86 1357
578 659
1897 2468
3226 3186
1839 819
1576 248
2718 2181
1664 1278
2318 1583
3478 3184
3464 1654
1416 1753
1338 360
996 2294
2822 1307
2781 1637
259 2363
2003 2152
1863 539
762 2403
1259 1368
2758 2387
305 846
549 2766
1756 3104
3406 2596
1399 839
767 2754
2851 2494
2400 346
75 33
2425 3203
3386 577
3201 2988
736 2628
1028 1593
770 3094
2812 717
1016 1375
821 47
301 2451
1871 1419
2362 3013
2834 58
189 364
1312 2571
618 2861
3395 3440
1639 2194
2697 133
2719 2699
1336 955
2217 804
3144 3138
1187 959
3073 561
275 2296
647 3015
1067 771
2113 2860
3297 2165
2813 457
1470 1687
2173 2113
35 3047
1211 517
2902 3361
2411 1302
671 1704
1091 3410
1519 2738
80 1053
126 1915
2503 2712
2841 997
896 17
2071 1584
3066 2348
269 3449
1513 2385
570 3041
2310 2198
712 1601
492 2658
2317 3468
2828 2430
2614 761
1318 387
2457 1891
2847 1732
2676 1840
128 3096
1426 3342
3457 309
3318 2233
1931 3166
115 1994
2640 1238
2937 2156
3455 1450
1438 585
2521 164
501 172
3008 2479
3045 2958
3343 2580
3248 307
800 587
1626 3259
2444 2762
3497 1211
1494 1202
1878 463
1899 3156
3425 57
2181 2495
3263 1079
1952 446
2476 2245
1489 1204
2922 963
1431 469
217 1251
1692 895
1136 2120
2984 1809
2849 718
1057 3285
996 1932
2099 2109
3328 368
1881 721
2503 2259
78 3255
744 62
181 1959
1446 473
18 1242
927 2951
745 2303
156 1879
2021 2425
3416 598
2851 1949
429 869
2650 875
3214 3418
1675 2459
2731 2290
934 2859
2599 2879
2840 1548
1004 2657
1873 3359
70 3291
2237 1669
109 2649
747 62
3393 1032
1449 3083
320 1005
2123 83
2795 1198
1016 3054
2527 691
3186 1170
726 1227
2379 2742
1390 356
2152 136
2842 2500
3286 2926
2388 469
1285 2541
3352 799
3009 1258
1498 1982
1329 246
2319 3113
2230 1574
1554 1069
2456 1972
890 1678
3093 2206
3360 20
2606 1101
1287 2166
2612 381
1920 1193
680 1560
381 3007
94 1936
214 1271
785 1307
3358 154
747 1542
3296 1260
2541 3442
2125 2521
2602 127
1779 3458
2837 2846
113 3463
1861 2771
2790 3172
2624 1285
320 2461
2184 858
3173 3055
243 3098
1128 517
1051 2331
834 2368
2793 2186
2645 507
198 1291
1835 834
3483 2460
992 1385
1207 2512
773 2113
1137 230
2789 365
3060 3232
1354 300
2258 1211
613 55
2908 1257
2984 1604
2812 2002
424 1513
1702 2095
2335 3120
2349 1694
112 2104
2258 1587
1926 2206
1374 2985
2608 2829
2253 2157
1590 2364
3068 1094
2945 2407
276 2799
809 1385
325 485
2764 974
3429 1554
91 767
763 2156
3229 391
2684 2509
996 593
1 2917
137 944
171 938
564 808
2259 2880
1956 174
2606 970
517 1468
3453 783
2531 770
2371 1458
3476 333
2684 2498
435 1842
815 858
240 732
984 1530
1436 1995
2551 3422
3417 1652
1640 2063
1599 1415
1179 1065
1173 1099
2196 2817
1027 1850
525 1764
1510 1597
1345 2332
335 2878
3386 2485
3097 1837
604 605
2085 532
467 1118
292 1120
774 2825
2388 358
2785 2453
3125 859
2270 341
2827 5
1098 2831
1528 3358
915 1234
3119 2214
1925 1151
884 1325
1736 2224
2916 2858
733 894
1766 3340
2047 2461
772 2600
2566 2486
2028 608
2647 609
394 3255
2550 3457
1383 526
3379 2773
1368 2371
537 1732
937 2380
1702 1461
2313 2050
2909 2918
2239 824
1041 83
468 1996
3290 3080
2419 1382
2906 595
398 1981
1830 647
1370 415
84 1327
3083 928
205 1303
3031 2922
2388 371
2925 259
3141 2901
2390 1256
1209 747
2846 3435
1507 2750
2881 841
1496 1621
3458 2087
920 1840
542 270
280 46
2606 2281
73 2649
2402 2759
2827 554
146 926
2511 2863
1507 2968
1651 54
887 132
1135 1149
2467 2221
2989 1722
1766 1448
2254 3006
578 1863
297 2129
2726 3351
1021 590
2523 2822
2419 1046
53 1558
778 886
731 1111
1238 1062
1552 2496
2613 40
3212 1226
1209 2583
1749 80
2232 1814
3231 2926
2961 2692
3204 2621
1626 3289
1610 2349
2587 1255
3310 3047
2671 1676
1614 1927
536 329
1863 881
1897 2960
3257 2887
1243 2162
941 311
3492 3067
1696 127
2992 2683
3494 3003
3231 939
2218 1198
2345 1470
2546 2146
1816 2350
1595 1206
1435 2574
230 826
2680 149
153 662
496 180
389 378
1464 2254
1410 1414
2412 2655
3402 570
1624 2904
812 2859
2787 1985
2831 1054
1531 1191
2203 741
2216 2857
919 780
125 1558
389 437
2752 650
1829 1489
2995 1671
1293 2699
2599 143
3350 2962
698 963
2699 1682
2090 750
1427 2148
1992 1404
1965 137
639 1738
420 2305
1204 3093
1637 3277
651 2763
1809 1403
634 2005
1100 1817
74 2570
2216 2070
3156 257
660 1085
2753 3052
2556 2227
3077 289
1286 2196
1255 241
1955 2785
2642 1591
1272 542
1953 939
3109 720
267 2757
3371 1238
2541 2890
2814 2878
3150 1866
3258 3198
826 1263
3167 2551
2728 741
3201 2471
1141 1415
2238 635
2049 751
1082 577
2937 1506
1169 2500
2524 1191
1951 2820
1540 3098
1134 2710
2132 2961
1494 542
2987 1903
2189 897
3028 901
2635 238
2277 2287
1171 1387
3284 1175
876 1180
2276 2856
961 184
1589 606
2844 1549
2066 394
2911 3355
2411 2039
2731 2817
169 1852
1676 2901
1970 161
2091 633
2715 3008
2996 2878
880 3124
1334 1408
542 938
2721 1696
16 2475
1085 2055
2745 127
2464 3209
2738 2611
2782 343
3368 255
1086 569
2016 820
142 2179
211 64
940 1643
1379 1429
2667 580
2355 1258
1477 1643
1615 2694
1970 59
2227 2155
2787 2999
1397 3443
98 2731
900 811
2458 639
572 659
111 254
848 1202
698 2827
355 3331
1172 398
942 986
937 2757
2733 1310
2076 3065
1645 668
1207 1269
3121 2188
528 2947
1312 760
963 43
2638 362
3091 2144
1720 3339
1220 3057
1455 2814
32 2393
1953 357
209 2079
2666 2552
1303 2065
1030 269
3431 612
117 1285
143 618
573 2606
2071 628
3164 2040
2709 2623
3097 129
41 665
1536 2453
1367 1396
2530 1679
753 2824
455 2612
1858 91
2287 1906
2985 1379
1757 276
148 1715
767 3069
3165 970
1064 1518
2638 241
715 1514
1701 636
3156 1989
2035 3105
1789 849
2905 460
1911 1393
802 2091
2449 1571
468 1422
3193 1466
2139 1340
1974 1001
3300 866
509 3124
2742 1379
2348 632
676 1305
1866 2150
373 2082
1652 3257
2578 1652
1590 1832
1698 449
1518 3304
596 1850
1874 2286
3091 1335
249 1919
398 599
2827 1185
1816 2686
1782 769
2481 3212
1514 1587
3116 1084
1241 712
234 2467
3181 1497
2511 1660
2394 414
3197 3106
1043 2694
2476 693
1549 1293
2662 685
2247 3330
3024 3176
2350 1204
2646 1986
1993 2825
758 1324
270 2455
2098 2862
2355 127
1572 1082
1555 887
3003 3383
3436 799
888 2254
3347 2017
1624 1505
144 343
928 2854
1456 1946
1206 2711
42 1580
3075 180
2805 2777
2990 1520
1220 2771
1738 3369
1699 2485
1566 3336
666 1252
472 230
984 218
1783 1798
1378 2323
149 1196
1948 3129
421 2529
3465 127
160 2521
2966 1794
1023 1710
180 177
2913 2435
1247 1615
2618 745
96 2019
2266 581
1839 712
2225 3013
2078 311
785 2117
1713 2298
459 3439
882 3191
708 2675
2507 1230
1499 627
28 204
1464 2650
2971 2409
443 2831
1054 3477
3174 1975
366 899
589 1257
1326 2158
2212 2251
1784 538
2800 2110
802 1083
1608 5317
2834 268
715 163
3197 2507
1271 2214
1395 2121
606 500
3085 711
136 2287
3444 667
1751 1745
1050 781
741 2889
1004 2720
348 1728
2533 540
2677 900
916 1108
699 2693
1895 3139
758 1250
94 1152
2880 807
1868 898
2628 3232
1841 2059
2438 860
1252 3453
866 364
2492 179
2041 848
2631 2299
242 1825
2786 2557
1498 2738
2583 71
1611 3221
1728 1416
3275 2070
1502 1194
2230 2713
1496 3285
98 40
1295 39
76 993
1110 3198
187 443
1137 1449
2343 1705
727 689
1872 503
593 477
2306 2428
1415 67
2013 1186
2304 104
556 1756
2477 3268
810 1169
3308 2401
2931 2598
2431 3017
372 1312
1735 3302
3043 3094
2398 638
3327 2489
382 1691
3199 2098
2979 1535
2184 829
1931 692
3111 1921
175 1159
2078 1775
219 1782
2187 1789
2847 2788
2951 732
285 2329
2364 406
2978 240
898 902
424 2242
193 2017
2206 3467
3392 1275
1608 2211
771 563
2535 1535
1486 1244
2521 163
1353 2417
3138 426
3148 1801
2334 3145
2212 2928
507 2040
2517 2105
411 1870
3000 2996
2879 3144
2228 2231
679 877
1524 2262
161 2645
144 2986
50 664
2985 576
1584 1599
148 338
2907 2414
1775 2581
2343 1845
2019 85
2574 1445
1070 488
2648 997
296 651
38 275
46 1007
2589 2701
215 2162
1577 709
30 2369
358 3070
774 12
2239 1712
2457 2082
3052 1060
976 3451
3190 861
1040 675
1706 1287
1657 900
2404 315
2560 1657
156 2821
499 2915
1342 2898
3314 4
2982 1295
854 1162
1122 463
961 1598
2505 2203
1925 895
3110 1179
1833 1835
773 1397
938 2593
2463 2021
659 479
144 1268
1617 199
1634 2371
1455 2997
677 3495
2241 1745
1510 963
2528 1945
1457 3398
1888 1337
975 3164
819 959
1274 2667
2515 20
1371 2131
3447 2139
1394 2803
1420 2107
1257 1656
3069 2553
952 3081
1346 3133
2557 3168
3330 203
3070 1715
1523 1368
2504 3274
80 1431
3243 2086
1509 761
2429 292
960 1813
430 2976
2288 2622
1638 1640
2034 610
1097 1541
461 886
891 1162
1815 1872
1823 901
1318 1933
1026 1674
3353 1319
1166 2869
3030 1421
637 1192
186 1959
1789 2291
2021 2709
1345 1953
620 2718
618 2532
2798 619
1725 2500
1822 1224
2784 601
3003 1215
3028 692
2670 2015
2709 1733
1176 3352
1210 2046
2676 3018
1125 2202
2488 3020
3223 169
2533 2924
1321 1445
518 1161
1194 1940
944 1384
3497 1429
672 2799
447 3091
1166 2603
2814 1685
2603 726
3401 3292
463 3411
523 2340
164 2750
2936 1189
2035 788
1027 3369
680 3079
911 1020
2341 2026
1294 1361
1604 2593
2922 889
62 760
2347 841
1993 1502
129 1804
1343 2313
844 2918
761 856
1299 2830
1626 1618
109 671
1424 870
3391 1053
1025 1364
2578 1539
856 580
902 501
139 1993
1318 2502
224 3061
531 415
3040 1236
2138 2510
620 2474
2557 1990
92 678
794 3476
3426 2314
919 1856
784 3305
3055 2662
1262 1077
251 1062
2290 2210
1837 975
1659 915
2670 1569
2033 1384
887 2620
2688 644
2389 1538
1611 1509
1041 3282
343 2822
1563 1883
277 581
2464 1115
3092 168
1520 954
730 663
402 2845
3347 139
795 810
543 665
1449 519
1245 793
1884 2010
1208 2238
3036 2904
362 1531
1238 2131
33 2129
1 2088
3262 52
21 623
3174 1556
1367 1191
902 3034
1129 3002
3163 479
1818 519
2827 469
2629 1785
1579 3132
3101 2247
1116 3125
868 3104
3392 859
2118 3489
810 2814
3488 1079
2709 897
2058 2845
3126 2151
2301 365
1418 903
400 1968
1711 3038
1657 1193
1420 2109
1346 198
1087 2088
1003 826
3074 3001
1451 1001
1350 2158
2626 2180
1060 515
198 472
975 1108
2658 667
1247 1963
661 3036
1612 530
3083 1549
2562 1832
1710 1894
1269 1411
1320 1364
1990 1421
757 1784
993 915
781 2839
87 985
2679 2311
411 2263
2961 2472
1600 2201
271 2216
2170 2941
3488 664
3462 1362
1001 1445
185 2470
393 436
1514 3429
606 3402
567 410
1693 2632
1069 722
1228 3247
1004 1276
778 971
1386 1524
3380 870
2798 649
2028 884
328 337
3334 778
1960 3155
2986 1484
1008 2648
1627 3065
3481 559
1029 1911
2784 2264
3227 2763
1513 1884
3051 2262
1641 3052
3299 3481
254 2120
658 715
804 675
1711 1370
3085 2160
2922 2342
760 4865
2738 3094
1621 146
680 3010
1731 1147
1295 315
663 2559
851 641
998 3343
318 88
3134 330
1362 2349
2354 699
520 1604
1705 1678
308 476
2688 2129
1819 1702
2781 3379
322 536
2033 2436
436 2576
1845 1204
3352 1562
1496 1854
592 1656
2264 1301
354 1437
2292 198
801 1737
1844 2449
1756 1074
509 1339
3175 3234
491 2473
595 3241
2543 3322
2533 2306
2789 1555
275 2487
1660 515
723 413
1306 263
1105 1774
1028 1868
3052 1661
947 684
2672 3088
2536 3272
2207 853
382 2427
2209 1679
2674 2913
2791 3413
988 2551
2457 1797
3193 1446
3012 1618
3064 2179
784 937
1239 377
345 1802
750 702
1061 2975
2135 1965
1578 3163
2555 426
1850 1324
269 3217
2709 3339
3041 1008
2214 1424
875 1207
63 1278
2697 3409
2723 1865
2619 1481
3369 923
3002 1632
2987 3446
2177 2151
2241 2544
3265 2409
1668 1789
1444 458
136 102
2665 519
554 1171
2202 3369
1762 434
1866 131
221 488
889 2404
3387 2209
3391 914
882 120
254 852
466 3273
454 1705
1564 2354
2443 812
2454 2105
208 2108
361 460
3358 94
867 612
2347 394
788 1708
3318 3310
2012 1678
1761 1843
2534 3012
3487 1601
3448 3217
2524 1362
743 2791
1962 2847
866 60
3309 1914
79 781
2675 1885
1382 2055
775 2076
495 746
1069 2835
679 13
3367 1219
1506 2771
2730 1579
16 40
851 335
2015 2231
3357 2103
1397 2132
3421 3170
3127 1487
798 1442
302 2499
2975 3225
1601 118
1866 579
1788 1730
662 1183
220 2473
1549 2392
2525 258
3156 1432
2861 3067
1637 2972
2710 2148
2712 1147
1707 1678
2666 1397
2267 2821
1582 1001
1296 2467
93 3346
2660 2874
1082 1915
574 2114
327 1726
992 2860
1083 522
3052 783
449 1438
3206 3368
1125 3122
2445 533
1851 3294
1946 2048
861 494
1574 1115
2190 880
1430 1980
3102 1022
790 1365
1088 2755
3083 537
3480 421
830 3043
2777 2357
1291 673
254 678
1083 2986
3141 101
3402 2748
96 1367
252 1880
3394 2477
3339 2796
1835 1032
1974 1195
1420 1509
2421 2777
1698 564
3086 3394
1653 1933
1468 2325
2732 2956
2683 2835
3436 1670
2844 3042
1379 3342
1990 3271
291 726
642 1378
1932 2574
667 1324
1347 3346
867 1457
2114 860
1212 26
577 1511
254 878
1118 1424
1014 2612
2672 3285
1539 876
749 3335
3448 580
2387 3213
2675 2131
899 272
3410 3360
66 1012
2352 1052
223 2324
583 3009
933 2357
2708 3432
2674 2593
2972 1243
1150 491
2075 1392
807 183
2898 1302
409 2047
1227 2518
1653 1977
1841 122
607 1010
2789 1758
3030 1081
2284 316
1430 1024
151 1661
3252 2575
1489 1987
776 2914
2437 3438
896 649
3172 2894
217 2456
3285 3495
1285 2754
3121 3184
592 2479
3001 1916
495 2610
912 1342
294 3256
442 2055
3234 1007
1245 383
2088 3187
572 2320
1393 1350
2454 388
491 3109
222 727
533 458
825 1356
2444 265
3060 544
1254 324
449 3261
123 1954
2889 937
2446 1185
992 1944
165 194
277 1324
3250 234
2724 48
1504 3344
761 2188
3462 126
1923 155
991 3391
3091 1500
3398 1146
1484 2803
3188 2260
369 2476
2812 2364
3146 2530
639 2860
1367 2665
735 2996
841 2442
2778 2239
