824 884
802 199
731 39
163 478
126 790
22 709
518 92
815 138
221 440
78 790
598 665
260 457
614 684
3 707
357 381
339 566
564 128
501 183
486 407
887 888
677 658
636 117
493 118
539 572
860 251
847 354
458 276
466 123
813 385
402 669
502 473
353 22
251 530
333 272
400 239
668 448
252 312
506 839
293 229
889 119
856 385
739 73
304 718
266 700
651 486
693 108
870 656
96 502
493 394
113 684
666 19
142 579
292 337
286 408
137 873
701 512
330 679
13 625
859 293
430 19
162 404
675 800
408 838
190 725
483 703
470 701
844 503
189 691
64 465
68 67
11 674
555 290
189 60
33 609
168 883
726 1
340 559
13 113
401 672
488 543
344 318
539 628
617 407
313 563
273 492
827 366
493 409
615 106
809 709
513 305
855 595
340 553
320 378
327 38
834 324
255 289
836 178
505 349
547 876
810 552
629 849
0 532
232 860
113 55
530 582
614 464
648 697
709 395
602 46
52 437
804 744
413 238
283 688
856 804
36 572
564 517
486 468
202 480
16 69
113 89
37 391
399 199
391 857
377 92
595 535
268 249
826 447
80 146
834 60
27 653
369 29
431 219
199 655
278 464
680 227
27 713
357 383
361 67
511 459
520 739
61 180
424 209
342 277
714 390
660 878
879 876
410 546
347 808
897 796
183 322
365 258
7 406
774 191
51 594
889 343
442 621
103 82
112 310
38 242
161 634
94 833
691 700
242 111
485 607
859 188
314 44
164 434
481 168
468 662
803 553
673 566
291 173
510 752
119 305
268 498
451 360
642 526
359 203
314 72
319 542
29 542
115 552
114 188
89 604
640 74
889 628
699 279
100 743
672 595
466 336
836 725
46 327
686 628
36 623
803 417
206 325
775 103
872 91
790 66
835 34
633 580
238 579
354 882
435 844
260 675
364 236
392 572
45 112
825 380
194 362
718 615
818 380
374 823
648 529
783 866
355 773
843 431
265 642
751 547
537 771
58 724
629 801
402 186
131 765
144 542
780 114
562 16
276 428
165 705
693 242
264 763
454 813
459 433
783 493
491 806
507 685
358 277
699 755
479 759
286 742
117 166
87 88
649 810
562 601
460 838
559 326
174 145
486 402
892 631
812 127
379 427
335 549
777 259
899 469
463 123
433 69
650 835
762 440
233 844
317 217
631 294
579 712
21 704
644 637
426 280
171 418
54 195
186 368
426 797
192 629
154 542
352 233
207 485
286 22
120 646
358 306
199 4
805 666
844 304
748 702
389 581
789 340
646 325
809 620
682 768
48 606
611 64
643 267
618 422
759 426
806 161
107 668
703 805
604 362
60 109
667 463
586 430
65 507
304 529
366 104
155 652
251 519
404 622
681 277
377 372
572 136
25 195
214 94
423 712
221 274
262 824
743 179
732 550
515 393
104 435
143 581
727 88
6 673
467 487
432 159
859 544
201 0
203 266
353 236
684 127
759 268
203 704
737 739
63 6
881 451
478 647
158 466
866 858
640 869
416 722
619 603
549 617
459 194
889 616
622 203
505 140
799 477
286 577
834 389
872 402
448 185
782 41
213 724
526 371
862 377
721 597
886 212
81 336
377 301
135 479
87 134
830 603
852 670
486 839
260 881
470 402
195 799
559 886
154 129
21 714
760 218
824 847
21 715
169 637
776 251
593 614
558 698
323 629
263 541
870 542
677 94
597 741
835 261
70 364
451 500
878 717
465 284
430 885
624 38
481 127
160 402
530 134
102 454
273 598
475 519
711 834
667 604
897 511
171 347
403 501
759 510
669 313
481 667
443 517
227 45
883 895
536 103
896 461
678 147
163 126
313 632
753 868
712 268
163 182
112 181
149 524
333 2
215 193
158 483
767 373
670 635
529 133
737 539
313 876
72 363
865 308
68 43
855 327
163 33
754 284
249 735
874 221
627 125
83 886
365 208
150 760
329 272
186 676
734 852
673 88
47 33
196 437
93 486
795 358
631 795
346 209
280 444
784 16
868 806
741 584
308 297
451 702
688 169
679 317
171 207
506 344
135 262
435 48
775 132
299 431
50 711
528 307
757 558
0 250
772 65
469 694
807 620
303 707
524 449
490 32
850 324
686 628
863 744
58 687
47 204
492 310
290 608
7 327
893 387
430 657
670 311
212 193
601 499
82 155
779 452
225 724
256 814
91 184
613 395
601 451
377 820
609 773
697 371
495 692
56 492
833 439
620 375
45 453
239 176
339 218
758 695
831 194
268 619
631 280
804 682
817 655
208 30
884 77
142 895
112 796
849 529
203 379
369 469
249 565
160 161
332 657
145 453
633 66
439 862
378 153
576 833
613 225
872 891
595 11
881 132
263 292
44 374
726 569
105 602
414 442
49 55
219 451
857 603
370 443
808 358
730 34
233 457
853 158
443 31
595 334
285 263
879 700
898 203
115 201
56 6
182 712
861 294
557 787
112 336
642 822
809 869
601 418
99 877
826 373
130 546
308 754
784 492
656 351
667 508
721 148
542 408
712 854
661 382
650 759
543 345
525 534
418 693
320 803
470 521
570 7
655 148
170 807
321 329
22 414
614 273
818 148
515 504
13 709
265 123
217 503
515 260
448 101
44 519
651 528
890 794
876 528
310 681
432 713
20 896
878 649
652 18
656 171
843 330
271 484
268 765
303 645
838 816
750 0
578 39
505 578
419 807
345 224
610 453
387 829
625 613
15 843
584 78
56 448
198 315
356 849
578 144
560 562
597 35
39 718
833 517
848 391
773 53
779 254
576 423
359 533
896 763
181 825
539 327
718 231
828 123
388 258
696 407
168 471
109 461
83 153
521 461
726 81
712 475
260 259
711 617
516 423
825 638
565 218
544 43
597 624
737 173
45 415
802 776
427 839
68 242
615 838
737 415
708 462
292 594
427 94
648 438
494 874
560 167
594 807
192 388
831 267
353 253
53 229
267 717
444 390
444 287
654 105
557 179
38 444
69 521
385 592
502 753
12 102
601 757
256 60
198 792
654 220
485 63
843 652
455 655
745 116
784 780
129 821
831 633
87 762
372 776
368 601
342 243
267 867
300 593
64 553
607 636
683 696
399 504
0 352
723 599
612 637
319 527
866 251
428 168
353 348
767 452
879 836
616 456
795 369
541 330
96 601
682 624
281 274
656 76
18 520
767 799
809 170
23 450
787 382
854 18
70 379
343 28
722 570
691 40
503 73
760 700
370 49
844 548
538 830
128 850
15 289
826 488
402 85
858 521
863 515
353 105
891 313
712 1920
387 899
815 373
37 614
720 130
712 201
612 740
548 888
242 295
294 621
30 869
644 646
427 727
830 24
195 779
508 635
573 638
526 461
97 319
163 69
197 694
483 416
268 44
588 150
41 608
16 107
613 499
354 674
352 1
658 548
94 304
367 446
851 110
172 192
434 686
66 598
300 760
418 673
699 310
790 663
110 684
879 609
260 316
7 502
669 831
745 704
483 512
38 10
804 331
101 402
558 758
50 17
376 239
120 85
439 751
796 141
590 11
778 313
336 495
437 153
781 744
209 270
552 365
348 839
67 872
124 513
270 348
783 725
48 139
40 878
375 402
3 119
874 355
615 699
2 803
893 261
429 282
694 335
64 812
50 877
272 730
288 510
420 642
374 672
690 548
441 450
646 443
614 299
325 368
524 65
808 681
413 676
545 125
204 462
87 680
394 40
310 487
274 499
566 526
119 460
649 874
389 257
19 702
795 490
378 601
692 5
752 283
429 866
348 186
183 182
226 91
10 315
851 14
841 450
421 655
295 318
257 227
263 852
758 251
368 7
585 619
231 585
106 756
797 216
495 132
630 477
474 243
4 75
401 440
230 96
201 492
44 473
334 739
632 511
630 522
119 375
211 514
710 770
804 428
157 825
472 216
653 386
708 687
514 483
875 288
296 441
289 788
848 621
853 260
19 334
873 296
258 444
823 333
548 672
304 3
521 6
249 838
377 776
791 515
126 728
302 716
784 533
286 300
565 347
517 456
505 81
177 267
363 873
145 25
226 503
203 57
485 834
834 541
510 12
494 351
259 709
824 501
