401 533
870 956
52 766
626 960
518 433
1327 533
1119 826
916 815
226 587
783 280
607 381
316 756
89 996
51 1071
865 589
1148 1541
1249 1239
286 429
437 1195
596 355
627 985
97 16
11 848
699 921
266 122
866 1089
569 754
148 636
354 291
1497 17
1202 254
1401 1130
634 983
974 955
1295 29
628 1357
210 628
796 998
1162 753
1472 1367
941 1073
177 226
1342 790
908 1541
1232 479
1035 807
168 99
375 798
128 554
891 731
1128 808
788 371
199 87
293 1098
1216 240
872 734
496 1413
1598 1453
723 958
39 261
518 430
908 1318
1063 465
57 341
88 1508
553 256
1123 417
890 265
1208 662
192 753
1233 673
821 674
182 74
1102 536
1436 381
1513 1069
1385 546
738 1217
19 1307
1540 1411
230 1113
1116 542
740 219
298 322
966 1157
433 1421
673 1177
174 1494
1188 660
1573 278
1022 999
406 1524
924 977
847 44
1552 21
27 859
205 1373
216 1129
911 683
998 83
1431 1464
955 1171
1428 491
596 1455
605 631
70 1500
603 465
883 1036
260 77
215 731
962 404
130 1361
882 1348
352 1429
1480 420
628 815
1103 130
1508 120
142 1196
1133 417
1158 519
566 668
1177 335
835 746
1093 491
0 1154
205 364
1405 1179
248 162
953 918
498 155
1367 1099
17 1081
1262 815
435 687
380 159
67 1560
1530 843
794 1331
778 450
386 1471
396 21
149 1391
1041 1067
1028 331
103 865
1139 1443
659 923
1410 879
1117 1516
423 968
517 606
1015 1021
915 1310
387 1043
524 1287
607 925
641 1481
574 1267
65 886
185 658
942 553
366 784
1069 979
773 634
311 1571
718 844
1485 1169
326 332
712 328
1017 707
142 622
577 857
1505 1041
236 716
17 175
1276 1101
1234 930
135 1399
424 1510
319 1452
1086 392
844 142
1367 750
21 407
1563 1469
1502 534
339 810
588 1223
1008 1441
131 1165
1542 1547
176 1422
1302 1216
483 811
328 329
723 986
247 272
838 867
935 998
584 883
1298 1265
1560 992
799 112
931 634
948 1581
1192 202
34 1406
698 298
831 1143
612 1473
1298 623
1510 921
166 301
94 350
833 240
578 1397
1135 216
1354 1206
439 564
746 1288
239 1321
445 920
427 507
189 693
1105 827
559 907
264 974
92 1467
655 277
1209 275
1578 318
552 1519
374 231
1175 171
1502 1450
711 1219
614 1481
1383 522
1509 567
734 388
80 641
552 544
1008 343
984 789
117 315
1275 87
997 1285
157 438
109 1040
549 1236
1496 133
283 705
1437 642
1098 1013
1490 614
513 41
767 379
1267 466
206 1089
830 1274
670 1299
905 701
1142 824
6 94
534 1353
1175 1156
1002 1402
268 340
1432 1222
1355 1452
1464 59
329 440
995 1247
308 53
1508 62
755 1216
1292 593
325 282
482 909
518 315
1462 1413
1424 655
22 1340
62 785
26 203
844 387
346 939
1242 1095
832 1056
1487 349
1272 643
219 570
1348 170
84 65
1067 501
898 1249
209 312
246 1418
1122 512
21 1420
296 708
178 655
1213 938
665 553
282 754
41 799
1549 1347
153 1211
1097 1424
91 6
1239 39
413 1507
363 1558
812 72
594 1018
179 1561
390 1509
1506 163
1188 171
1322 178
1141 842
484 975
552 819
913 1049
801 697
316 1086
1194 853
1276 1303
1287 595
1174 222
808 861
575 460
952 1123
1022 1427
1299 1571
1264 245
1236 1434
1061 384
1483 199
488 1318
590 1368
1117 573
999 628
322 783
1451 1060
920 671
106 542
219 953
1410 368
300 1012
846 1414
1104 1096
828 408
1425 1286
956 1330
834 376
981 289
736 341
1361 247
276 929
89 572
277 223
1371 369
939 372
39 2416
154 1498
1543 749
253 177
694 1162
373 1215
489 578
737 1529
1160 107
412 815
723 342
735 1301
847 1075
51 832
74 1556
849 1516
523 1162
344 1337
1307 1515
1257 1079
106 502
546 342
1056 1485
1462 1152
1 800
550 130
1468 107
1118 933
528 853
1326 859
476 1529
547 1557
449 706
66 690
1333 176
160 529
1255 1079
737 775
843 390
587 684
833 677
6 1104
1254 887
690 75
118 927
165 690
219 63
1536 358
727 1244
1004 198
203 1245
1334 1348
1570 1459
453 469
989 1554
1588 898
635 1564
848 796
644 223
1071 204
562 245
555 137
381 1546
1274 1442
1409 1531
1387 1339
783 1113
1151 1428
1485 1036
1314 197
650 1236
1157 262
1058 299
1177 362
1482 519
1321 1260
825 1467
724 34
1396 509
806 334
1460 1474
787 1172
949 1286
655 837
542 40
1549 1305
200 625
657 1212
44 1205
116 895
110 1042
948 495
1344 213
1397 771
244 701
1368 1390
34 1303
1463 1237
114 648
1082 475
7 1001
985 663
777 1548
1390 103
1228 925
757 222
1314 356
292 1305
1402 551
609 751
371 237
677 134
513 1117
107 899
1402 1284
1300 1497
702 1397
410 963
705 394
1583 588
631 1033
113 1547
1370 227
332 493
91 662
941 42
1251 1585
671 1370
132 376
324 1504
769 349
304 516
1206 942
869 863
806 1551
999 623
223 156
1148 1355
972 1584
834 176
1431 708
108 1017
248 879
154 941
95 11
1237 1330
186 824
1252 416
1059 1210
1037 625
809 958
171 84
762 186
1385 416
42 1138
1048 550
546 406
691 607
1128 712
1452 1220
774 1532
1202 61
1050 1145
1410 433
1402 956
615 60
705 1595
592 1535
1082 1543
1164 144
488 842
164 210
496 1520
149 1120
485 867
1128 547
1133 110
112 1412
20 1347
480 314
1005 1368
1414 260
544 555
488 435
85 167
1273 351
1532 543
1208 1338
886 118
486 769
547 1505
290 334
1353 1541
1506 1355
29 506
976 833
1394 561
1471 78
1211 1522
904 1013
1278 1277
69 15
1496 402
1449 1120
871 717
507 197
599 617
429 584
460 293
29 1558
361 3
167 1544
1596 1517
1124 1565
1286 179
68 1033
1194 1263
644 806
304 1290
1355 905
1015 1303
295 432
565 925
991 983
1132 754
1524 105
620 898
889 1172
1406 1199
1100 437
820 1170
304 51
75 1376
648 39
1146 1449
242 1593
602 1081
1022 1030
817 1377
330 573
540 528
635 457
1305 1306
858 1064
1071 219
1288 1563
122 1397
96 886
1494 756
1384 663
40 339
882 947
452 792
1301 1100
1342 26
195 127
912 99
1415 57
869 1200
1566 1418
1408 341
239 17
588 1405
39 791
1024 1231
309 1529
1582 1005
415 1340
873 1110
575 709
401 1323
1438 1312
1213 655
556 830
899 103
217 316
998 769
402 670
1245 81
347 1562
252 1173
1541 529
1281 410
1549 792
254 729
17 437
1118 313
1327 870
661 56
444 154
1384 1572
798 1347
1174 1475
1223 1027
98 658
78 259
894 235
236 1571
725 255
1423 523
757 707
734 96
24 1384
266 659
1422 1282
1293 1555
328 906
3 1123
387 127
545 965
590 359
1046 1366
1146 1459
252 1523
350 704
571 1497
1220 1146
1211 203
1396 219
771 876
1306 1361
243 108
214 1150
410 991
736 537
1269 1129
598 433
133 918
996 1298
1420 902
975 1152
1123 5
606 1504
251 121
1125 566
302 1204
175 137
641 106
839 35
249 1340
355 1269
406 1139
558 1175
880 1416
1073 1516
109 415
989 1508
29 1109
503 923
690 494
96 1439
1503 817
896 718
523 1552
1359 1246
1010 446
1280 567
89 1445
778 763
108 432
339 549
1525 1411
1468 1295
955 331
835 1293
629 1519
1049 503
105 1509
1281 645
806 1250
417 82
666 425
1257 1539
1553 1029
1373 449
779 594
1536 97
504 1525
1439 1189
466 427
1271 284
1239 191
1028 932
930 213
1255 272
165 1188
1202 356
581 1153
851 1469
1490 598
1436 1294
418 1393
427 1029
713 1336
59 972
1526 635
1029 1515
1261 994
1492 906
348 517
804 596
1053 859
822 1272
647 1417
179 73
241 540
1082 1477
260 402
776 115
380 83
1411 549
1275 701
1251 989
1098 477
1150 332
1005 249
622 950
993 1161
160 1393
1268 1479
1340 395
1409 1500
1388 75
7 1401
1035 16
1061 903
1452 1367
1333 1398
708 664
706 498
501 1039
295 1268
1272 152
837 1077
293 947
736 189
546 232
407 729
1446 1412
1278 234
873 65
346 218
490 323
1080 1066
924 447
1066 423
1518 118
95 636
246 1311
1054 1184
1145 867
927 815
665 1474
1542 663
155 659
636 937
596 744
1580 1487
1201 976
215 93
1503 310
405 704
157 486
809 275
348 48
383 720
1167 1317
516 739
1493 894
1250 1370
449 733
1495 953
1218 1259
305 1387
628 608
936 210
386 544
600 1023
437 963
1113 509
478 557
764 1032
28 1500
997 155
523 321
1152 1511
841 517
929 1247
486 1004
252 176
423 1431
1597 847
1399 1123
838 106
491 559
963 1216
1072 956
298 1164
596 1261
1364 1372
493 813
1203 1281
170 1455
560 287
1332 1425
994 932
576 346
44 1238
564 418
1203 1092
371 465
58 222
455 1407
861 97
1130 1019
871 746
497 999
336 876
1302 960
1430 1597
544 636
1014 74
1073 844
775 427
492 65
564 1042
192 1291
916 1244
854 476
1512 1162
1555 43
240 521
1354 1492
234 1069
1282 1180
552 893
1310 1363
332 1447
1199 722
675 1556
1107 1124
1244 342
1223 1473
36 1406
465 1333
415 459
963 800
1092 892
1196 1046
533 71
353 1446
1338 1186
483 952
889 1214
429 1168
1428 723
797 751
0 1494
60 216
253 1352
236 1072
278 360
173 1407
1079 1545
971 1363
550 958
1576 579
32 817
1570 465
593 1043
1440 1129
1454 429
382 774
819 662
467 308
116 893
1499 1520
674 1510
1542 299
1501 1202
1372 365
1136 470
651 215
1582 1070
1230 1217
678 1450
892 1
581 806
1131 909
1481 792
1023 1336
542 1443
1170 280
1431 1096
769 457
714 1340
1553 1034
520 84
1597 900
759 988
1117 1259
270 1352
500 381
1517 1026
1430 232
343 994
1204 648
269 700
454 14
1544 850
1555 1148
1362 490
992 972
1473 955
1587 1457
273 705
66 1525
221 1456
1149 321
890 1540
757 763
880 55
1320 778
982 588
1002 1333
713 1289
560 873
72 194
444 1049
303 1039
545 0
527 1055
626 1346
934 1574
1035 560
1216 50
1147 234
1449 1051
77 927
717 281
1393 1008
1199 496
652 179
1474 70
281 212
679 1173
186 597
516 1147
287 373
573 1070
1297 1583
1234 462
28 1177
725 1043
151 237
902 1317
465 229
909 651
1370 831
147 379
1323 352
1341 1487
1075 469
1541 1241
319 1460
1463 333
452 353
1094 669
1100 45
392 34
1339 1496
533 437
1342 375
1399 990
527 1393
78 1124
1062 739
771 195
831 932
1383 60
1476 162
423 1478
1432 811
174 1570
64 456
855 844
877 1155
525 141
298 842
450 1518
862 428
648 1095
767 1024
719 437
340 933
1148 874
1380 99
1378 669
1344 816
479 611
1002 15
726 1494
1057 403
1412 1137
10 322
321 1342
445 148
1301 614
488 1499
437 616
484 1276
345 1253
82 475
1211 791
241 277
1517 226
1472 614
1111 195
394 44
845 1381
19 1411
969 1426
29 782
458 966
1303 727
840 735
1251 1102
722 561
515 302
6 119
1055 1149
1133 1380
693 306
1136 343
541 1072
763 1452
1464 945
749 1007
501 62
121 235
639 986
28 33
583 639
1275 1108
617 576
664 1345
1277 717
48 1324
189 1557
1013 1238
718 1478
867 459
557 1072
577 471
1591 391
1463 1369
1556 519
1542 559
897 1010
423 1489
121 693
324 314
128 233
653 1216
1484 628
1593 645
528 912
794 6
934 612
730 1104
1560 974
151 851
843 706
537 1359
392 1036
108 939
168 1457
287 100
1116 1588
983 866
790 1524
976 679
472 306
1202 1056
151 433
204 1310
715 1398
1519 606
534 559
105 388
1486 624
1117 1575
489 600
764 453
516 466
1314 1239
976 1335
399 1536
345 1361
320 287
1396 443
297 579
197 676
722 318
491 1202
459 1490
776 195
461 201
112 910
879 1377
813 1256
706 803
1196 1187
265 852
649 465
344 325
114 870
1287 1093
890 571
275 759
188 1455
1107 1470
1194 1512
594 1044
1393 1015
77 1530
1547 1242
138 394
1568 986
1427 552
409 85
142 471
772 918
442 680
413 992
840 1548
383 842
1491 843
871 196
574 718
352 695
745 22
785 523
1103 335
159 1026
192 319
832 1409
1525 1369
1310 879
1045 494
1571 54
899 131
231 551
1186 317
116 890
1126 953
1010 1394
1304 312
948 1503
806 55
413 125
292 221
112 1594
419 1102
372 1237
812 157
704 738
1306 862
1576 874
1425 537
1028 1199
350 218
1561 141
941 1317
935 251
545 1478
1551 49
1428 1351
670 1060
1387 187
826 1453
596 1464
1127 1223
1439 674
1463 1591
1526 801
396 646
58 244
651 490
572 607
1247 1091
469 0
39 705
1507 1216
1597 802
672 997
868 89
1312 963
589 778
1383 1362
646 690
164 411
320 1252
78 397
1595 238
154 1580
720 410
1366 297
1563 848
1189 1100
1283 1049
344 77
1191 254
741 1539
358 655
1414 1524
1227 1279
304 523
916 173
238 999
93 1214
1498 464
878 1189
1016 900
733 196
943 1072
737 684
37 698
1525 449
182 123
869 505
1296 1482
761 195
45 691
507 1156
46 263
101 1468
529 141
940 71
783 982
675 640
1429 814
910 1152
28 750
1220 516
1319 1263
1471 1452
601 729
708 224
496 1177
233 717
226 1457
584 717
1298 361
895 229
1071 99
1440 296
1194 460
508 504
1233 559
1543 1068
1165 163
872 525
1332 1125
672 507
1484 320
212 941
29 680
568 470
370 1319
986 930
812 623
1289 1439
1282 78
1184 57
344 1215
1394 94
315 1180
275 0
1463 1073
1345 1528
789 301
750 584
1013 946
555 313
963 1483
1202 1315
1433 1597
272 1547
1265 886
1453 1446
901 1314
761 1596
453 1053
181 360
52 1475
1116 252
1568 802
620 705
892 145
660 284
796 474
251 1291
1292 850
810 591
588 1354
1112 1508
1132 414
1553 1132
1088 1130
1026 1514
897 1181
483 745
128 165
833 61
1351 1034
1255 1185
206 343
1256 1215
1047 50
780 1231
231 1485
1045 1175
545 1141
1325 400
704 968
621 1065
624 132
268 933
74 58
674 223
1195 1249
472 558
1263 262
1263 1443
1039 33
105 559
277 196
23 674
1335 1132
1280 206
152 506
299 714
87 955
394 1554
1041 99
195 1100
890 985
27 485
1363 620
1409 602
72 419
1141 1107
426 49
403 233
388 263
512 456
540 1092
48 496
1416 1288
529 1045
41 1446
151 295
265 1527
613 108
1549 1355
1109 1032
1495 955
420 31
890 1370
317 593
1050 714
224 100
224 682
111 704
1240 1517
149 1235
1063 902
851 1365
1388 1471
873 613
945 810
1437 914
974 1454
1450 631
1434 195
1544 574
847 824
1236 1541
1593 561
1565 605
283 687
906 1134
415 1096
427 1401
695 501
730 950
1492 778
142 412
1346 128
956 1087
158 942
297 531
373 87
721 78
699 156
365 172
1253 1170
1381 76
995 942
274 888
1021 1565
558 1154
137 305
411 1033
774 1013
1484 1179
217 1505
724 1396
1313 425
137 1253
1145 751
85 336
905 26
217 80
1289 702
1085 309
724 954
152 1196
357 97
1145 1534
1008 1552
656 431
95 223
1340 198
1511 1459
178 1197
455 1583
1350 238
1373 202
666 1117
293 700
864 1045
78 530
1293 1562
1467 1441
1052 414
1555 1431
571 479
5 44
406 1197
1499 568
1215 1289
122 31
375 745
52 935
348 217
74 874
558 59
1409 743
1407 1391
607 242
1399 1229
322 588
1217 975
94 77
150 524
1169 573
1572 735
805 899
154 230
801 885
19 487
204 334
92 1484
1279 125
1572 335
1574 922
1279 433
595 51
279 1059
1022 1413
1135 328
1437 327
341 1426
28 1183
1444 1417
570 1272
179 1514
1472 363
1502 748
349 602
430 1246
1379 860
1128 875
1048 1362
751 256
1210 1496
1110 68
723 472
1414 838
436 1592
1096 117
913 755
753 1416
1081 261
487 1278
304 832
275 127
1258 188
1125 802
102 1323
958 264
1445 1227
1023 1573
966 308
1068 415
768 337
1404 910
1147 2186
1060 715
993 1516
230 1162
628 1158
1304 1040
1407 235
248 1298
452 1465
544 1364
737 1053
846 1484
225 569
577 277
238 817
698 396
