589 1258
429 1843
1351 614
415 355
2747 1647
1989 2893
1850 2377
787 2899
1143 1816
1287 2089
1228 1839
2522 3368
1718 1532
1461 114
2980 97
3087 2565
2623 413
2042 1643
1180 1282
3334 1895
1455 511
3061 1933
3209 1355
1561 2733
1842 193
3165 1466
3052 3069
3394 1869
3296 592
2235 1905
14 1868
1372 497
3356 200
1543 1067
452 1928
1521 717
591 2672
2755 2881
1363 2855
666 2597
3650 1082
1037 3085
2541 843
1226 257
3611 1034
877 1383
2274 1835
3088 1487
1784 3318
1452 2050
1868 3339
3021 272
676 1329
633 1694
2826 3066
1875 244
1987 1473
1132 3197
168 1201
3023 3393
2401 2726
137 3000
3009 2367
88 421
1263 451
1821 1368
2990 1600
1945 1298
3532 317
113 827
1289 2284
2106 2603
2124 153
1068 994
3360 3018
1904 489
3656 2581
2673 3283
2165 2863
1335 3624
1932 1683
3130 2658
3388 619
1330 325
83 3371
1993 1401
1273 232
2111 28
723 2711
2855 385
3585 347
3306 2413
525 1009
2447 3652
3496 2392
1226 2808
1732 2874
551 3243
62 2027
2468 1927
239 2892
1695 1479
397 739
3230 1124
2458 29
599 1821
1523 2440
3592 1917
2380 1876
2433 40
902 714
593 2897
2627 341
2252 851
2062 3149
2770 2686
2618 1493
2342 1717
2765 496
1457 767
2797 2621
3390 855
439 1152
488 1976
3213 1513
2114 3614
705 36
1127 2779
145 3343
2017 311
3438 1837
913 159
2409 3343
2365 2796
2073 2289
767 1556
1754 249
2926 1710
3448 432
266 356
3507 312
81 1826
3207 1719
481 486
65 1803
1598 3654
1321 2130
2956 3058
2176 544
2918 2663
2969 1307
1906 1669
2959 3447
2637 686
1238 432
1687 1792
2727 3121
2968 2105
1303 3503
1330 2945
3261 2867
2391 253
1835 365
2495 3575
1126 826
332 311
1246 2921
2478 2525
2601 2662
2282 108
530 3367
2206 991
1453 2089
1994 1175
1854 2835
2927 1118
3559 18
2392 2951
1161 2486
2752 2886
2809 1640
2451 3011
2075 2741
2676 1927
684 2262
4 2735
2286 2874
3100 810
3057 3654
3535 18
907 620
2863 1139
1443 3637
3230 2932
2466 2628
1276 2235
1059 1298
99 3239
1141 1792
3428 3009
2460 1252
1361 3004
2221 3189
9 1246
3243 678
1563 3465
274 174
3367 3026
1179 834
3663 185
74 620
1902 2850
2201 1701
3587 20
3606 2425
2849 1089
965 1262
1396 158
404 3219
1840 1193
1430 180
353 2877
111 2952
1910 1253
1621 2106
3680 958
178 3006
199 1298
690 3543
801 70
1916 2286
119 1556
2306 2062
61 550
3209 2885
2313 728
3235 3460
1371 2512
3251 2667
1409 17
159 2778
2201 1905
1073 3681
402 713
1436 154
2312 1759
3311 2528
1051 342
1520 1098
1107 923
1315 3639
1389 1615
758 1026
3316 2822
2833 2543
827 2530
1335 1609
1367 172
2539 3502
1717 2861
2909 1380
984 2397
801 2730
1897 3339
1803 412
236 1773
3154 2432
1588 570
3062 1667
3192 1937
605 1463
1517 2960
1653 795
1200 1835
644 2052
1200 1287
1398 35
5 3128
1316 2962
176 855
2810 1900
1479 1641
3098 1545
3225 3005
169 1809
3659 1943
655 2844
1882 1443
1163 180
909 153
645 2900
3492 3348
295 1795
3611 979
1159 3189
2713 2794
2371 2804
3560 3134
1956 501
2997 187
2981 542
2333 28
460 6
3403 2719
2423 2357
1091 754
509 1490
2344 1462
3420 1926
1978 3442
34 2950
1543 3548
876 1969
419 3168
2703 978
3255 78
1875 2917
2378 3235
2595 2976
1804 1152
3006 1240
1988 1619
3532 1894
2365 3018
2488 2597
362 914
3242 1702
1803 3652
326 1996
3200 2704
2867 522
2588 2664
1535 2210
1554 1728
316 575
524 913
1124 3423
2450 1339
1786 983
1455 1988
156 3173
1967 2782
3134 3301
80 1856
2821 840
2091 802
3317 2965
115 3699
37 2369
2246 2812
3136 1451
1883 352
2137 3297
2391 3398
3356 1722
2669 1692
1412 1384
1138 1306
386 2746
2867 3199
3028 788
2156 304
2028 3212
57 1873
3584 762
48 1679
3070 2787
2154 735
1604 2470
2413 109
545 1174
1055 1734
104 1156
993 3055
987 2554
2979 1412
2873 3546
2147 1856
868 3415
469 1043
345 274
945 1135
2458 652
909 1067
2050 1194
2650 876
789 25
127 2525
103 1184
1053 2725
1343 757
3581 3128
1542 234
3116 2302
958 3318
596 990
3136 147
1881 1830
1424 2745
359 2637
2675 733
3260 2958
2085 2288
3614 143
2007 1581
1022 2522
752 974
436 351
56 3306
551 3097
204 100
3489 1984
3417 911
24 600
2197 867
3341 3075
943 3695
3566 3279
1364 2302
3042 2210
2218 2425
1084 3640
2090 1410
301 3341
3666 2935
2768 1477
1408 2674
89 1490
859 3681
2843 63
3188 1130
1446 566
3442 3209
3203 315
3302 3381
147 868
2593 1517
3456 2279
2603 2325
1088 3314
1766 2258
3435 2479
30 291
684 971
455 617
3348 290
1857 3258
2967 2210
1143 3310
1513 339
2148 1142
2964 379
2035 3162
2944 2314
2893 3374
1444 3214
918 3086
1929 2302
1596 1260
3533 1029
3485 719
864 2018
2501 526
2211 1627
1983 2274
3043 2799
1760 2244
746 1408
2562 3275
1069 2865
2188 1238
1029 3473
2411 3679
644 655
3664 3305
2848 3099
2869 2688
1972 2793
3482 2323
303 1572
1162 3149
2800 425
1012 708
1864 2883
1484 532
1584 2561
446 2861
1024 915
3229 2845
1677 2421
69 993
1006 3180
2343 2342
3450 799
3515 272
550 2147
2612 2655
2790 116
2184 130
2495 1852
1346 2809
315 1057
1873 1562
2421 2056
379 988
2868 0
1532 2613
1019 2918
2602 3543
476 3327
2857 1170
3029 715
3096 3272
2040 2465
38 1494
2919 3059
2176 3694
604 2298
2952 3050
1107 667
767 345
562 1253
1007 2457
2926 2127
587 94
2508 1521
794 3277
103 1659
1839 3333
2282 2078
1192 3323
3322 456
909 2028
653 3567
391 2061
2934 3558
547 1698
2517 387
2973 3565
2648 861
3678 2055
15 2126
3297 2628
761 957
2801 3472
2288 2447
1805 729
2511 1943
2107 3601
3088 1704
1987 2226
1968 2323
148 753
62 2111
1831 2912
2572 1626
1167 3542
2362 2841
1014 1645
231 2991
1054 2083
94 2982
3018 346
1808 456
2956 2467
71 3406
2154 1474
1278 91
3261 3289
1626 3684
1794 1470
1935 2591
3013 2283
424 2898
1273 281
560 618
3182 2957
2744 934
3261 1216
1337 2614
617 3189
2728 680
667 1325
519 3206
3036 2246
3567 322
219 2561
2688 1836
2370 1207
316 1438
1539 3603
2480 2482
1660 1350
3274 2400
2624 2412
1239 3667
3141 1075
1881 2447
1271 1102
3632 1356
1483 376
243 510
2249 1411
2872 353
1532 2636
144 1193
1979 953
84 1743
2177 739
1956 82
1863 2509
2246 2169
406 3353
2384 1538
1768 982
1004 869
3687 1548
1460 1815
1889 580
1670 1294
2464 3280
1430 853
3209 2612
2440 2637
1077 22
2078 932
3196 3692
509 881
1050 668
228 1385
241 744
1188 2781
1400 3580
576 2306
1781 1430
2707 3642
1601 170
52 3016
3178 3131
2363 3560
684 1101
2248 1829
1845 317
652 3259
3634 1718
3540 933
1082 222
187 304
2153 278
1626 2226
3639 3107
3594 367
925 834
961 3410
1373 2571
1677 672
1013 1075
234 673
1133 1651
3693 228
450 3525
3558 1457
3300 2849
403 2466
2684 3649
901 468
15 3271
1960 232
1370 228
1413 230
1754 2360
2235 188
3361 1271
208 3237
196 2023
2757 230
857 2844
737 1730
3417 2520
28 3566
575 1269
1663 3554
3163 2796
2633 1820
1097 3017
1219 2376
914 3397
1677 3094
1432 1368
2498 2844
1559 3697
1566 1305
2177 1939
3197 83
3328 2981
2879 538
2431 3666
1482 83
1773 1308
708 3412
1790 679
681 2453
1171 1347
2946 1668
2582 2103
184 106
2309 1956
3400 3527
1940 214
2449 3213
2562 1673
2304 728
3304 1884
2404 2496
2312 3591
2305 981
2144 1836
2926 1196
1500 2258
2647 1016
3407 1217
2551 2680
1494 873
1510 3171
2567 2817
2599 1754
3229 3295
186 3434
3349 3240
304 3247
2304 2343
3333 305
2516 2859
282 2974
1658 2433
607 244
3262 1319
2689 2645
2167 2123
1933 2077
1486 3225
1394 3569
3016 889
437 1818
3555 3364
870 1576
126 1642
1772 2825
95 132
2005 646
3386 3225
3083 1929
1260 3623
1611 3686
3695 2444
9 2184
3432 1816
2446 1015
963 1236
3662 2721
918 3090
761 330
3017 1564
1577 873
3410 1799
1743 1380
2141 1022
2667 563
1389 2631
1789 358
82 978
660 406
110 2236
1191 3182
2090 63
2469 3695
574 2373
1855 3053
1833 1258
1900 3181
12 229
1208 1181
2098 1679
193 2570
1785 3362
2380 3302
1492 621
3173 2129
800 2576
2225 2366
1702 980
517 3352
907 2213
2027 3158
2487 524
3518 2649
2520 2644
3184 892
3150 2021
3096 2794
3072 3100
874 1741
2998 810
334 1446
1350 1500
3136 1386
2054 2520
2147 1772
2960 1907
1197 3328
2602 1306
1147 236
105 586
1231 3070
3248 3443
2802 579
177 2682
3317 1631
1911 2753
963 2785
468 3256
2052 1262
831 150
102 974
798 541
1269 900
2606 3675
2 1080
2792 1342
1885 3322
3328 299
2891 1297
1241 634
715 941
3559 2198
469 1190
1873 525
1441 1783
1403 99
175 3060
2997 1329
3611 3472
2115 1780
3344 3415
2541 1180
3218 3060
798 3615
88 2643
712 2426
1805 3682
1386 2044
844 721
1422 3421
2171 2612
1728 3659
3349 701
1993 1785
327 2891
1674 756
2584 583
1043 3144
1310 1141
667 2855
1573 2811
694 1569
2672 778
789 2120
419 2654
791 3030
1430 3321
1793 169
3029 2664
514 1495
3665 2019
1093 3329
603 2154
2767 1874
1753 244
849 3664
2165 827
2114 1211
1567 474
3047 413
74 1941
2016 3187
3003 3183
699 626
2250 3487
511 2914
2617 3636
2527 2572
1045 761
194 1683
127 3294
1791 3650
1476 1053
3393 496
2073 3638
2976 1381
1458 1622
3057 552
1856 146
1033 1802
1525 2560
1285 366
1795 3458
3101 544
1376 2864
2362 2225
237 1950
1934 3453
3552 1299
1711 2964
2688 2652
2073 2929
2795 2352
13 829
3026 980
2931 2401
3281 1240
704 2780
3131 1298
3441 2847
3107 1780
7 2526
1525 3448
2604 96
818 686
2348 768
486 2854
2285 904
2180 2381
1257 1150
325 548
1785 2046
1475 1011
1864 110
2161 1652
1790 2222
488 3130
15 1885
2000 1673
2124 1396
3116 2118
763 3178
3513 1112
840 2260
1386 2291
637 1416
498 1935
1744 3165
2911 1869
696 714
1914 2098
840 1024
967 65
52 690
302 752
3514 3216
3354 935
2246 3496
1288 1385
1767 3526
2768 1487
2724 298
3083 2327
2739 84
68 1866
1217 839
524 1511
2980 527
1773 792
2715 2073
1764 1958
3558 3413
2831 1849
3407 2077
106 2749
3452 673
3035 3510
3644 1283
349 1143
74 765
1538 314
571 3437
3492 3212
629 3156
2050 2751
3572 2319
1360 2482
3109 411
2740 3036
95 541
1505 1577
2637 1118
2058 1730
2055 465
2765 2936
1785 1788
3442 2409
1870 2032
2786 583
2783 214
829 3577
6 510
620 1240
2566 2618
3689 1631
1553 196
960 104
3630 65
1614 3480
2250 2243
3397 2741
2957 198
3132 1718
530 3068
2423 2692
730 1919
1006 3156
3615 268
1266 2533
3586 637
948 3124
543 1918
103 3047
125 301
3586 1416
3057 2286
1207 2563
113 3087
1663 675
1582 1850
3597 1201
199 1084
2334 2542
2789 2060
3167 313
3519 1237
2528 401
1559 2120
2278 1637
2692 3532
2579 1606
1471 1688
109 3121
3421 3127
1340 1738
59 920
3097 3105
25 1732
1093 701
3529 1570
1168 1058
3015 2953
2111 1148
1834 1533
3060 1986
2014 551
3529 2865
234 63
177 1039
3614 509
2710 3577
3401 588
2860 1497
3328 3024
770 2599
1267 946
1075 1882
3586 3226
929 2643
3652 2888
1015 3299
3336 3469
371 2751
532 1169
2181 1270
3163 1726
3565 594
1512 2081
3464 871
1629 496
3054 309
1526 724
1442 2865
2650 2776
3107 7
2008 2603
26 2119
624 2924
2169 3419
2454 708
55 2853
2796 2014
1771 2898
1767 1555
1063 2235
2779 1335
3160 1375
1507 361
1588 622
905 966
269 996
512 1010
1641 1979
3540 184
1436 3076
1823 1975
1441 2469
1 3576
3585 3649
103 226
1859 2723
1610 1838
2161 1209
1642 2003
1472 1929
546 2949
334 970
1638 3359
924 774
372 1555
1272 2207
1873 2527
3385 1341
2019 2569
2518 199
2308 1862
2918 2882
2110 1101
1032 2755
275 360
1860 3103
3521 3205
1178 269
3443 1543
1295 2353
3114 2559
3352 2893
2746 1046
3094 749
3033 1440
360 132
310 240
1258 2273
1076 2375
1330 1704
126 1915
31 483
1419 3218
822 989
439 2659
3434 1818
2828 1192
2468 388
2815 1226
891 218
1387 507
2867 2772
1797 2423
3309 3178
623 3237
1971 1522
1266 848
792 753
2227 1327
686 1818
1869 1286
2126 2552
3489 536
1325 1621
2740 2809
1350 3227
3618 32
2176 2746
396 943
2873 2101
831 2239
2689 743
2233 2231
373 2490
577 2280
1077 1456
2194 2104
1617 3504
2961 3433
2703 2232
25 333
2702 3193
1701 615
3538 2580
2732 460
312 1137
3113 2396
3555 2633
2761 2345
1037 3342
3465 2767
796 250
2326 1077
1972 2944
873 907
2649 1629
493 2537
3399 3183
3300 2465
2574 2524
3441 982
1285 3038
383 1353
111 1074
2882 1520
1656 1260
2948 138
3666 3226
1885 2173
3523 2388
1608 124
2104 2644
2125 377
132 582
2919 3134
2780 3588
2471 1641
1467 3677
992 478
889 76
830 3498
817 2448
717 2909
3596 2722
1143 312
1282 975
3138 1682
1363 1104
3161 3498
3107 2308
1523 1642
1635 2394
3381 2250
2268 2233
1721 738
2462 1641
1527 2858
1946 1006
1853 1866
1893 2763
3691 2979
1050 1185
148 1969
1199 915
597 3622
2487 1184
359 960
3155 2627
2181 3159
1571 706
2420 2762
2962 1666
1378 3624
1046 2759
1514 1931
3630 1461
2950 29
3073 1559
2337 246
2139 3524
2888 2135
3376 879
3123 2137
1913 224
1769 2590
888 2965
2952 869
1960 2251
3183 3536
2617 2071
3294 3492
1810 3580
2648 1866
212 3676
1 977
2900 1374
2407 1735
1030 2483
3012 272
1005 3647
1754 130
1923 3325
605 49
1661 2488
2714 2199
2979 2688
804 458
3122 2444
2693 2990
2907 3168
864 2602
626 1298
2962 3448
2557 2912
520 2202
1902 1909
3087 987
1459 3487
151 952
2788 1808
2030 691
2340 2677
2805 1245
1105 3053
465 3437
535 2288
2775 316
1068 3221
605 693
3597 2149
2122 1115
2041 505
2874 617
1094 1490
1695 18
745 361
2064 2962
2356 1487
2443 157
2160 3495
2055 3587
1990 2444
809 360
1650 1817
3508 703
182 966
1743 2734
1449 2385
37 3509
1115 1055
1328 2800
2894 1054
2820 1491
3043 564
824 1401
2255 2506
464 845
1094 258
382 1098
2505 2687
1946 2768
340 3304
2689 1140
1843 552
2313 193
1254 237
2614 3638
1592 862
2226 954
3525 32
1524 898
1621 2637
1056 1061
2825 289
2026 145
1389 2075
3357 3678
215 1886
3238 2197
690 905
169 407
543 1040
598 944
1818 2619
2134 1091
2134 117
3361 1912
374 2678
2974 2025
333 1714
3222 1018
2341 3457
2646 319
631 1952
853 472
3279 1582
627 2486
654 1421
2383 1349
690 1055
1559 2774
763 2466
861 3430
2159 63
1504 2480
1776 1583
1233 2364
45 1428
2676 1545
3545 1963
963 119
3645 2113
2157 98
527 1107
1425 3286
2968 791
1134 2048
490 1332
2091 377
2104 1198
2044 1970
284 2047
2419 996
914 2150
3138 3695
215 1579
2942 3679
2369 2804
612 3275
2090 1067
3665 3354
3313 451
2407 747
1776 465
2080 920
1612 1221
3699 523
1351 487
2589 3198
748 458
2967 814
2218 3610
2485 1083
474 1
1948 581
3359 1784
3565 518
1176 2051
3190 1341
3641 1317
3106 3345
380 1077
1257 3492
755 1970
3478 2254
3130 515
548 4
1642 2499
616 197
493 1913
3441 1661
3151 2530
427 474
594 1107
2710 2925
3294 2503
1931 1741
3523 1794
1129 643
1147 425
270 887
1749 743
205 762
3464 3551
2844 1757
2394 3008
406 3046
104 3458
2335 3566
1599 1755
2553 719
2197 3531
1387 2911
2594 2296
1017 2210
1726 23
1598 26
3608 188
1374 1441
1854 3328
3048 1737
2764 742
1593 679
3111 1027
3359 13
3314 1855
2965 1051
1591 1433
212 1209
1256 275
1147 880
542 1732
2080 3138
948 2059
1722 3664
3133 113
1972 515
63 1251
348 3662
3536 845
3537 436
1695 2795
2458 2946
753 2715
3660 2540
3646 1179
1752 1949
3114 741
2198 912
2868 2064
1450 2239
3182 3259
2840 2491
2924 250
2351 1899
2459 2217
3244 3390
2655 638
3150 2702
3309 2146
1138 2023
3303 3319
2675 1929
2882 745
2696 2200
1069 3667
2778 3402
915 1745
1033 719
379 1053
1256 1668
233 3543
2045 2264
698 1714
1723 1769
84 3352
1362 3251
920 2561
162 1497
1641 1849
2020 21
1914 2780
3682 2605
2962 1964
2530 3253
1839 598
621 614
204 1262
2267 2874
1967 1357
519 1126
855 1812
1457 2788
772 2988
627 351
1493 1784
1804 2592
1104 3487
1254 1113
1449 2987
3272 333
1381 1295
1739 486
289 2822
2354 2459
2226 1636
388 2193
2140 2671
2774 1250
2668 2439
1751 777
3477 602
319 3633
1482 3204
253 1160
2506 3590
985 3196
1460 2078
650 563
3037 3227
1566 1996
1541 3436
3094 1858
3649 964
841 1880
2024 2579
2226 306
181 3368
1374 1756
3521 1366
2152 3028
1555 2210
1023 838
1216 272
3418 2625
2074 1666
2895 2317
3381 363
2467 1273
1456 91
91 2095
411 1492
503 534
781 1045
187 1028
2201 3351
2967 2304
2394 3378
3125 83
3407 2790
1770 204
2006 219
598 3165
2805 2882
3489 1683
343 421
2767 2538
1825 3047
104 1133
1589 614
3312 897
133 3625
922 836
885 1563
536 2050
982 3314
820 1784
3279 1685
3462 1381
2830 1213
1169 2762
2969 186
205 1706
1291 1438
535 3031
965 342
3177 229
2117 1446
1696 2712
2170 1348
850 2312
800 1813
3342 1493
2315 1112
1628 3537
2067 2439
1575 2376
3145 3196
1297 267
3169 1210
1601 21
3409 3237
1368 2422
3171 2560
830 1365
1920 633
3561 1969
867 2019
1581 1724
1004 1825
2546 3256
2670 3310
2595 3376
505 2217
532 2308
2354 1406
1397 2305
1573 1452
1499 1240
2436 1916
244 789
1210 1891
3189 1296
967 2407
3468 1951
1664 3211
3510 3471
595 3477
2480 2694
764 2197
1821 590
2946 88
3477 3505
3265 2671
2813 609
3482 946
1862 1106
294 2125
752 926
697 2355
3364 2692
414 1910
2940 3362
147 2995
1311 2226
329 1019
3428 2761
2731 3627
3055 1800
2657 1236
218 575
3065 1426
2260 3643
139 3072
392 190
548 1898
2170 1506
3165 1555
714 372
3625 2850
332 2581
1010 2247
2569 1084
998 1542
1044 2310
602 2937
3459 2806
3640 924
1365 2872
1473 3595
3072 3049
1921 1815
1296 177
2467 3077
3498 946
2394 732
1971 3349
1406 398
1293 1424
1630 839
568 2535
2034 1410
175 3676
2880 2188
1134 1205
27 1847
3568 2943
2732 968
1922 190
3427 3049
1023 2564
2718 1622
175 1096
213 2267
2483 3505
2360 136
1859 3432
3546 902
482 3694
3600 1038
3375 3450
1903 1146
69 452
2736 1095
54 2655
3092 2294
2709 3205
1424 749
982 1269
2111 1559
3 3166
1507 1778
1784 367
2342 2017
61 1047
641 233
1040 828
1832 143
2942 555
1529 2249
1710 3158
3436 645
533 3118
2904 107
150 2188
1848 1033
2846 1396
2184 3450
3064 3102
2814 312
2355 797
2594 1431
2588 985
62 1491
563 2001
1628 1314
775 2514
982 1812
3694 1963
1783 1165
2184 149
976 3117
2347 2059
478 2438
1803 2192
363 3370
3264 1365
1144 602
1201 3539
121 856
2117 2597
993 3306
2777 1347
1962 550
3284 2591
2597 1163
223 3449
2627 3016
2330 1650
963 1711
3469 1833
2755 1427
2688 171
1414 2816
2909 2957
1529 1986
299 988
1835 2877
172 3233
2860 2072
1096 2439
1337 3064
501 1234
1733 2497
3679 1206
1015 2169
2545 2517
3664 1240
3268 2238
3057 3271
96 3411
2730 956
413 3098
1315 747
1063 1244
1015 1937
1729 3383
776 3050
1048 218
1802 121
403 2527
2579 1187
1369 1976
828 2088
3403 543
2169 2444
3400 2085
2516 398
2099 2442
2064 1076
1819 3128
3189 1774
2447 1182
2089 2396
3245 1676
822 1939
3241 860
482 2563
139 1699
3240 1724
3317 2733
2989 2079
631 2588
623 193
3002 2785
1159 3323
2336 3046
1389 3617
1886 1101
869 1061
3676 1700
281 1807
1701 2446
1549 3304
580 2028
1869 111
1390 826
1809 2404
107 986
467 2928
93 3147
2723 1158
2042 2313
2315 3497
2395 1963
31 815
532 2090
1763 98
1324 1780
1656 3285
2559 2837
2933 3458
199 1812
206 2187
894 1429
472 43
1420 2904
853 1284
1340 3017
2127 531
1988 2789
1212 852
2475 202
708 3539
2865 2032
1398 2544
3206 3673
3146 192
2459 931
748 16
3220 1052
1455 2499
2003 2643
2064 1424
2868 2854
3105 1422
2140 3351
1959 3213
3575 225
944 191
1572 2575
1592 2827
447 2340
1290 3465
2087 1732
2530 2015
1147 615
3430 3196
223 3172
2429 3183
2764 3068
1794 3503
1220 1825
961 3242
1729 177
795 701
2225 84
385 743
2591 407
3255 3222
2369 59
1857 1443
389 2978
3106 3196
295 3569
795 2405
309 2915
1056 3001
286 1266
2033 891
1964 80
3610 3365
2573 1237
61 3616
1474 3236
920 3190
2887 1016
3328 1630
479 409
3155 2850
3388 1232
99 3362
2002 3688
80 292
1969 1615
3320 924
3186 437
2991 2852
3371 991
294 3430
3655 1153
48 270
2652 2934
2980 3230
1609 1221
282 847
3532 2237
3697 2990
2529 2701
1570 365
3001 783
418 353
89 156
631 221
1983 1601
1449 3393
2880 420
3173 1317
1857 3269
280 1468
1815 1148
2997 2945
1725 86
568 2497
864 856
378 3335
2151 3419
1026 2086
1814 2765
2131 1577
1070 1373
1489 2329
3131 2471
1094 615
976 1415
937 77
448 1304
2917 1571
2362 2109
52 535
1292 4
580 1171
1998 2067
632 1007
2401 541
1121 3163
1251 1908
2967 2246
1765 3141
563 1989
2339 926
98 1291
2933 524
1095 1938
2120 1658
582 2488
1049 2737
2477 1416
3246 2326
209 3303
1594 3254
526 1676
1146 3329
2582 3332
517 2794
1643 1862
1442 1423
816 1551
2470 1092
3085 593
2337 2175
494 3456
3470 1984
3 1622
1263 2586
3493 40
3296 590
3471 2430
47 3398
1920 3366
2853 3571
3388 1847
3395 797
2114 673
3359 3349
2244 3389
1864 1366
1827 2934
3229 2727
3307 1882
382 2744
203 3576
1684 2948
1246 1312
723 2908
857 3478
2291 2462
409 1195
2912 2361
3561 1248
3032 2833
2061 2665
2926 1419
862 20
512 340
1490 1211
670 291
3108 1336
210 544
397 691
3285 538
646 3254
1112 1165
314 70
364 2131
1488 46
904 2162
970 1873
1164 2048
1190 1860
2508 1721
2410 2798
3243 1557
727 1453
3150 1158
2930 3349
3097 1113
1266 2199
1696 971
1815 769
140 3666
2080 2418
2832 3342
1201 2754
2971 334
2372 2103
1616 3364
1301 2946
2278 942
1089 81
175 874
3499 134
2416 2337
914 1698
2390 2608
1776 2091
674 1843
157 2911
588 3567
2561 2899
1714 3276
183 1205
270 1280
1013 3475
2754 1688
1965 3593
703 325
2294 1181
3140 2066
386 2273
3068 3000
3685 2189
28 1270
362 251
2336 784
1493 789
3210 3088
3148 1318
1536 1890
991 626
3219 913
308 1209
1648 2025
2081 2246
2667 2767
3081 1357
304 155
2642 2018
278 506
763 356
1647 3422
875 3087
2470 1843
890 2078
1723 2028
1764 962
637 938
2529 1204
2039 1104
1871 2414
349 3476
623 894
3347 2634
1631 2674
2070 3008
201 2036
594 1427
3553 2877
2714 2573
1714 3649
775 3215
47 3044
281 346
3161 1772
2575 1937
843 484
2936 3379
2565 1068
2656 2743
1076 3022
1282 1692
1348 733
1085 245
1049 808
94 1653
2359 815
3411 2496
2495 2035
178 3514
1671 3204
3530 2016
3131 2297
922 230
3607 3502
193 2104
661 2617
1945 1061
255 68
2644 2138
1706 823
3386 3208
1606 1840
1113 2686
1250 779
2804 2429
2824 115
2758 1621
2570 3608
2127 613
1988 950
2908 1512
386 1224
1468 1700
1891 1409
1163 1780
2672 547
1207 1545
1814 1323
295 2841
1270 3373
968 3241
2460 2959
3464 3445
1512 1621
3089 2998
369 1934
858 1743
2891 3314
3329 597
2935 1080
1757 3134
706 1019
728 101
1888 858
1886 733
1649 93
2452 2532
2102 2678
2796 446
3089 1041
3326 3099
1809 1288
655 2685
216 920
2486 1567
928 2029
3255 3128
2578 3216
2818 2636
844 1555
882 1759
3126 1729
2487 1030
1118 2173
1969 1970
3560 471
1217 2476
3453 1066
2683 1947
2686 1960
1118 1123
329 871
3513 3191
391 2240
1151 3626
3641 3520
670 2385
3037 2123
2734 449
3013 1489
612 44
2203 2935
3626 1867
3500 2114
977 2631
3659 289
1358 2421
323 3520
2835 2841
1793 1134
2433 2394
775 67
2675 2389
1353 1463
467 703
3127 2072
1433 3540
1221 3358
2198 1342
2287 2542
246 2611
1780 2048
2461 1368
1837 1126
2320 2908
3176 359
28 2317
2039 569
2953 2885
1504 1920
1489 2412
1307 1291
3484 1366
166 3344
20 785
2009 3
106 3077
891 599
969 8
1291 3550
1274 2644
3470 2518
3594 3133
3542 2044
3447 501
1102 3604
2433 3545
2841 801
1023 2582
3435 2044
2458 347
305 677
2960 2963
2786 704
904 3259
513 15
2161 633
1472 777
62 2484
2630 2392
3670 3136
2762 240
2018 330
2560 539
3225 2981
62 3346
3503 1493
948 930
2581 92
2808 1281
1168 775
965 2876
3552 3091
3599 696
2561 3449
1409 1040
3359 3337
2495 2354
659 978
655 1412
614 219
918 499
1644 2214
2787 3339
3014 914
529 2161
2890 1300
2016 2912
1440 1366
2326 2087
3234 3299
2354 3146
72 744
2161 3257
2507 3512
1066 2666
1069 2512
481 1302
1354 2826
372 694
185 783
898 392
849 1101
2252 621
1607 2910
2826 2859
363 891
879 592
559 2685
2893 1957
1235 2025
3632 3225
954 3560
15 1503
429 914
614 2216
1644 3661
1862 1618
3087 1842
2626 1377
807 963
1782 535
553 2376
1163 2166
2766 2640
819 2983
3163 456
2151 1723
1937 1851
2402 683
2781 2402
1424 1236
3193 394
630 676
1357 1656
1545 1357
958 3441
1351 811
119 1299
417 1798
3203 3097
2437 718
2978 278
929 1542
3014 2225
3273 133
433 53
2180 620
3202 3200
1369 141
1926 2771
2083 1840
3634 336
1563 1516
3479 719
2659 2466
1193 3536
1442 3018
1477 2258
3671 1540
3381 1263
1709 3057
650 3455
672 1854
2839 2509
1311 2210
3452 50
3679 2548
930 1161
2029 1896
1625 2685
287 791
1957 3569
1607 2496
1795 837
3037 3446
2295 3655
3140 3491
3092 2873
2973 547
3122 2163
81 853
2332 422
2261 1263
2122 62
887 1854
2623 2992
338 721
1993 652
922 1622
3313 3267
1263 991
2587 3070
1270 524
318 2407
975 419
3432 2192
2434 3068
217 1330
760 2454
1107 144
3061 1067
383 353
3640 3164
3202 2901
3234 666
3495 1235
1649 450
225 1868
338 819
2373 2912
623 813
3506 1478
3470 2454
1833 230
2613 2321
1615 1991
3099 2556
2254 1000
2793 2311
1493 3336
2288 2032
1204 3577
2235 818
2961 2918
1624 1832
3264 1701
2446 2862
3603 3184
194 232
793 3344
77 1288
1976 3660
3574 1390
2699 3616
3405 2307
477 2373
731 3694
454 3234
473 1612
2139 2534
733 1112
968 1149
3299 3347
606 2961
1230 840
3252 2861
1442 478
701 1561
774 389
731 2113
888 12
70 2897
1408 1330
1190 2166
3683 44
3087 597
660 153
3677 1565
2397 377
694 2603
2801 3020
2908 1512
1321 3437
2110 2972
1993 2691
641 2088
3334 2806
2156 1830
426 2051
995 2876
2872 817
1062 588
2497 1562
1239 1924
2296 1527
2344 2137
335 2840
1090 1774
878 1571
2187 2639
2721 2710
987 3165
2186 1649
2671 2493
557 2382
2783 2812
338 657
1287 429
1081 920
73 291
3339 2820
3113 2935
3072 2886
89 1910
573 2152
424 147
3186 1681
3663 2835
3482 808
700 843
462 3378
223 87
367 358
3046 3478
2259 945
1183 2313
492 3571
2650 469
3157 264
1646 778
2206 2990
2790 245
2671 2528
289 2459
56 3364
1285 258
752 1347
1938 1709
1820 2257
1503 1557
756 2576
947 2619
3189 3089
3569 2411
3078 3161
265 2278
2389 2047
2947 2179
468 820
887 2240
570 1737
2164 163
316 1173
541 2225
2537 2389
2090 3572
2323 3081
1855 1073
1764 338
1176 3600
1342 10
177 2579
1937 2096
2285 1287
446 2252
2703 1439
2626 807
3448 2147
2497 1228
2444 2400
1507 1108
979 309
2165 648
1324 2874
1703 1101
798 898
3149 1825
1499 3125
3668 1957
951 1788
3128 3236
1645 2775
1081 2593
1437 856
19 629
2654 1897
1656 1092
3503 3070
508 2706
1505 1146
627 1691
1403 2060
399 3684
2687 2211
3548 1530
2057 1549
2171 1820
2910 3465
3399 912
1839 3340
3483 1007
2008 1929
3056 1514
1568 974
611 3366
1227 3090
3552 3293
56 82
2754 1035
1576 1553
115 606
1483 2600
1442 1001
3602 1392
1820 492
2215 485
297 403
2062 931
765 1850
332 2880
2791 1857
1278 1674
2914 2433
2623 1184
663 2792
1363 2992
735 739
1689 799
2781 2186
813 2869
1352 1821
863 3177
1371 327
2187 3644
2414 1948
3398 1430
3259 761
2813 1677
685 679
190 3567
2176 2917
1200 752
1581 107
340 1728
33 1579
1606 1027
667 2639
1409 1366
119 1561
436 1176
2183 435
2926 3663
116 1212
973 2428
2700 2033
27 3385
1296 833
2050 1200
1969 3374
3039 414
2698 2721
2078 303
2868 2837
2816 2766
609 1397
3489 1417
943 744
2788 1842
512 401
858 1902
3229 3277
3252 171
1772 2373
914 1685
3247 2190
3166 2389
3214 2970
2140 504
1365 3284
4 1336
2316 2541
33 690
608 415
1921 177
1462 3609
3123 1447
1003 2096
612 3105
1935 2859
1040 3698
987 3297
885 1496
3259 2769
898 811
2856 864
3041 11
2184 699
2273 2089
820 2816
2855 3475
1571 2174
421 2741
1477 1434
3188 3483
1825 2933
2271 3564
2945 2380
92 1845
2017 43
961 620
203 3133
439 3669
1746 2518
2665 1222
2892 1459
3376 2860
1330 3351
3128 1301
3028 1862
2994 461
915 2346
192 3070
3169 1091
447 887
3179 722
1332 1662
3568 2399
331 3533
1481 170
2740 46
1336 1115
2099 916
600 2857
1707 1894
2209 2074
1280 3212
3264 755
2875 1065
166 3318
282 1946
2161 2305
2761 3477
24 2925
739 2170
393 1836
1663 2525
1037 273
1456 591
3688 2853
2555 1198
1750 1452
388 1670
2333 2435
195 1244
1238 2941
2306 2154
3147 1564
1733 3447
980 3288
993 22
1743 735
698 1702
3569 3565
3027 697
2798 1800
948 3049
108 3369
312 2808
2409 2146
3229 1268
151 2731
530 2799
1603 995
731 1689
2694 2516
1068 732
1066 3451
1436 606
1024 2779
17 2541
2327 82
1101 1212
2983 2633
2951 1575
1713 820
2449 1144
339 2177
3138 2325
414 2607
3008 3177
1995 2340
1840 3652
2967 609
1178 1948
1104 1966
2776 1061
3442 185
3247 2170
1215 2895
3185 2869
860 1930
3502 809
284 1651
3330 644
2294 95
1856 1839
2366 3530
45 246
1905 592
415 2212
1292 971
2222 2769
3040 3367
666 236
3436 3100
1779 387
2134 1563
657 2330
2595 2076
1062 1108
2822 2964
2531 3614
1497 1668
3324 2534
2285 1812
328 2848
1336 490
3402 1207
1344 1443
3037 546
3045 3573
1759 3010
1756 2903
1305 736
3196 1662
2259 1385
291 40
1108 811
2239 3019
2763 1072
3110 2225
973 3177
1603 2083
760 1944
1994 2065
2993 1823
2604 2615
627 2892
1621 2218
3295 2031
815 3087
2059 443
2700 2517
315 1045
1379 3567
1904 2916
3128 2792
1154 3434
3314 1106
988 1216
1655 870
2394 403
2148 1965
3194 2099
3353 3369
1227 338
1392 3424
1612 2046
3142 954
746 3573
2243 1847
530 3238
3636 240
1854 660
1530 3258
2582 3319
2282 1804
511 2959
1300 2857
340 113
45 3563
869 370
2031 1549
1085 954
487 1652
2467 34
673 1532
1101 3418
2793 3113
1034 1514
2421 1116
1046 2337
1552 2830
769 1023
1581 3237
2013 2268
965 181
3388 2878
3275 2721
270 2532
3526 2990
1399 1277
2819 3459
3117 3384
1879 487
2565 2866
0 388
2341 2774
1936 717
1955 1946
676 691
2689 98
3347 2249
1353 2650
618 737
1515 3170
2545 2516
3021 2870
1395 1529
2091 40
3323 1707
1889 3636
3135 2194
2362 1083
2418 1247
486 3629
1643 71
1024 2997
442 141
99 147
1150 1390
1800 3601
1960 334
1142 2383
1938 2301
1829 330
1961 3044
1023 2825
3262 1769
1449 1822
835 559
2886 3431
2627 943
327 208
2715 2508
3027 873
325 725
1786 2149
2047 3017
418 339
656 3314
2093 3442
1264 3386
3222 3236
3641 2446
3062 2688
1158 2021
1739 2236
2184 761
3605 174
3596 2463
3245 2071
2825 1645
251 2007
967 1876
3152 1068
597 2815
3418 1505
1328 1830
288 934
460 1762
2409 2762
1804 3473
1828 2470
3086 342
950 1013
2465 3076
2301 198
3599 3588
1965 1941
1288 3507
3525 366
2085 1481
1384 1117
3649 367
2958 3319
3022 134
1034 2082
348 2060
2766 1210
2352 2498
3194 296
1672 1413
2118 1089
1435 700
3439 1496
8 1186
1601 3030
1715 2228
2427 475
2512 3329
475 2554
2657 3669
3334 1725
999 2529
2416 2695
1752 2173
937 3027
1512 3426
1612 2077
2609 1443
3317 569
1377 2862
1887 1696
2465 2123
3299 2235
1189 2960
3616 180
2283 1997
2084 3076
1527 2317
583 691
1089 2786
3563 2642
2926 41
3617 3534
1525 1193
1700 2218
2367 2866
2544 3283
2809 527
2444 262
2922 2601
3253 1876
2206 2571
1552 301
1719 2610
1815 1938
1014 2139
3629 224
668 120
427 2943
3487 2080
1794 2613
681 3238
2859 2308
1073 3397
1339 2166
1294 619
173 562
2476 3259
3514 1106
2272 3286
3671 1173
2596 614
2478 967
2282 3182
3115 3392
1743 650
661 2656
1167 1335
594 2110
363 3270
1059 40
606 74
2553 3600
2182 2837
1410 349
3025 1833
2037 1071
2600 1143
2085 538
790 2168
1520 1466
569 432
679 2945
1142 576
347 982
3044 2953
3092 2777
2564 1955
2549 3559
144 1481
304 444
2463 1681
1330 1861
3552 2184
2632 545
3127 384
787 552
544 34
2918 2010
2781 2173
1214 311
2669 337
1886 1675
824 1425
1577 1174
3634 2622
741 2909
728 2952
129 2867
1077 379
3302 2808
902 4986
3031 2930
2228 2309
457 1193
2226 2556
138 1248
2429 349
1288 513
1412 3612
1090 2076
325 431
2670 3491
2293 704
3424 659
1661 1308
3179 153
972 3590
2395 3017
2221 1985
101 3413
2580 3541
1770 3034
214 1713
2258 1747
3048 1782
450 3698
2158 1060
986 3629
564 1476
512 830
1078 1644
910 1712
2174 2894
2503 2530
875 80
2381 362
1042 2613
1616 3311
2108 2827
1351 767
2402 3281
2223 424
3452 3267
3404 1033
1846 1712
821 2038
190 2820
429 3030
604 2924
3212 2822
492 2735
1675 3542
3128 1991
3019 1794
2918 394
2310 2648
1113 3219
3240 2962
1437 2944
2582 3188
1686 761
184 231
1529 975
2868 2275
493 839
1933 3043
3356 1903
3206 1144
1967 788
552 569
3534 2341
3466 406
809 504
2543 431
1351 1611
1311 1453
2996 2079
2735 2836
2950 2649
891 2200
3210 840
2370 1314
765 2331
3390 1029
1718 451
1694 3495
3218 754
37 2418
1107 2894
3404 1809
2663 3253
2955 2476
3520 637
494 2987
2454 1066
119 1168
1689 915
2501 711
1177 1839
1502 791
1805 2682
1482 983
2195 1109
3449 3667
2654 790
2476 1026
301 3032
249 1390
3187 560
120 2662
3105 1714
3358 2299
416 215
515 2929
1026 1751
3692 34
2984 1226
2516 127
2272 2284
1620 2390
3022 419
1883 2311
2412 3534
2383 2682
1428 2120
2294 855
2154 3417
3193 2634
2534 689
1951 202
2042 1363
2919 2565
3044 2994
2631 3401
3267 3592
2965 830
1759 2763
1052 2276
346 266
1396 2028
3440 44
2615 1468
3039 3584
3564 620
3228 3597
950 2833
737 3028
2727 2088
3448 2396
1875 3278
1322 2762
2548 3031
1418 2011
751 2749
3465 1880
2396 585
1557 2881
736 1194
3606 2930
1552 1342
2969 74
3155 1409
2569 1793
2196 1736
2536 3613
3206 2646
1218 2489
2572 858
3150 3611
1301 2502
26 1832
391 2233
2729 1087
1360 97
3672 1130
2371 203
509 1345
368 2312
280 509
2942 2404
2537 3436
2885 3505
715 909
3215 1295
1979 2370
1838 1067
1492 2895
2957 2787
1139 465
912 509
325 2998
1454 1040
2196 3209
2013 1648
3299 1422
2625 2624
3601 3222
454 2815
973 1686
3036 1168
2645 2421
1777 312
1865 559
3066 3123
1096 216
3488 1902
1880 994
3598 1379
195 1904
3155 2418
1350 2167
3365 1061
503 599
1945 812
2871 204
3343 3519
1617 1136
2499 2837
2103 430
878 2909
3102 3659
431 3040
402 1560
2105 1343
3301 2863
2113 3406
1784 617
3278 2622
3092 2363
2381 1936
3506 580
3636 3176
878 106
495 1093
791 2427
2373 3190
3507 3116
769 263
3575 1429
1776 1734
702 3473
2848 2324
767 538
2296 1192
586 2121
1863 2430
1618 2052
899 2926
2840 1860
3250 222
2265 530
3527 1198
1735 537
3387 3370
2835 870
2360 3624
3454 2328
288 3516
2121 876
2467 3550
1255 2158
986 3388
2571 566
2016 2857
3316 809
2971 2010
2288 563
3440 1052
2384 2866
1921 527
958 98
3699 725
662 101
2016 2602
151 3409
651 3597
1094 2965
299 3481
2405 585
3243 1586
3081 374
2239 319
1774 2186
2904 2252
2924 1300
1118 3040
1391 2773
687 3062
669 1852
3408 2362
2361 1011
1232 1516
1932 359
1449 2336
1715 1813
1512 460
2647 2555
2037 579
1853 2315
2168 3434
1942 2663
3230 2214
2272 3023
3559 1475
1860 3332
3038 1392
1554 2625
2831 2947
3247 1960
1009 1790
2046 3342
1975 788
151 648
638 2607
1250 167
2742 3043
651 595
2482 2534
3411 1492
154 318
629 418
967 2743
2220 1531
1174 3691
2302 2999
947 3035
2146 996
1828 549
3035 636
2709 143
1112 1269
1267 311
2489 2607
746 270
3376 1321
2670 2409
2238 1865
109 3205
513 3002
3334 2935
1433 565
570 2111
3206 2208
547 2839
1633 1276
2639 3007
629 689
1751 85
2542 236
2109 1267
2093 3392
2917 2704
2962 1878
1936 2200
3570 2432
2571 1495
1837 3498
1470 3026
2608 840
789 1235
785 2387
3672 1671
155 2595
1627 349
798 2773
3012 2597
932 275
1029 926
714 193
1447 2586
2106 3175
3044 173
3385 1340
3320 190
3210 2348
2996 2617
1906 731
2755 2735
375 37
1312 1207
2943 1246
2552 1134
2833 2025
679 2756
681 2135
1309 1263
2422 289
298 1689
203 1047
1269 585
2225 1637
3291 2707
2385 1924
3498 985
593 1778
989 2071
2614 940
43 2899
1798 517
1608 3002
2128 1071
1774 879
2025 1261
879 2654
416 3661
1069 2281
2981 2980
855 714
2811 3208
3286 2757
3546 3083
1828 1197
3442 3573
504 3379
54 84
500 544
823 768
1269 559
2080 2427
1822 562
3067 1403
3024 1245
803 1970
1672 1419
3214 1835
2609 1466
2013 2238
3206 3641
2102 1182
94 2585
1770 1976
3368 2616
3213 2885
3590 2475
1259 325
3012 3463
2421 2399
2397 3119
2245 2425
1295 1413
2139 3036
2085 573
3210 129
1366 3524
2619 1191
1736 539
1420 2996
2695 2252
3088 2655
3081 2114
1311 1889
2683 3377
1210 1053
3390 2021
3181 2598
3439 2984
3429 3320
8 706
2129 2942
1705 1673
3316 1059
2740 2487
482 3000
2141 3263
1873 1686
1581 1993
654 3433
2974 1410
3065 3068
661 1904
2082 2998
1901 2036
958 3378
699 3625
330 3491
510 1252
710 1802
3040 617
1867 3340
3131 1362
495 3449
3620 2941
522 715
458 464
1227 933
1827 3480
3371 2371
2864 281
1806 1671
3458 2069
2229 2270
2026 2166
1897 1605
2957 999
1959 272
1792 1563
1307 1404
529 3387
450 6181
1426 1363
1539 3224
808 1155
823 3180
2152 2279
2978 2153
312 1183
2965 1219
2734 1872
1571 3699
851 1666
1936 2917
2828 249
1192 3415
1770 3602
2077 1651
205 175
3175 2372
2921 591
1408 1278
2580 1827
3356 1900
2300 2266
3654 1356
248 2024
3293 1130
3386 3608
484 393
329 160
2005 1119
3549 3474
2106 2112
3155 2328
2452 967
2051 1200
884 1405
562 3231
1576 2547
1373 1500
2959 1491
3124 1893
3343 58
2260 2213
456 349
3416 2717
1706 1314
1735 2734
2979 142
