1285 1178
1006 36
553 975
353 225
947 1270
654 120
9 602
611 1156
917 1006
676 1286
972 1060
1203 455
443 220
794 930
1020 300
1184 337
906 1053
1029 1061
1038 1282
829 131
128 860
871 771
546 585
291 225
316 439
505 595
840 814
1284 214
1028 522
584 185
987 1198
820 864
264 81
289 771
143 199
284 1181
115 326
779 1077
1064 532
760 415
1190 492
933 736
770 200
108 949
902 1105
574 1073
1060 962
539 1036
756 1168
339 763
1283 495
760 494
1228 187
25 536
478 114
446 241
48 681
577 1000
1086 818
457 844
987 269
285 570
728 239
873 564
1205 584
530 228
35 674
660 692
79 742
1110 498
353 1119
788 362
1189 190
1032 855
635 1181
84 63
461 1189
317 806
931 542
322 898
919 11
491 614
1143 986
1247 773
1036 785
605 154
1105 1245
612 629
1017 559
807 225
638 1137
1253 994
267 211
36 1251
1089 1223
1269 1136
446 968
1248 5
178 170
491 955
143 1219
1190 237
609 1121
1289 1135
808 73
1101 87
607 1089
1272 556
677 350
652 12
653 53
828 67
418 834
760 306
309 148
494 390
337 252
6 1058
718 853
910 1080
118 914
291 1064
317 870
697 890
415 294
1009 738
952 1068
117 718
683 511
1092 272
212 796
329 1076
1053 12
404 1117
596 41
1208 983
463 847
219 380
1025 571
983 1024
913 822
698 719
469 693
1102 875
778 18
262 52
858 727
509 715
283 183
664 1110
566 960
220 758
36 272
1228 1144
1026 377
308 438
1032 380
1095 821
201 576
385 428
49 535
926 1292
988 501
652 216
283 1104
927 674
1209 291
964 483
628 317
1175 462
850 407
270 523
830 255
728 499
1136 56
1127 1182
394 869
1127 582
1062 129
1011 811
1009 1057
73 559
645 242
669 299
1059 55
747 933
215 214
1039 353
373 871
895 378
94 369
468 729
872 390
1237 1210
427 336
1062 860
481 1049
429 140
693 419
1179 390
857 328
1073 342
697 870
873 122
1056 1184
441 301
474 177
268 253
115 921
773 690
404 689
672 466
408 1188
471 982
834 665
1254 739
194 882
455 827
833 234
321 850
31 882
768 376
1185 257
515 545
379 790
342 520
556 188
291 1230
532 18
1195 1211
404 858
922 975
310 843
972 126
175 558
1060 695
146 1157
651 119
490 151
433 886
1185 213
608 799
881 1251
450 812
867 379
498 494
258 1298
66 642
862 952
1197 378
967 799
964 1171
650 1121
3 583
134 723
1121 460
435 122
1212 827
441 515
284 844
420 28
1216 1011
357 66
8 860
352 54
73 932
600 636
54 248
137 1234
583 23
997 628
941 663
99 1269
582 829
628 623
591 538
1227 1147
16 187
48 54
1222 553
1282 1119
1229 266
1167 903
82 544
425 1097
704 359
958 1299
879 211
512 42
916 536
951 1000
677 1045
1069 705
1022 228
125 1261
182 1224
839 501
1124 123
59 753
695 491
1221 992
537 31
1206 640
65 239
1178 145
1057 200
102 529
407 722
592 1002
522 961
430 176
522 1103
595 1006
402 1191
906 356
279 619
257 1032
122 888
1101 1073
1249 248
1257 182
370 433
613 664
597 1137
430 957
1015 543
430 1235
420 458
400 380
1015 1001
332 1197
1234 1137
185 160
173 182
1117 1264
130 45
381 289
564 1235
933 799
82 1005
1153 555
1180 1209
1263 1150
1279 573
1142 617
334 1039
840 929
1273 679
722 443
426 2
526 865
1043 802
598 360
57 745
1277 536
799 904
1187 1139
1040 536
1209 1094
1126 83
493 624
422 37
77 792
566 1243
136 688
705 112
111 880
418 481
527 286
934 71
1095 777
1191 1061
329 332
484 881
961 763
1011 713
1221 305
1231 1266
785 991
1199 271
895 190
602 1036
343 180
497 427
1106 568
783 1240
1025 439
30 141
1234 3
376 517
1293 583
867 159
797 998
1025 780
1246 449
239 196
783 460
302 522
1246 809
1170 1038
1263 752
320 500
615 731
206 961
713 913
657 205
715 1126
470 29
444 746
797 1098
797 619
656 311
134 435
121 57
612 95
697 779
377 657
852 202
104 1092
469 619
330 941
134 701
1150 320
1124 1122
754 1197
1099 965
402 1285
821 546
811 798
634 437
424 1070
1100 330
452 1172
1140 999
374 411
597 1
1054 712
972 107
121 36
446 1180
867 1100
999 1240
753 1087
515 883
491 253
510 679
1152 697
204 836
417 1267
1108 1010
1247 537
504 653
520 648
591 582
242 440
1266 1190
988 1142
136 1012
206 525
336 628
152 284
793 555
506 469
606 1135
1103 672
400 1003
428 684
45 1033
1061 207
1258 1284
1207 582
1226 1092
793 327
1010 540
9 550
718 1143
361 551
1026 620
208 686
741 141
415 739
1203 296
1202 656
568 911
184 897
635 21
630 1066
1029 790
1197 423
87 281
897 1039
867 642
995 187
1182 687
968 188
937 792
460 1210
729 1274
603 807
682 1277
918 1048
627 654
789 1254
1187 312
684 667
549 247
476 68
1197 887
173 779
645 311
291 1218
662 973
327 1027
944 728
660 1043
217 21
69 906
1109 1239
821 1144
1188 70
855 526
913 1281
840 857
1127 748
532 940
1030 997
573 889
1000 289
170 897
798 203
105 505
407 689
236 762
247 275
662 393
788 924
697 520
706 831
723 677
1034 363
1051 1021
218 0
1186 145
287 954
56 789
535 574
697 169
1199 752
1037 280
502 594
196 701
488 454
710 62
861 1046
471 405
220 1271
123 70
632 801
858 1262
168 1158
346 493
173 674
534 911
1253 749
1092 5
1073 157
1051 800
878 72
315 483
1050 286
669 1273
995 231
1070 323
906 891
269 740
909 80
106 319
970 958
663 630
313 758
673 792
1221 648
338 6
1176 1190
555 563
792 890
1217 141
289 1125
967 696
513 115
26 1298
628 1231
300 298
430 820
623 1099
351 162
809 213
1090 358
715 858
521 1196
743 458
792 1007
1227 565
1064 388
755 410
144 621
127 405
700 149
447 167
675 288
800 894
615 1024
1103 1205
407 972
21 845
1065 574
398 753
225 704
15 308
203 284
1244 52
729 80
11 513
761 965
739 1125
1255 571
212 1299
1230 450
1164 766
521 617
1135 111
176 80
972 167
113 618
209 1127
70 901
298 447
805 1216
105 374
1192 1082
189 552
786 549
456 222
683 191
87 30
1076 138
123 823
39 619
1166 60
698 576
257 858
478 486
560 897
1003 942
42 903
403 818
920 864
578 1197
525 1062
1214 47
205 213
35 834
1091 1115
500 317
1148 473
348 495
98 629
669 1165
842 1076
353 354
1002 602
908 12
668 938
825 107
1037 1128
951 74
449 1077
19 1142
236 805
889 159
1000 181
622 138
223 545
885 653
360 1016
199 790
941 422
748 1174
985 95
460 13
848 1086
216 467
908 1096
1021 1162
1050 657
970 260
988 1091
142 1031
118 860
1158 72
147 955
293 852
681 221
937 901
437 1037
320 1284
985 459
961 852
929 1209
80 661
185 552
1144 820
34 666
978 671
116 84
368 431
383 852
6 197
145 481
1173 1030
819 531
294 804
513 1271
757 1127
177 587
158 597
384 682
26 1135
408 55
203 1092
766 1252
923 323
339 932
751 1228
267 506
1139 344
313 353
1263 556
666 260
312 1005
670 133
996 638
765 367
765 309
17 962
9 867
75 537
39 895
787 322
1094 547
565 252
839 768
1137 334
330 340
1225 764
406 693
459 577
374 831
13 776
579 1295
293 255
1067 24
789 785
200 592
12 639
1019 109
964 880
1145 521
803 995
876 283
366 486
75 559
841 125
975 654
396 231
674 1204
728 45
1117 215
1290 250
662 497
949 387
753 93
619 113
701 515
73 1015
700 719
1032 146
15 524
157 689
915 78
1154 746
952 240
1187 1085
340 492
955 434
182 1075
1146 737
309 1109
1224 923
587 963
689 920
111 418
113 189
514 95
480 262
115 1022
426 92
91 996
1253 1230
240 43
171 855
922 1049
976 194
79 1075
161 714
819 180
255 315
1092 25
991 833
688 713
861 372
71 1075
853 925
1213 372
862 1277
892 427
532 552
215 51
1182 606
201 809
507 338
685 506
957 695
444 1224
1127 1224
706 329
221 983
614 1250
319 926
144 451
1227 258
125 478
308 162
1029 790
468 788
326 381
482 763
21 818
1157 474
1270 59
1065 616
770 663
458 710
497 801
16 625
762 949
1175 717
190 1106
532 999
1188 697
626 182
756 276
366 714
427 56
142 165
911 694
804 623
1129 196
994 106
795 889
240 48
549 230
950 189
95 817
1152 148
669 1288
17 521
731 494
1254 173
920 991
720 419
1111 1221
725 392
807 503
693 1585
498 1178
693 636
639 124
463 630
473 1272
762 618
504 419
0 692
1163 468
298 34
311 904
1113 1141
564 240
652 597
269 953
723 1022
1196 1175
878 370
292 1010
1102 264
727 547
176 332
825 943
1028 391
1127 874
760 142
408 365
459 797
818 1033
21 229
45 596
373 1275
910 1263
342 761
899 343
339 1140
904 94
358 240
349 766
108 323
645 4
635 48
307 1155
341 660
157 856
201 1121
520 1005
396 663
438 706
770 892
91 764
378 72
290 9
108 880
311 622
1026 312
99 208
1272 829
1164 446
646 1178
1292 1016
834 23
1161 473
1099 455
279 87
668 631
413 823
1234 688
885 956
1126 126
100 774
1087 759
859 552
1017 599
10 955
459 306
778 1178
630 1261
160 106
11 418
436 1263
445 842
891 882
921 865
863 1063
1009 8
918 334
655 412
231 21
360 591
5 1033
1251 1037
1028 54
1168 381
578 210
895 1277
311 1226
526 145
73 532
1068 1262
519 777
155 112
209 215
681 22
905 1299
891 150
1133 472
43 1210
1178 952
72 25
926 1120
468 916
254 356
602 235
1101 218
58 216
913 447
126 576
1203 284
150 594
811 506
1028 434
927 293
147 1034
317 1107
499 467
1024 333
602 238
1254 57
1001 598
1006 226
665 643
672 1297
313 86
891 141
998 367
107 925
498 289
315 47
198 680
975 845
907 285
757 592
808 159
1103 468
635 481
209 622
693 686
450 1083
364 904
266 1262
1268 26
910 322
294 833
1292 798
105 1289
296 412
1146 281
1100 637
1259 1124
377 554
972 4
140 1169
692 929
349 300
927 1080
146 408
917 822
756 307
346 256
1298 1074
240 1252
330 381
499 1
1294 780
411 245
1012 247
753 95
939 880
532 1205
1082 1105
1047 833
1059 642
424 1140
917 352
447 1232
834 428
658 1102
776 2467
748 898
926 1183
53 1028
1039 608
907 241
794 61
318 74
555 1010
42 407
1276 355
295 1280
831 214
751 643
1199 688
418 470
572 931
1173 581
398 713
596 61
185 1031
990 1170
559 961
963 1027
599 570
137 209
875 204
128 343
1126 990
355 1097
311 522
117 815
346 922
710 646
1264 1010
1192 390
263 1149
173 1255
179 994
657 238
704 658
357 394
618 2288
621 263
275 102
881 77
1215 638
1069 874
723 734
893 1124
1229 454
569 639
606 1248
959 115
492 1552
60 1130
1006 756
597 865
379 317
1048 1125
575 1134
591 184
310 758
956 747
593 163
1091 452
161 808
1038 934
391 274
42 1245
854 253
632 690
432 131
1020 854
624 169
493 1057
329 445
83 717
37 447
199 349
1115 1119
1280 287
222 305
671 294
450 637
524 719
1261 586
304 2
942 350
864 1126
691 423
640 1117
738 505
253 93
334 548
500 17
371 417
1099 1072
96 1130
376 704
630 107
98 790
861 1129
488 1139
650 273
180 232
900 24
475 335
401 654
59 141
806 438
48 767
831 354
701 1137
396 156
951 174
577 1013
1107 91
457 137
604 1103
763 1069
476 396
582 220
443 1209
226 501
359 328
1072 142
1004 327
958 710
73 750
1217 551
1257 1255
364 1114
559 882
1246 396
1163 552
85 957
292 900
1162 611
1048 1241
17 1170
889 928
220 399
631 169
816 1012
1243 648
1285 255
321 571
588 1135
778 191
1223 436
874 85
1076 533
581 1194
1187 949
1050 706
541 327
299 419
319 84
1256 894
549 556
336 695
316 680
1149 618
955 355
537 9
353 210
401 22
1168 150
702 395
1189 1202
156 1013
336 799
223 365
661 1113
442 640
529 390
934 295
947 182
983 1537
774 115
481 1192
742 135
127 197
747 340
642 486
234 667
1112 1253
595 708
627 1257
953 22
85 880
447 375
231 157
613 188
490 806
645 1160
1075 711
5 98
197 231
621 477
988 1207
557 1239
77 300
433 982
757 312
418 1156
676 66
611 1295
1040 1111
604 824
199 1005
463 316
362 978
980 320
1250 714
851 543
1009 1027
1266 24
994 1261
1128 682
155 305
1018 67
377 656
161 612
882 181
617 1079
