2539 1180
219 3341
3426 3544
2953 985
1801 2720
2435 773
3061 397
3117 1232
2593 3339
1066 2908
2938 3284
2679 2035
2026 184
2551 2644
3423 2345
715 3132
1238 1891
2381 832
857 505
2730 1767
2371 890
3355 3252
3564 2675
3262 2544
1110 3134
2598 470
3186 2791
1483 264
2783 3599
222 3104
2224 3210
1742 1920
2825 564
592 731
1270 3200
2303 668
856 1680
2480 1700
3565 2832
1040 1634
2027 1853
3516 810
1320 1700
301 1448
3369 1412
1886 3501
2997 2869
3083 840
2645 162
3176 2961
1403 962
2475 3070
2172 3013
407 3400
1884 218
1877 1256
708 333
2849 2891
1682 620
2447 2085
2653 2779
1385 1217
2914 2462
502 2294
737 564
648 3350
3358 707
1425 3136
276 2926
499 469
1852 3459
2819 1960
2886 1888
1449 3134
674 3142
3063 1268
3054 374
3124 3360
1020 984
3 720
3246 2059
1109 1823
1153 695
2167 1798
2723 461
1673 2223
3587 2432
3037 452
1908 957
1944 2022
189 2309
696 3306
2592 1307
3170 1085
1637 1561
3287 3369
2466 1757
1826 399
3305 3457
1441 340
3198 1288
1565 2249
3363 1812
1159 1234
1443 2053
1793 2136
887 1324
2551 2441
504 2973
1016 2669
2162 3203
1781 1412
1216 2253
1300 1883
2394 6
1233 3342
2504 3171
2354 2487
2306 2373
3237 292
1174 2254
1785 3031
4 2528
2550 1255
3193 1873
2506 707
1766 1483
2432 2007
3549 2831
1519 1319
3528 1450
2380 3368
3366 2256
1773 1454
2482 2357
156 3248
2753 2731
644 3432
1848 325
714 3110
2024 745
2603 820
2119 1380
2142 2197
460 2936
1350 2918
2119 2945
887 1062
954 1461
2018 1986
1944 2297
2910 1161
2889 3072
2325 1950
839 2302
2552 796
168 2491
1264 148
3384 68
306 65
3458 235
3422 3069
1706 1822
3381 636
3131 3029
36 278
248 2373
2433 2595
2241 738
2017 46
532 1153
2163 636
1549 299
189 1526
1980 1149
673 881
2402 2652
2187 3055
2279 2470
2298 1374
250 3188
376 1231
1014 1100
1048 1537
1662 819
3243 556
3285 3376
1471 2761
1612 2411
3045 3070
2473 1156
3437 2040
2336 2384
3472 769
1745 1709
3034 2225
2589 3175
1570 1104
1046 964
2999 89
2179 1081
760 2939
2013 736
2800 3305
2872 1441
2077 145
3473 1581
844 106
897 3481
2770 2822
715 1143
2985 1351
1080 113
2757 3470
1260 1183
1634 686
3540 2136
2604 1727
1471 3156
3483 2303
1590 3088
153 1922
9 3115
720 2490
24 1885
2421 2307
2666 2344
2859 933
2222 406
1206 3324
1628 2722
845 564
2486 83
987 3085
2240 1458
2978 1966
1769 44
572 1238
773 1699
2271 878
1033 1456
2364 1307
2787 419
1861 1423
1555 1131
1385 255
361 224
2029 2351
1644 62
1400 1993
2996 204
1451 1356
1958 858
2027 3089
1482 1306
2556 313
105 1716
1196 1603
3336 1709
2474 1050
3148 707
1809 1162
1673 1007
532 1283
1643 2317
1208 1270
16 1367
3224 3436
3248 3133
1129 2822
1914 577
1180 1999
1868 3599
857 2430
334 2810
1885 2568
1356 1506
3395 786
2574 2817
984 2724
454 1540
1038 2232
2214 3255
1535 1378
875 937
2428 2010
3001 2975
2849 884
2469 676
454 2433
2889 2398
837 478
2039 236
1506 1978
3502 2043
2716 646
2210 2360
591 3092
843 640
1619 3090
1244 2195
3589 1536
2269 566
2672 908
2616 232
1768 3375
781 3405
3347 481
2866 2230
3540 1703
2427 1761
52 2717
2977 668
367 3086
898 2293
2649 3008
2870 2781
2043 2301
457 3564
3006 363
2377 190
3459 1533
2382 2250
2108 2035
3553 3187
2042 1965
3050 2167
2452 2589
826 1845
2625 1641
1041 1419
1491 3343
3165 30
2208 1988
1201 3267
334 197
1597 538
394 751
1759 3146
3237 1929
1446 2439
459 3407
1823 384
1969 2602
2750 1013
3018 2634
1339 1830
3383 805
902 3399
2457 2202
1992 1504
3268 3406
1352 2576
1970 888
38 833
3456 344
3063 3158
2473 2017
910 1441
157 1256
2740 2946
94 2676
1459 2954
2119 533
2293 1534
2154 434
1699 582
3220 3482
205 3284
1326 2428
1254 242
707 818
648 1941
185 2824
619 302
1150 411
3085 3151
977 1436
2543 763
201 1235
2412 181
1126 673
631 1514
1186 1646
3168 587
3588 2160
1474 2051
2289 1917
684 3239
847 3016
2730 699
231 327
2591 1409
22 1061
1217 1756
1456 1811
2849 835
1218 1850
22 1073
3075 1484
1733 520
3093 136
3247 2710
1422 2908
1751 3056
974 100
3246 764
1036 2992
3245 3595
2993 1172
3599 2034
2529 3114
1320 1305
273 258
1893 924
2121 1881
1761 3104
2920 2359
2130 608
46 3474
414 453
75 2320
2829 2772
2641 1818
3068 1745
1768 541
2843 3569
62 2602
1188 349
2392 2652
696 3330
1210 1033
2120 918
2239 882
2781 2309
886 501
660 1817
1785 1842
2617 3448
1723 1642
1919 1911
1117 3219
410 2556
2028 1080
585 1986
1339 1421
3091 3030
1945 1281
1901 1486
2255 1292
1205 184
1704 2391
126 2976
2941 171
1224 1596
2924 1378
3003 2306
52 1290
2944 1193
1392 3176
3132 780
350 473
2234 2747
3146 467
2436 748
1787 3258
3134 2015
122 1294
3167 1343
3099 1442
1676 2819
1530 2743
2771 389
2803 3367
177 1498
2413 2366
832 2192
852 2979
3057 1814
3569 1700
1474 452
2745 511
76 3180
2735 2445
1611 2200
3046 2008
3018 483
2296 2174
3419 3396
2972 2014
1473 1588
2503 1678
1034 1857
2593 1759
1227 2683
1555 313
2266 1195
810 3344
3106 1924
2027 3384
2471 3361
1955 3188
2071 558
1897 1609
2984 1955
307 1314
3411 3435
1746 93
2893 2483
1707 354
2078 509
1026 660
3376 1060
2309 2832
2358 2314
1842 2546
1526 2974
1734 1255
2501 1753
2676 142
2941 2407
2302 727
3309 2322
1634 1277
541 266
164 2640
1261 1650
436 1018
2777 3364
2156 2884
123 1412
1321 1345
1965 2001
2611 1208
2936 40
3546 1151
1247 3587
3119 562
1585 2607
2028 3267
2255 2347
49 940
2203 652
1612 3232
1080 2253
2596 2911
1636 2244
2002 56
1759 1696
3373 809
1910 2462
2720 721
2673 3083
90 2471
1157 148
2370 1172
1782 457
2021 1083
1853 352
1134 1896
1058 3461
640 3222
2390 1247
3027 2011
3232 3150
2792 718
1538 1185
683 649
807 52
2788 2985
2027 1206
1770 2994
823 2920
245 432
87 3170
1390 1896
3546 1311
1909 2541
262 41
3407 3134
1317 1632
1898 796
720 1075
3326 1674
1078 3361
673 1981
313 2921
151 3011
2309 397
1621 2639
285 197
1632 434
277 3376
407 2151
1830 2885
458 581
2257 3112
1285 887
1683 2873
2045 2247
2097 1782
821 998
1953 944
3565 1513
196 987
2728 1262
1380 302
2777 2508
2261 1435
586 1752
2907 777
792 1540
1305 2972
974 690
961 2614
588 182
1085 711
3059 1465
1672 2704
720 3274
2953 2054
2515 2638
3517 65
2155 25
3489 1300
2593 2565
2857 1159
1853 3071
1248 1296
2712 2001
2188 1712
2127 2793
3357 3353
3248 1449
3314 2173
1477 2872
1255 3026
1498 54
3503 1778
108 1724
283 2767
1008 1730
3284 1284
2958 906
90 886
8 1993
841 2153
3274 2454
1045 1263
464 1003
1827 923
1246 425
2195 2980
2816 1992
2797 2341
2879 2187
2519 513
1613 1794
288 2740
845 2745
3468 1844
34 1566
109 2822
2754 3408
3530 3373
982 2226
1326 3182
1633 143
1568 3007
2346 1288
1051 2701
1144 793
3097 2045
2506 1737
1521 1818
1616 2960
713 253
2137 83
394 2555
2809 442
3007 1112
3511 3299
2857 425
2305 2656
851 2663
364 3467
2844 2159
2012 2969
246 2647
43 780
1242 507
2986 2243
3142 1653
1874 1789
1541 491
1781 1210
3417 1651
3462 162
1335 3025
3154 2830
2494 3329
3321 628
854 303
877 2353
3297 3203
2534 1919
2417 1579
335 2422
2566 2177
769 2255
1762 1468
3129 1027
603 2322
2600 1858
3435 2570
968 3375
360 143
166 72
587 2865
2081 516
15 2390
141 2629
1880 2286
1619 493
1358 2276
3481 3453
1876 928
585 1753
2745 1193
49 1207
2363 3464
2759 3446
1618 760
2887 2715
592 57
3146 3366
2899 403
2260 1395
1589 3064
1067 2909
2337 1666
3343 1661
3089 3452
938 2208
552 909
1589 2358
2361 670
2468 2823
594 2381
191 3200
2377 2826
286 3227
1138 767
401 3468
730 2140
3241 1608
1587 800
3574 1441
3068 1540
702 3020
2699 401
775 483
314 2162
369 149
3132 708
2307 2907
1850 3097
480 71
863 3356
870 1381
988 2607
1011 1651
3160 2209
2100 3517
616 3259
427 1009
1767 617
172 3105
2482 2598
260 1030
2483 1855
183 1889
1143 2522
2516 1646
2382 1424
1591 3170
95 3285
300 2115
2182 1849
3147 310
1819 3414
2532 1394
2463 458
375 3364
2981 2351
848 701
2539 2213
990 3062
1540 3121
479 292
1972 126
2314 2117
2343 3106
2968 2970
638 2972
1759 415
1943 1465
3373 901
2776 1430
2045 2529
2695 2944
1561 1966
1481 1351
1533 2941
1333 3537
3219 13
3508 1995
1297 2037
8 2201
1323 589
262 3279
3573 605
2929 1720
1658 333
3124 2931
722 1612
1580 1903
2771 3277
2016 1515
679 1003
1886 2927
38 2237
1283 137
2096 1860
342 640
1289 2673
1409 565
3521 2867
1965 983
2575 335
618 2021
3113 2616
1960 1918
3283 2366
1733 2884
2866 659
194 719
3547 120
3364 2350
2172 406
1013 2329
3399 2360
1476 2994
439 1414
2943 3369
576 1197
1996 542
3560 1130
895 562
3243 3493
2842 1510
3439 2810
3431 1893
1254 1410
2635 686
1753 480
744 2169
391 1208
3554 2810
666 330
699 1827
1074 1324
1134 2980
2720 2533
1364 3022
2001 2758
1606 2518
2133 3091
1391 1397
1707 1631
3213 2427
1515 3494
3301 1459
175 3411
3232 3378
2079 1394
629 585
40 1008
436 2603
1480 318
2365 2456
3496 741
331 391
1766 323
2432 2882
2270 643
461 2091
1461 43
2446 829
2082 31
1937 125
3529 531
497 2191
821 3165
2931 2805
2338 2169
3164 1570
3460 1270
2237 2061
3527 1037
2108 913
3172 2770
496 3377
2588 2035
2408 2793
3572 62
969 1487
2974 2704
211 1593
1360 1815
3358 2392
2322 360
870 1201
1529 2349
2832 989
2092 1958
1752 454
2911 2288
1993 2274
3188 2372
1512 300
458 3430
477 3325
1535 1613
1950 1994
3370 546
1210 2295
1870 98
3423 1097
2572 1166
585 3353
3160 3074
3592 2373
2661 962
3484 2960
3024 1807
2432 1162
2550 3049
1568 794
275 2607
2056 263
824 307
2170 1430
984 201
3292 526
1631 589
3052 3127
383 3539
1376 3345
1353 3114
78 2273
1925 2746
2773 790
1950 2077
2775 2826
988 442
371 1524
3311 1084
3395 2762
2468 401
3231 499
440 94
203 3547
1383 1488
484 2448
2079 2301
2274 2313
2022 985
3147 2662
1444 3477
501 1266
767 689
293 2677
3329 3410
3400 2582
1592 2911
3164 2862
346 453
1821 3543
2162 2075
1784 1604
1979 2480
1213 3466
168 911
3430 12
846 3125
3310 2324
2879 2969
1280 221
1556 1514
237 1006
3158 791
1865 1665
137 695
2275 513
1701 2968
1631 641
18 917
1554 2922
2415 1345
201 605
2559 128
1911 5199
1365 2825
49 1019
438 1575
342 1074
2732 1673
640 1817
150 1331
2524 2227
3325 79
2093 726
1153 150
700 2431
1235 314
2348 3467
732 835
2876 1609
3418 3012
3045 3338
1099 825
3507 2274
1858 288
97 2654
807 193
2845 3073
2267 250
2986 269
1257 2284
1220 3563
343 3468
975 1191
1740 3494
2344 2363
2140 2165
2605 997
2094 1816
2632 1480
222 2321
2054 3436
143 3599
342 755
952 246
2302 874
2815 2536
1639 2935
3492 3234
664 1253
980 901
896 1866
1326 2368
317 465
801 1463
3513 1176
2084 1826
916 248
784 3092
2749 2540
2824 357
1770 1649
89 1327
280 3529
1148 1346
1244 3483
632 2500
247 794
2580 3176
744 2384
2762 1290
2347 216
3175 1109
639 1557
479 2113
2518 498
1566 1756
3077 2102
3449 1956
1371 1203
803 2958
3375 2028
332 2678
1570 2625
3491 3155
1283 2456
2603 246
2961 298
204 2847
699 2775
3345 684
3315 758
3247 1007
2210 45
1909 763
485 3098
382 395
2164 172
915 3583
1875 17
302 1844
2834 204
778 1326
3279 3330
790 372
299 2018
1256 2217
2586 1599
798 1042
756 715
1215 3097
2281 3185
3345 2669
257 2351
1971 1156
1072 1006
458 2670
521 64
1162 1623
42 3589
3242 968
3573 3402
874 1082
2734 3247
1952 809
2912 2914
1261 2545
1803 3389
2495 120
1512 3177
1343 136
3469 2590
1531 2327
1995 2776
1694 1252
2996 2087
1115 1183
2571 979
265 1846
180 378
1256 536
1274 1672
2674 3560
1679 114
1452 2992
2974 3007
3483 335
2204 739
980 145
2925 2441
1660 2697
2547 3244
3358 2349
1265 2722
2907 398
2190 1046
2587 3027
854 3488
3121 977
2826 2787
829 3273
3446 819
748 670
915 3281
890 3249
2131 2469
1383 1083
1082 2231
1094 774
621 2330
3090 584
1474 1621
3100 510
1815 1982
2480 2305
2254 3413
3414 3271
1670 91
1220 2408
741 3198
1824 475
2497 3522
1826 1709
2206 2461
2296 3534
529 2942
2996 3096
1412 3195
2688 1772
738 1719
1298 2459
1026 3340
1850 1757
1776 1082
2808 3058
854 2636
746 1299
1979 819
1059 1828
546 2369
1032 1352
1779 740
3076 1265
1590 1582
3259 3347
1211 2413
1787 3379
1927 1627
1006 1105
3273 3364
108 927
539 95
3070 2877
2148 2988
3117 2867
410 905
1465 762
2021 2672
2069 167
734 3520
272 1189
390 2950
1039 1134
2067 2503
805 165
5 1757
2964 51
391 1437
637 2829
1969 2257
2980 3406
2186 1318
2271 6
1723 244
1901 911
1871 597
3267 407
550 516
3505 751
1017 948
196 1567
904 1818
340 3347
1262 2744
1534 695
1270 710
1308 3546
1927 1487
863 290
939 2229
175 1452
1421 3266
377 1965
2337 1277
503 3402
2173 2821
974 1153
2965 3533
273 2755
629 612
626 1934
2999 2704
1433 3578
2724 1366
1229 2496
135 3528
3215 706
653 2923
3286 3515
3513 2452
740 2052
2788 1727
2456 2864
2113 1404
3053 2485
463 967
240 3192
1463 33
3502 1555
1989 2704
76 2821
2644 16
672 2054
210 2980
1229 1141
1427 765
348 3457
289 1654
245 3248
336 2058
2429 2847
2160 674
1002 423
1116 1823
353 3592
495 2592
2848 1621
198 1825
3448 2763
1120 2768
2642 2063
2050 2989
1171 3140
1880 3325
1050 3125
3062 875
3046 229
2380 92
676 2016
2472 1261
1253 654
645 235
2383 164
1809 687
186 166
108 2164
1099 3293
3292 2518
973 1761
1309 3513
1354 3059
3062 2611
3002 2298
1560 3431
2771 3576
367 2095
3150 2984
1099 1797
1610 2758
2536 1582
1018 74
1752 1604
3481 963
2243 1662
3518 2412
2325 2750
3322 3534
2038 2934
1134 1970
855 936
1786 1777
599 601
384 1194
117 1618
3575 431
1312 3363
3484 2124
2299 3123
2354 3076
2540 2920
778 1658
2307 3327
2174 2506
936 841
2439 258
2221 3475
3022 2096
2514 1488
144 1945
2024 1109
810 3186
1645 1536
1860 1343
902 1078
186 726
1611 1096
3397 2799
571 1729
841 3146
849 559
999 3149
1790 3019
3347 585
1270 3030
2896 2568
631 1266
838 1509
179 2715
1254 2007
735 2256
1492 331
483 1138
1139 638
3058 2904
2031 1396
1444 507
868 648
1215 2709
3356 1024
1349 49
1061 2155
3478 1727
3200 2698
1541 2343
2262 921
472 2647
1141 1849
1738 1034
3352 555
3403 2071
1733 3402
1079 2019
2800 1797
3203 2228
397 2953
403 164
3011 519
2745 766
300 903
1785 2056
2248 2264
2104 1420
3249 1794
2914 2341
745 3354
426 2563
1631 3282
1436 2794
3329 3387
2990 253
1755 935
2582 3475
2254 3327
325 3108
2636 1022
225 3442
1072 153
3408 1862
1098 3003
2416 581
1448 912
2803 767
2000 1358
1352 1429
762 1916
853 708
2826 3408
1312 2498
2650 2616
957 3476
1031 1076
2322 2249
2898 1886
2950 2503
1831 1784
1511 2016
3434 929
3019 2032
381 723
2575 230
1454 2988
3579 1357
1757 70
3446 1862
3420 2661
2342 1043
1087 1133
2255 3058
1058 3454
109 1028
1146 13
2093 2073
3315 2112
1397 1130
2713 2981
52 3443
3363 3247
2916 395
1737 975
412 2353
166 43
3506 2741
2072 3309
590 3472
1780 2107
2121 3008
2983 3086
3284 3268
3112 1441
53 1297
2553 312
44 623
3372 2970
3557 627
2097 1901
1046 3241
2445 2509
3591 3053
167 1912
2689 678
3437 169
3295 2320
2355 2159
3137 1781
2379 777
336 1016
2816 3360
1580 269
2444 321
1200 936
2906 2805
1271 1984
3174 2239
1304 3072
512 1074
125 362
47 1660
3202 3448
2354 2819
3400 1665
1425 2347
681 324
531 1905
2981 3507
1513 582
3371 2911
487 1899
1492 2476
1651 1254
2794 98
1526 1983
2726 3295
2559 3321
438 1708
1079 128
2013 2362
1327 1467
916 1528
341 110
2238 2613
2822 2400
2234 748
669 2131
1057 3313
25 2869
2671 838
1581 2370
671 2538
1377 2596
3551 63
2582 936
2867 2006
1687 958
3173 2985
1195 1933
1690 1957
935 1536
1791 3458
1359 2417
2530 513
1901 3409
2877 705
2090 737
526 1101
3418 2560
2706 3557
1973 1057
367 488
3247 1831
1889 635
3096 2272
412 1545
2719 2556
912 758
3010 1689
2571 1201
1761 3549
3432 3014
1809 1614
2533 830
28 3313
450 3540
2789 1021
2229 1796
1881 3179
1531 1009
2497 1549
2361 3
3108 1656
2352 1068
906 1887
239 2598
2587 2973
1378 1739
3237 2911
2729 2000
3309 3019
2371 270
60 1041
2089 1518
3547 781
759 3041
2042 2742
981 1673
2953 2391
52 3240
3226 3431
2499 3363
2253 470
1425 2898
2395 806
269 2726
2063 2355
3114 1144
1998 1313
2414 282
2871 2962
297 236
262 2416
755 366
2370 1933
2174 3133
2550 2820
1195 2060
3261 3387
1960 2511
1910 24
343 3591
3303 605
1530 1813
638 2913
1210 2157
51 2173
310 569
3257 831
1673 1750
803 2382
2772 831
1731 1772
587 2565
2046 2513
3132 439
1995 2697
281 2532
1226 3420
2727 3274
385 3029
1071 3417
3218 529
26 3400
343 1353
1014 1376
3407 3594
564 2309
1537 694
2146 2883
3531 895
3182 317
3229 1752
898 1242
420 3077
843 170
1569 2146
2900 3239
2758 1535
2468 2055
3388 3512
1056 2061
2788 2722
46 3247
296 1761
1303 1858
3149 1015
728 1953
728 2968
1878 493
618 665
2315 3438
217 86
609 1768
1100 3490
2250 3129
3426 2361
1210 30
96 3298
897 2245
2197 3280
2441 3038
1052 1656
2888 2874
2190 2364
1874 342
1473 566
447 2497
2480 1569
116 1336
632 2432
17 1298
877 34
2134 3575
2359 1133
3411 1645
460 2327
3594 58
1419 2708
3299 2573
2370 1146
1164 328
3069 2560
2571 1926
892 1189
3458 1050
1183 108
333 2904
369 789
90 3420
238 39
358 3352
1137 858
1968 508
79 17
1212 174
2490 148
711 3145
387 2748
546 673
991 1975
717 1364
1717 571
3505 12
3121 3511
345 1586
3368 325
1102 748
3576 2572
3118 39
619 834
1993 832
537 2127
695 2555
3334 252
2937 2839
2175 650
1435 1929
1276 2528
850 21
1603 2972
3448 2811
1113 2938
2033 2173
789 3490
1176 2463
35 2780
1499 1607
290 111
17 3508
779 247
116 907
302 436
2270 2605
986 47
1220 3209
2296 889
2124 54
330 3169
350 2796
480 3283
2920 1644
177 1689
104 2106
2519 695
1687 1685
478 1958
3122 2849
663 3052
740 3379
1900 2506
1680 728
2430 2082
2313 3410
2874 2866
724 1745
474 2385
501 921
695 149
2503 773
508 2655
2040 2249
999 212
1552 2300
2280 3336
482 3466
3132 2889
2570 2964
275 1477
647 274
333 2681
3346 1719
211 3144
2540 3263
1170 692
1623 712
674 2764
123 57
3540 289
1448 2531
2667 1606
2907 2771
2162 1109
345 1761
3419 2200
200 1609
1015 2202
3229 3236
2881 2139
2880 1761
2964 3593
1180 2661
1245 1842
99 972
636 1011
1887 1306
1684 3163
354 2387
1458 897
2159 1523
3130 574
593 2620
2604 2137
1433 1402
1894 846
3045 1076
1539 585
972 721
3361 2373
6 595
2880 2060
3176 3541
1894 569
3453 3533
3344 418
1344 798
803 2603
1703 782
2129 2649
2425 3134
1351 1717
3375 699
2434 536
2408 2143
1409 1257
2855 821
2150 272
280 3592
2663 2390
560 1766
2081 1963
2177 1638
3468 1556
3500 595
73 431
2897 1284
1735 1668
2 1866
21 2698
615 2613
194 2498
2650 1395
2817 68
1746 854
1129 3573
1357 2865
1784 290
3205 2991
743 2955
2342 2000
3400 1567
1814 2560
1756 223
2818 2022
673 2338
1738 2918
2056 1429
2579 1987
1205 444
3083 2597
400 1578
2489 1026
1401 2873
3409 1117
1912 1366
1191 1560
1746 2636
1900 3030
1624 1883
4 434
2137 3028
2472 2293
3031 85
710 1304
647 972
3014 1447
2178 2009
3464 2046
3401 212
1225 1779
2789 2040
2309 2511
1404 1787
598 698
3216 2875
2410 3442
3345 2230
2834 2440
1955 1957
3415 3319
2730 2999
440 466
657 534
3262 104
1595 1928
3056 1558
2305 1557
1794 3482
489 3055
1704 128
2775 1138
1465 2523
3470 2586
15 1777
2719 2108
586 2547
3010 2754
2724 2072
50 1750
1887 2309
1139 473
939 2747
991 2321
1124 2221
1149 29
2903 3532
2099 1702
2069 688
3458 341
1281 2694
256 1131
2243 1425
2948 1872
1343 1150
3529 2459
415 904
3061 411
1405 2020
1972 16
1485 2554
2781 3161
3559 1105
614 1883
354 3238
1475 1146
380 985
2026 711
2630 3556
1106 2646
1212 1928
154 267
3443 2133
2118 305
1050 630
1667 2806
2179 792
1980 1959
2395 1189
2549 675
213 2208
3317 1774
1589 367
609 373
3591 736
1842 568
864 3466
729 1305
1613 865
1481 160
1032 1925
2498 3384
2361 2872
414 2794
2712 2506
980 1523
2016 2675
3434 1765
479 2604
664 1447
363 1066
3048 3306
1311 2568
3257 2873
2914 3392
946 843
1288 1797
2595 3289
2834 0
2696 1814
1777 2197
2167 528
3000 1890
2536 3202
3231 3444
2708 2275
1460 229
2230 3583
700 2566
111 2751
2551 3204
2182 2599
2993 554
1371 1309
2708 1075
3324 209
1531 3323
1345 2333
2866 529
34 1050
537 2715
3129 3388
2711 2966
2194 76
923 1831
2047 1632
1374 275
1895 2744
260 1576
1998 3448
2034 2214
2176 3293
3017 558
519 702
720 3189
829 1633
1024 2852
1435 742
264 1264
2431 2916
657 1729
2300 878
796 2753
3532 2402
2952 3026
736 782
3119 1004
2072 959
976 2211
141 2871
1895 1457
1596 762
3384 213
2766 1637
300 2327
82 1036
2050 630
924 607
3062 161
998 568
879 2814
68 643
1521 3322
3126 554
1539 2478
1031 3548
860 426
2643 1226
1127 384
325 526
1429 3088
2221 2632
241 3356
2673 2422
1966 967
827 3135
605 1471
2752 924
1963 1411
992 2163
695 3139
1161 578
49 2595
2230 3061
366 2571
933 2915
2616 2430
278 3579
499 1221
592 2503
346 152
3246 2314
695 2840
870 3307
2129 635
2425 2382
3024 1813
3078 1755
988 1536
3114 1630
2259 776
642 2602
714 2102
3441 602
2315 3078
908 2278
3596 3303
3251 1294
3120 2926
1930 1590
3287 343
902 2766
1185 1274
547 3213
2095 3046
497 2314
810 3181
80 6
2717 1707
2192 1849
1373 1395
3563 2247
3114 840
2894 1887
397 3029
1890 1312
1281 3499
1545 2712
3310 3525
804 3211
1824 792
2546 2572
3126 2892
3106 1787
327 1025
3353 475
2095 3088
111 2367
3542 1296
2500 2896
994 2994
1568 3037
115 2233
2920 3584
2300 169
3373 3177
226 2731
2430 138
2156 2042
2893 157
2426 3405
2655 3029
2322 689
2237 2544
3510 2658
1608 854
818 103
1978 2130
2097 7
1879 1721
1279 1755
2641 1163
2456 1234
3275 3525
3007 3131
3413 2081
1276 3394
1287 2203
2557 2970
1225 3328
1117 963
1710 1061
817 713
1953 449
1519 1849
2712 2425
3194 1360
2261 1974
3560 753
1420 3028
1108 787
606 57
1071 645
3 368
2786 2095
1671 2690
2462 3014
1787 1137
1364 1515
3500 32
3169 3298
1281 177
1937 3402
1646 668
2293 1053
2869 1625
1455 1541
2124 3163
3513 2505
2473 2041
1845 643
986 1258
1775 2448
3458 541
2303 3027
1230 434
3099 2918
2677 3127
2201 1534
637 3059
3218 2617
619 2569
2834 2727
2962 1210
892 1218
3181 3338
1531 1644
1831 2797
579 3124
471 1245
741 2884
2170 1771
2897 3337
3272 1999
1462 1424
841 1998
1045 1514
1040 3304
2804 2156
3253 3562
2846 3333
2561 342
103 1084
210 269
3118 1206
3215 2183
1931 593
2773 415
2519 1345
159 1901
699 2356
2468 2529
2993 915
1195 2393
39 2263
3545 479
2866 2166
1403 1026
78 2297
351 2880
211 1227
3308 941
1412 1792
1379 1602
594 399
557 2788
125 638
387 288
154 856
797 1137
3263 366
1810 1869
75 1207
1726 2930
116 645
2914 1064
3064 582
2020 675
1845 83
487 3112
372 1817
3126 489
127 3505
1098 1135
2308 2334
2812 3155
2593 915
3075 2601
783 3246
478 2985
348 1301
3054 2523
3024 2284
1627 2447
49 2847
439 3046
82 1218
847 2016
2054 2147
2701 1667
754 632
1691 2100
3585 91
930 3190
1825 2143
2208 3372
2602 333
2040 2812
1423 608
467 1091
2381 745
1749 1759
784 2191
1547 28
661 326
2560 2910
954 2107
462 3336
3586 1290
2369 1095
901 253
2951 191
1619 2705
772 2623
729 918
3026 1235
364 467
2246 1638
531 1331
1806 770
3073 2768
3334 1414
1823 1402
2345 498
2825 1684
2053 2882
2895 2252
503 981
395 3365
3046 1353
2034 2851
891 2548
1331 2242
3278 2097
2861 3426
2444 2886
2366 1747
3076 2302
581 2442
2417 1480
2073 2893
545 202
242 1137
2597 1763
2101 589
1361 1132
286 746
83 2170
486 346
352 3204
2483 1233
3002 2827
3054 533
2334 1882
368 1982
1017 2939
2854 2265
347 2228
3076 2895
1524 3308
2854 2285
202 3246
673 2703
2733 2793
2248 1646
2961 2833
3514 4
3499 262
2488 2200
2519 3022
212 1258
2390 1122
1846 3180
373 2674
424 3114
1944 902
17 152
693 1890
3103 2087
413 660
813 2980
3046 141
3460 477
1075 2970
2334 3537
3493 3471
53 1171
2666 735
3290 457
1684 106
2530 1415
2213 1267
1563 1620
2614 796
1068 902
1863 176
890 1391
2304 2493
871 563
678 2733
2436 916
2362 1055
392 1836
2251 2759
825 1734
2348 686
1734 1066
3488 2391
2903 3379
2929 528
268 1071
991 177
819 1106
198 2724
917 3351
2217 2576
1471 1669
3579 420
1759 921
780 2813
2724 646
800 1572
2824 2373
731 311
1834 1930
1737 2290
3123 2278
2154 3210
3595 1491
2266 518
3348 1471
1119 634
1155 1271
172 2337
1343 2079
2082 2534
2642 2492
2309 2495
332 959
1485 1351
2759 1646
1555 1031
1830 1168
955 1136
2134 1652
3330 2999
2774 1006
2204 1629
2003 1184
368 3018
1932 337
224 182
1381 1085
1760 323
1782 1401
2199 123
2067 3505
1523 1633
3367 64
2839 1526
1753 3370
736 1691
1825 2073
2069 3182
3268 1603
1644 3539
442 1732
3306 1456
1905 445
1506 3333
3402 825
2703 2166
1330 2152
829 2166
795 330
3345 2642
1224 3593
920 471
2744 2019
2365 1920
585 2259
2740 2368
830 635
1284 2969
1179 384
1314 3047
1405 3106
1096 269
1430 2167
20 1065
3398 2067
861 2853
2150 2613
112 1245
638 1233
56 2777
1335 1638
3564 1814
1290 3179
755 3349
2662 907
1778 1791
625 2809
3286 2419
182 514
3277 1022
2733 942
2175 2694
632 530
906 835
3033 2134
731 1930
1297 1694
1544 1816
2035 2647
1450 1815
3207 1391
360 1408
2187 1857
2142 1373
1348 700
3532 2073
706 1104
795 903
3025 516
2987 3580
1932 614
856 3002
620 2528
2763 2361
1758 979
301 36
386 1667
3446 3438
815 2927
3475 1135
1748 1371
1381 2415
1306 236
806 253
2806 783
2615 1116
2058 102
1973 1819
3531 1280
123 2143
1325 2564
3280 2688
1962 2106
3072 525
770 422
3225 3484
155 2642
2604 1538
1242 3190
787 1867
3130 3303
354 3239
329 3241
3574 402
3571 1106
2058 750
1253 989
2136 3278
323 2840
1020 3425
1606 2378
2148 601
2045 2948
340 1992
2900 3315
2087 422
3250 1279
2527 3538
2860 2900
3149 1170
2967 1290
2236 1128
475 2675
3160 2995
499 2432
1372 1231
2576 1456
89 1626
2317 1367
50 2660
174 406
1092 882
2465 2861
2964 351
2119 1418
3296 2208
2716 1244
887 3298
1377 1529
3268 627
3195 1608
2165 1225
2469 587
2971 531
1136 2093
1386 1466
1418 2452
1408 1587
1180 2675
2307 132
2398 2495
1842 64
3077 268
125 1297
1533 19
2241 1521
1393 914
1259 3029
2839 832
1550 1847
3241 3211
3360 1886
3470 1312
3038 1004
2967 2534
3168 2036
1829 392
1752 3141
2311 381
515 2936
1857 326
3138 1442
2265 275
1490 278
2875 1538
359 202
3165 1605
2424 2404
892 3135
467 1330
3157 2827
1121 2595
1344 1288
436 1796
2438 3237
13 3226
2307 2309
171 681
3574 1375
1886 2768
2518 1253
1257 994
1983 783
3269 369
3034 740
1794 2488
3210 2628
1096 2165
451 3412
1180 3457
2021 566
2607 2654
2998 3109
2192 268
3229 1546
34 2295
2090 990
2456 3105
3412 557
1564 183
1610 2627
3183 2739
1451 1430
2298 1806
2594 847
2500 2415
1048 1270
332 917
2173 1657
2966 269
801 24
1459 1936
3197 2097
2328 331
143 2115
1217 956
2418 1425
1950 903
2380 2373
1963 1090
1393 2877
2814 3427
2580 3559
1194 1428
1934 1221
2320 2416
855 2061
1621 1725
1249 3088
1118 2454
2837 2997
1047 3091
1445 3409
2660 3495
2768 2917
2783 966
1044 339
1712 1585
1725 1822
3355 608
428 766
2658 2986
3379 2365
2667 356
2780 2113
445 2788
281 694
1156 1328
2023 1479
1924 2776
2700 569
3386 541
1919 2149
637 1164
3558 3135
627 3163
2394 3191
1297 2479
2792 284
683 2392
289 1752
3465 1609
2016 332
1146 120
1147 952
1362 2062
579 1719
1807 1899
422 1477
3129 281
1700 1630
296 1643
1566 741
2000 467
1802 2573
2183 3597
3203 392
3511 2315
2590 489
1742 2317
1399 456
754 3484
1865 2113
2755 3124
637 2777
2633 1820
1498 3375
28 387
1739 3131
2003 1545
3134 1366
740 631
3096 773
697 1612
2662 2579
164 293
2814 233
2201 3191
3524 2845
1674 2092
840 2181
2048 2232
2173 214
3173 1847
1877 3453
2478 1990
2551 3049
2965 2154
2419 2132
662 1792
1292 2812
3295 3266
2356 3026
186 3427
1509 3069
1383 135
3451 2908
1362 1746
496 3447
2452 1308
3151 1616
2742 13
410 572
640 1403
2055 408
1663 1581
181 2009
2213 3322
1309 2340
1498 2195
1715 263
1504 3546
2603 2050
3476 1550
2552 197
3328 1572
975 2424
1598 67
3067 1105
1959 780
730 1285
458 2068
1541 958
2840 3472
3100 3541
2891 3180
1008 3229
2455 2296
2986 716
2297 351
2824 1606
924 2597
1096 3415
2330 1996
3229 109
1919 259
2991 2112
1354 2876
975 2815
3341 920
1687 552
2627 722
1168 3508
1297 1237
3181 1645
885 2282
1221 3548
1915 2402
1838 755
2175 3084
757 788
3148 947
1994 1052
2323 3447
679 1904
1175 823
3569 1474
677 712
120 192
1090 2037
2009 1385
1068 1299
2674 1261
1474 2366
181 2256
895 3366
726 74
18 624
719 2862
601 922
1763 949
2380 1983
558 86
3574 1299
1227 85
2349 1180
704 3189
1507 1277
1108 363
293 2416
209 1057
2736 2670
2804 2211
1332 2542
2482 3401
1601 2041
3124 1570
990 2662
1586 2601
2680 1255
1166 1815
2519 2654
375 532
1325 3293
3567 251
2295 1225
1350 58
2534 74
293 2467
1063 738
1974 210
2846 487
416 554
1154 2671
2129 2638
3489 1399
2421 1449
1892 2016
995 2331
750 2758
2934 2481
542 1774
1048 1040
995 2652
3306 989
575 2110
2561 2988
3028 889
2155 691
3020 3358
832 233
2501 440
547 65
2936 1876
2038 3149
2458 2237
3517 833
364 2228
315 2390
3293 25
1306 2455
1760 664
2342 2379
3448 3586
3560 479
2095 1111
1585 3151
726 589
2620 1697
2087 3216
2742 607
182 3414
89 1455
838 206
2324 1968
1928 3460
3142 3091
2541 1427
329 1348
61 488
412 2003
1729 782
3305 659
1626 1052
1397 735
2484 791
1253 3108
3381 2453
1118 3087
560 3567
2021 2227
1350 2066
2469 2663
3100 2259
398 186
3495 92
3419 436
1780 1672
1228 3050
1620 630
1410 2909
2228 3085
825 1536
1115 1149
575 1428
2429 365
2035 813
2599 345
661 63
3308 1274
2193 2219
277 263
1444 1693
2359 1086
455 1881
1986 1622
1632 2731
1286 1125
3272 733
2419 929
3572 163
2444 2658
1778 2464
2246 3174
1570 523
403 575
1582 2187
1909 551
1384 719
977 2659
1823 1899
3410 1222
1260 429
935 1036
2015 1518
394 2503
1138 244
2254 3430
1587 2884
545 738
1363 2922
1426 2629
749 1553
2589 1956
2800 777
1728 3556
3536 923
933 166
2398 1954
980 1882
386 2503
2933 913
1460 1624
1700 1011
1883 21
2269 3465
909 3191
2423 1785
3557 2348
1773 1628
1874 1603
359 621
444 3104
1639 1456
337 1965
848 2924
718 638
1745 1062
1193 1391
478 748
2523 1788
463 555
1499 13
3490 830
741 2075
2556 3523
2970 899
2765 2491
625 2871
1058 654
443 3259
2739 3241
1364 2883
2956 3029
1014 294
3289 2421
1975 1438
795 172
2466 2095
1255 344
1539 1090
862 2607
1068 526
2135 84
2613 1585
2552 2310
848 1120
1907 2102
2346 3113
573 355
3454 913
3066 227
3043 2543
3540 2384
3302 2180
2843 1772
2354 1205
1638 995
3579 2358
1111 1276
3083 1557
1453 843
2068 1008
1779 3574
884 356
2550 2546
3430 1140
2755 3273
1012 3426
15 2282
2730 1581
1232 1454
2471 935
1560 2978
2973 593
1427 1510
439 2165
678 3248
602 2688
1719 2734
516 3242
3339 711
689 2227
2410 636
3277 620
2687 1856
148 2047
1019 2992
1268 1388
3066 1537
3396 1794
2829 3526
1038 1846
886 2491
87 2002
403 337
1248 781
625 645
3109 883
3569 2591
2867 1745
440 2148
2694 2287
2769 3593
1375 1530
1997 2389
1253 989
1243 545
627 331
3202 3118
2415 876
2426 1347
1083 3362
2571 1074
3364 3030
1806 1830
2504 660
1103 1644
1877 1408
1140 3594
3484 2819
3415 3296
1780 2662
447 2218
1674 2713
3421 2655
1798 2785
3042 201
3354 2012
1118 1857
2355 1074
2483 2182
3570 1002
2088 1402
1780 3222
3018 361
1389 1100
1276 2663
372 1185
1823 3285
616 2804
2172 2768
304 1205
1966 966
511 2736
590 3093
3046 2682
1814 3522
932 3271
3398 739
2633 2261
3077 2826
3000 2696
1087 670
554 1907
621 87
2944 928
3379 1206
1776 2652
1666 943
2672 1362
3454 3492
2977 1058
1929 1247
1747 478
222 2219
2294 2417
1386 2640
528 2556
1365 3417
3467 3582
1807 595
3558 1856
2213 1429
1387 986
1474 3447
1745 1909
2482 2336
3576 1806
2258 1664
369 2580
1779 2518
2864 990
1102 3471
3290 1212
1121 1196
1176 3048
712 3310
2158 3560
950 3441
3125 3044
3282 1650
1076 2574
3327 1134
3534 1251
1412 1529
740 2972
1386 3400
1963 2401
1396 763
3384 939
2360 1019
2072 3588
2523 187
2109 1038
1388 670
98 652
1206 2197
1007 2993
2889 2531
2408 3539
2482 879
1024 667
1159 101
779 2173
1183 3546
3344 1982
702 3193
3325 214
2574 3471
934 2132
3576 1663
2245 2872
1682 179
389 2001
3395 2321
3114 868
1538 3301
519 949
1469 1680
2723 3125
1477 1197
1014 1913
3206 3372
3277 1474
3332 2749
1133 1678
2496 458
2100 1915
635 2785
1450 787
1746 1597
1559 1801
3239 2480
799 990
1008 831
1528 2687
2648 1914
2732 767
436 3430
906 1917
3216 1833
3094 2802
2488 2034
3409 1833
1027 498
1395 3099
1033 2059
1653 1526
597 2147
2235 2857
773 3172
190 1615
3502 1732
312 629
3421 1453
2616 2089
936 456
3510 338
1667 682
721 2054
2735 1995
275 2860
1757 3022
918 2975
1760 2178
671 2379
2143 517
1993 2887
2666 2160
1517 2319
3300 2195
1709 156
3407 1165
1296 2946
662 1815
1303 919
2099 2414
3214 1435
3153 12
2335 408
1243 2002
2144 103
195 852
2300 2364
3056 97
3583 2240
2862 3469
2859 2889
2409 637
968 1672
2516 2190
553 1918
3 1346
153 876
314 520
1667 1798
2220 23
1969 2306
1605 182
1773 547
1731 1579
3091 3277
2735 2383
1495 1716
762 2795
2563 2614
2386 1505
377 3297
1428 136
1783 562
3483 261
3336 331
3574 2931
1350 48
2424 1984
30 3119
1241 819
2028 2553
3562 2477
2677 113
1318 2795
2772 1168
1875 789
3308 1379
232 3191
3020 2850
1481 313
768 3565
1597 1180
2756 3493
2513 532
563 1300
2965 1085
14 650
116 3243
1225 549
3329 2562
3375 1532
2988 2302
661 3496
3060 2384
1404 943
1511 1062
3504 2591
1125 1990
2798 3252
3139 423
546 1350
3531 2763
1998 1458
64 1757
3046 1058
2927 2899
824 1292
2369 464
2298 1508
2685 3593
636 1823
3146 2929
412 2453
1090 356
296 2658
3331 3132
2269 3161
335 2355
879 869
2275 1686
514 1342
340 3443
1332 2628
533 2463
1549 1723
1909 1829
1055 1956
2742 1070
1624 2947
1368 2714
2486 2898
2692 969
1850 1745
341 377
2501 200
1056 2860
1951 1772
1908 3541
3126 3225
2268 2190
803 1202
2162 1657
2793 818
2334 2514
279 2142
1611 2797
1517 1049
2538 753
1899 499
1777 3024
1220 2319
747 2866
2897 1536
35 3133
3378 31
2811 3347
432 3116
2406 2520
2862 1086
262 2335
926 248
847 624
1392 59
3131 1095
2516 1826
3463 1836
3137 2846
554 1659
254 494
1509 544
1517 1306
1398 2433
936 1996
2343 135
243 44
675 1545
2657 1863
1337 3527
2291 3467
1977 2161
155 226
587 1762
1806 696
1167 2956
2200 3354
1582 1489
3274 1757
176 3547
398 2520
1319 649
1483 64
521 2646
3172 1198
2187 1079
3354 2798
1992 3121
3346 1655
3457 1381
1826 1378
1326 2970
3284 1081
690 2341
797 701
1261 486
935 3107
3228 2370
1050 2893
3051 521
986 1249
3370 1252
330 1576
1885 1597
606 1941
765 3530
1678 863
3036 55
390 1005
822 2399
3050 1726
3554 1655
2407 2898
2280 1911
1157 2680
2877 2453
2889 1140
1610 656
3382 2364
219 1127
2595 2272
2163 3284
3064 980
156 3576
978 2828
2172 371
342 739
2579 896
2146 215
1457 2843
831 2196
2837 1344
1603 459
2815 993
1683 1839
2231 1348
1509 1949
2695 839
3203 3253
851 1841
1259 1081
1465 582
2020 1489
451 1718
2716 8
1882 3234
2012 694
3252 284
3581 2267
126 235
51 1413
2420 2344
3239 1742
1117 2552
1139 1014
3125 822
2183 2312
2642 219
1512 1883
2775 2477
56 3047
2422 3281
3329 514
2464 1343
1594 903
1113 2273
1964 2369
2727 1239
1342 1033
1705 1978
349 1434
1893 154
856 541
3369 2199
135 2054
1746 2345
411 1338
2827 2828
1984 2683
45 395
2544 1714
2805 247
1489 1528
756 1685
1534 1105
2192 530
996 918
3559 2419
2835 2589
2179 2493
180 1238
2297 1053
3033 3572
572 982
3039 311
47 3333
481 2930
1895 786
375 3182
1518 981
907 2650
964 1155
3116 2285
976 3124
747 2778
1557 321
435 2207
559 1215
870 730
349 2771
2914 1415
2968 2161
1042 1402
1265 3285
3360 2966
3034 685
2009 1801
3530 1169
3033 772
596 416
1734 2858
1985 392
2920 484
89 610
