503 1378
769 2878
2371 770
3374 3004
917 1442
2370 1830
456 559
841 2662
1405 240
261 1340
948 2174
114 2254
3090 1819
168 2477
2908 976
785 1439
2818 2296
1955 2687
1023 650
1544 677
1421 1023
2936 2347
1221 1985
2752 2085
20 1099
804 652
3097 2299
304 471
3290 1088
1308 1910
1615 2642
3277 493
542 437
1960 1026
805 169
1986 99
2103 2874
1924 831
2333 3166
954 2983
718 1600
1777 2184
3201 545
1336 352
1863 573
2936 2010
3006 1825
1389 2336
2479 1095
1271 444
1585 1971
1082 363
1935 1622
2520 2134
44 1460
3113 2238
183 1596
1873 1892
1521 2763
3344 435
1883 2918
1174 2267
1093 1090
3101 618
1817 2977
1985 3368
1086 1364
378 71
17 655
1474 797
2653 1206
674 408
1347 522
1631 1301
1861 1087
410 285
2756 1485
949 3181
3353 1737
1912 1952
1248 3320
2636 611
1105 1240
2615 1789
2961 1050
2286 3008
1269 223
2553 120
1118 3070
2647 1535
1968 1808
2722 243
452 224
1742 1037
2142 914
1731 2335
89 887
355 3177
509 2370
221 927
1387 2266
318 1627
167 2677
1897 762
276 2245
1710 1494
2958 2897
646 2688
33 331
103 679
351 377
706 177
62 1619
2282 1917
2831 3048
2655 19
123 780
2080 2993
1584 650
3136 3291
577 2250
2967 2501
860 1232
2441 2552
2637 177
1483 1215
2144 2866
1793 412
284 1590
1405 1732
3290 660
923 2196
341 3243
2183 463
3059 1211
192 197
1242 570
1222 9
2238 1007
2598 295
806 2574
2502 2392
1326 1473
924 427
1815 551
145 530
2355 955
2435 182
1485 268
2376 744
2973 2428
374 966
113 3080
351 430
983 683
2322 353
1478 3135
13 1631
2877 2945
2638 2091
1963 2880
1041 826
390 849
659 2758
3375 2250
3134 2369
2914 1361
3293 232
2371 2944
3311 3143
2988 2888
2528 2931
1267 2415
1827 2631
40 2808
180 3310
1093 3357
57 193
3030 3363
881 1230
2471 713
941 1710
1701 1278
2763 2473
2588 3295
1609 2865
1232 3314
2494 1111
3008 899
748 2053
564 3336
2354 1617
1303 890
2406 571
2415 2611
1784 1132
1361 2534
2329 11
946 487
1058 2180
3193 1312
3265 2031
1048 829
54 987
3240 1142
1180 1549
2244 3286
3252 2105
2998 3012
827 2763
1030 2757
251 171
1193 3196
1151 99
702 328
767 2174
1396 1560
2900 534
3063 2477
1229 1538
657 284
672 538
1637 2639
1677 2369
2887 911
2948 38
1111 2343
1335 895
444 2328
1554 3299
3157 2509
2294 2017
962 2490
2893 1634
1858 1630
3183 464
3142 1114
787 1378
1506 45
202 1013
1260 469
1254 2680
1005 164
992 1692
2084 3109
1166 2446
2378 785
274 1787
2176 2555
2128 1559
1756 1300
1952 569
2571 2483
25 2710
1632 877
71 1817
2714 1788
211 2188
1852 64
2841 3382
3374 2319
951 561
3233 1130
3377 2126
1944 1077
65 1904
1834 1042
2827 745
2603 1740
1919 533
2242 1443
3024 753
142 1640
2833 3279
1921 806
343 482
855 555
2938 1272
1919 2154
3205 1000
2064 2287
2485 201
1551 166
2942 557
636 2984
3056 2433
717 1355
977 370
1418 3108
84 1781
1904 292
3287 3138
2225 2532
2826 1006
1824 1814
411 3092
1058 1610
1119 2736
2160 186
771 0
1705 27
608 2031
829 2904
1477 2982
3068 2508
3062 281
1180 196
1210 1924
857 1815
603 624
2479 1131
3247 910
892 2421
2003 1199
1537 3099
1174 1821
1430 2490
2571 1610
3309 88
857 3019
3398 669
853 2480
2834 1619
87 147
1308 1575
3106 1266
2169 827
2276 2627
192 1905
2813 2371
2981 1726
1413 938
1927 3240
2006 2303
1049 869
2809 628
1406 3346
844 1734
541 1709
2913 1979
660 2224
1114 1999
913 1787
1975 2213
604 2244
178 1151
3200 885
1554 1867
1816 2570
1412 2394
3230 2597
1569 749
310 1248
3344 1046
3154 126
2643 744
7 87
519 2084
2404 639
101 1282
666 3033
2669 2664
3359 2253
1003 90
165 827
1921 3246
2328 3330
2068 3026
1828 946
1883 2173
2564 698
1922 2326
2183 2751
2661 1173
3181 1098
783 2717
3088 733
163 1314
3350 378
2969 1004
2018 911
1098 2400
1202 2994
191 1912
2779 1948
435 2462
1408 2517
1042 1138
122 1877
233 85
57 594
2596 3354
1377 1531
1646 3216
1400 1192
2307 678
2291 2299
2602 1820
64 1647
550 481
1815 3155
3372 2246
1601 2211
1126 2511
3010 1564
2670 3385
1316 2850
1510 3205
2008 696
1092 1167
3089 1234
956 2355
748 426
2757 2493
2175 2110
2269 3115
1507 1331
2776 3345
1076 3120
2372 1137
1981 1881
1848 1845
1032 693
2451 1322
587 159
2304 163
2895 2510
679 3231
953 3233
287 3056
2579 1803
1336 2129
2629 1494
341 195
1973 3303
1614 700
894 1278
163 2852
1548 1737
2557 1229
165 2700
511 135
2163 3311
2377 2998
2351 2443
1149 1681
247 1522
1762 519
968 3346
142 1055
207 3038
761 2692
2456 578
972 1275
2282 2776
2888 323
90 892
964 2040
1451 1888
238 676
2416 2981
1138 3091
1632 959
1960 817
864 2459
1184 1594
182 2447
400 1869
3385 294
1870 1030
3342 351
3234 143
3214 1458
2187 2226
2555 1814
2313 2925
2049 1889
2186 75
2321 581
1870 2947
592 2692
2901 31
1783 3280
1513 60
2700 2384
782 1368
2213 939
829 2269
429 834
2632 40
1526 3366
2376 1526
174 1038
98 748
991 922
1576 1002
2926 369
235 3075
2310 1371
1278 2435
1421 276
3318 2342
1107 3254
1302 1377
1778 1113
840 2727
1961 1826
165 842
1227 653
2660 2100
2037 872
1001 1512
477 2110
2413 2570
1934 341
1116 2464
1335 3277
1420 2012
1787 37
2289 1695
1427 2355
2093 3
2824 583
757 853
373 2581
1647 1293
1424 1381
2399 1499
3217 2193
2712 3032
763 634
2487 1054
1328 1207
868 421
3154 3036
2698 1387
1059 2763
1494 2175
2765 2929
2316 35
1542 239
2300 1491
2476 2923
3076 1702
1550 827
3167 688
1723 1246
3067 2985
771 1823
400 1014
2747 1830
3012 250
494 2517
1364 1448
1503 1652
741 944
1900 1465
2849 2147
92 2303
652 453
1144 1818
2118 2567
1639 45
531 1037
388 2304
1430 1818
1474 2465
1748 2358
3176 1317
3333 170
2432 452
3365 3392
33 1206
1920 1273
1796 2990
3173 2972
2411 1881
1049 2232
1285 67
2236 2647
2919 1830
2257 983
2149 560
878 1581
181 688
1852 1496
356 2172
2672 2448
3378 787
3120 1561
761 338
2577 3312
2315 1157
2565 1728
601 163
2522 1073
2712 238
1373 1815
2789 1422
1422 282
890 1738
2373 1671
504 3226
2162 210
2212 651
3306 182
918 2032
2198 3315
1012 1521
2117 1011
3398 83
2585 577
1123 2748
527 2678
2857 1113
3328 2433
649 2998
2837 1970
688 3072
1223 3116
2881 3003
4 1005
937 2284
1454 1931
683 1738
3301 780
913 741
1373 170
2476 2778
514 1097
386 1083
1215 1039
423 1336
1094 3143
2279 2804
2562 1225
2791 974
2537 2673
699 1625
1765 2883
826 171
2929 376
30 1927
745 224
1655 887
42 3116
2055 1785
1496 262
104 124
2959 2336
1970 3064
2449 2869
1200 1312
365 2768
1290 2981
2937 1063
3214 1136
1502 707
2599 3099
2610 1103
32 1788
1011 898
359 1183
2636 1904
1823 1785
913 1684
2841 3046
1852 106
878 941
611 2026
123 1636
3267 2555
1702 455
1688 2147
2174 2860
2043 1635
3303 1522
3305 2063
1465 2400
371 1651
1573 122
695 289
444 117
2859 1240
1163 500
2473 2758
2502 659
1643 3261
2440 2577
1316 2052
2548 355
425 3012
1340 3114
3003 2619
1971 2646
1873 278
3241 2253
2454 62
3339 1836
2196 3261
2715 1502
1612 3315
275 3378
604 3273
922 2774
1019 30
1105 1050
2684 3031
2693 1496
2716 1929
1369 3303
137 3299
1287 1206
738 2391
3331 989
2861 855
1203 1135
1057 860
3103 2437
3249 1049
1265 1684
320 1998
1377 2158
47 2513
592 1990
1897 2206
2959 1701
2360 1807
3188 1345
3270 2335
1399 349
2401 2585
2615 2580
3147 2494
3332 127
1533 858
1273 710
1736 664
976 2515
3248 3308
601 2114
2286 2318
601 2629
2072 2279
211 2443
1111 2387
1741 3208
572 2127
2610 824
1647 1220
1655 1045
2958 2729
2980 3369
3151 2711
866 2541
2075 525
1275 1807
2662 2172
2730 2098
2199 2613
720 1231
1984 2015
1248 1194
1850 892
2096 1351
721 1067
2828 2715
1919 1360
1441 912
2896 223
498 536
1914 3320
1930 554
686 3117
416 2401
2231 1183
64 3314
302 2829
2499 222
160 1118
3317 2078
3029 54
519 1853
3101 2685
857 2847
1232 437
1542 71
1498 2802
443 1117
1970 1452
2349 2831
582 3111
3254 1294
69 380
1156 634
536 624
174 2552
246 170
508 1271
194 3354
330 650
2035 285
1248 2791
2512 1861
985 3102
1134 1117
102 734
3047 1211
679 289
1128 1302
2645 848
3248 1974
1975 1769
792 562
3143 1820
2620 1013
2071 261
1412 522
662 628
1575 751
3337 2577
1333 838
2704 2234
3350 1109
94 2303
805 271
1948 2716
1427 1428
2451 1837
3289 1467
1451 1865
749 3240
2653 1285
1896 945
810 3146
2323 2042
566 2384
1179 992
1477 1937
3160 1827
2464 2154
3349 3356
955 700
1893 662
2694 3105
419 2105
2470 3210
3307 3057
1671 309
2259 637
49 892
1784 1931
2309 305
2030 1306
2370 1701
1511 1335
2463 712
1975 2249
3343 1218
2882 2872
949 3304
2131 2975
1458 2035
401 874
330 1490
1600 2555
2263 2383
1530 3223
712 775
2512 2541
579 2443
2025 487
2954 2476
1125 881
436 1299
3334 2790
1683 2398
1572 3313
2957 2559
2044 1465
2009 807
2220 358
2152 847
1581 3176
662 2975
3133 32
2811 1559
921 2606
2099 2714
116 448
3134 1443
2622 604
1164 232
435 1292
1153 1651
1110 129
2841 280
290 2011
2504 1176
342 2108
2688 2099
515 2804
2600 685
3027 2263
702 303
3151 3371
1425 2774
1148 870
3069 1361
836 1236
1859 667
109 1037
1180 2745
592 1629
1755 86
1087 2662
2652 2745
3004 2000
2613 2256
1035 2616
207 2326
2275 2222
1664 1384
1678 688
2689 1469
82 1436
3247 179
2371 2811
113 2414
479 2713
396 740
222 249
806 172
2932 78
853 1437
1405 3356
603 1811
3060 3020
2193 2884
783 2566
1813 2560
42 929
729 895
886 2670
833 836
3062 2763
1009 343
654 1651
3097 1433
1585 2274
1254 1664
1661 1702
3141 347
1637 1618
3071 2911
139 2948
3332 1103
1207 558
3165 3362
1761 1642
546 2918
71 886
2789 2371
1883 1975
2073 2523
365 297
2770 1581
2392 1588
2762 3368
2811 699
181 1349
126 2582
3250 533
2439 2424
711 817
112 1875
1088 137
391 878
1467 380
1146 2736
1403 166
2132 1703
3222 1640
137 2897
1781 232
2562 996
1889 1249
1973 1561
2668 22
2316 306
2435 2056
2352 2156
1022 239
3377 3208
1920 3189
1693 1812
2994 2806
3268 1991
559 924
2020 2937
2995 3063
325 1240
1933 3057
2866 479
630 1359
1578 905
28 2059
899 243
1312 1126
283 928
48 2876
1066 1526
1058 328
783 2557
55 1606
2349 664
2631 727
481 84
2630 2095
251 885
786 1914
3399 600
1840 1845
1079 2403
1907 3146
3174 2065
1520 2795
2396 842
2648 2551
3297 1878
1011 3074
2176 2762
669 3294
1802 43
2040 1760
395 1648
1686 1510
3173 2388
353 2268
902 1352
2162 1949
1705 2559
138 2655
2215 1187
2479 3095
3303 2502
134 2035
3145 2139
722 2807
1563 914
551 567
2142 3242
2158 1700
2968 3040
981 1642
430 1566
1825 1021
2238 2592
2347 435
191 2255
1316 2461
253 3304
2638 2143
741 7
2377 1119
1769 3116
111 2258
832 2640
1445 2602
1253 1521
2958 2420
1882 3337
1997 2469
2266 2021
430 2997
1904 969
2818 3347
3039 577
854 2304
1630 2674
743 3096
1735 3358
356 1499
3061 3095
1567 2803
944 2795
201 1941
1551 1397
2609 577
224 1497
2535 278
365 2574
1871 1696
2860 3018
851 714
808 2807
1273 691
3076 2641
2119 2706
2025 1033
2507 901
2553 2818
131 2887
86 1538
2238 517
1489 1207
1334 126
775 2003
1381 1933
1774 1181
1556 3396
2717 1565
2323 1527
1841 2892
914 2889
3364 246
2966 423
231 3229
832 440
3304 2731
1527 733
23 2531
245 2515
1299 3053
575 2057
1434 1237
398 32
1861 1142
3347 679
1801 1160
2792 408
1842 2394
2985 3179
850 3190
1873 396
1336 2257
2024 2459
3211 851
2946 3393
205 1761
451 2858
5 2908
3127 947
676 693
2918 1304
1593 3136
1492 202
193 2786
2287 1788
390 681
1929 2241
3216 279
1270 1356
481 3153
3391 1380
1489 1106
1269 1145
2370 967
2441 2119
2166 3295
1071 1830
2013 1065
99 2395
35 1882
3324 2639
238 937
2366 570
181 2257
2012 1468
2795 1803
1921 1536
1155 676
703 2101
3310 930
937 2346
472 2271
3003 1005
3192 456
2273 2560
2430 1253
1669 1952
2879 2516
1522 1316
843 2516
846 334
616 2811
2444 169
1335 1588
391 1768
1796 2945
2595 1518
2612 1049
1972 1568
1855 647
1922 115
1324 2751
1493 1435
996 1428
426 1521
758 2339
3096 2120
2242 1790
1884 2380
377 3006
2088 1223
1977 1728
1234 2225
2335 2554
0 836
2597 867
2498 106
1459 1908
976 2387
1577 823
314 2646
1667 3082
1487 611
2797 2552
404 67
2670 2613
2198 1821
1345 2755
1739 2582
397 1901
1435 2140
391 1408
2476 1143
1966 2273
1058 3189
3276 2991
270 96
3076 366
2005 2094
2998 477
586 2148
3064 2197
2478 327
1247 3126
2418 3314
19 3295
751 133
2656 1434
1829 992
472 1658
1760 1244
1414 1953
2105 402
422 1987
601 914
1105 1001
1744 3178
2340 738
827 1881
455 2196
483 3127
243 3291
1578 2203
1517 1004
3161 2472
1407 1153
3013 1797
1118 738
392 2864
1518 2243
1284 3182
2313 1855
842 2265
1486 2985
905 1783
1054 683
658 2003
683 382
3303 2802
969 1940
1580 1900
518 1957
1694 1620
2030 2124
311 302
318 213
2156 1700
1330 1885
406 174
659 1758
3140 2668
2440 590
2706 392
2333 67
251 1237
1585 3341
2417 1734
417 1071
1069 1716
1442 3043
1906 320
2252 1810
1332 2057
33 1365
2710 3155
2589 1284
2793 965
2496 2792
2288 2756
2487 1958
2200 1321
1624 914
2405 531
1700 917
3312 1787
1183 2781
3061 2363
794 2856
2320 1057
3274 2341
135 2038
361 1215
2483 3221
1587 3062
144 1666
155 476
2324 545
987 1537
2652 856
11 1371
2658 282
2952 2245
1779 3009
3310 595
1061 959
2808 375
501 497
2908 3107
270 321
3060 540
3102 2166
2479 2680
2 434
2278 732
794 920
1401 2395
2984 1392
1258 679
1841 1440
2906 2197
3390 1608
2872 2417
500 1210
2416 1757
3127 981
2968 2991
53 981
1021 3174
1567 3312
2300 3048
971 1159
1556 1428
196 3087
833 446
1403 3003
1476 3285
2111 2184
981 3269
1375 2508
499 3041
1897 3372
562 129
2171 3217
979 411
1590 374
1617 2769
2802 785
1503 2631
524 555
672 1264
781 342
1822 364
1492 2058
3028 3344
3388 980
1175 2346
416 1035
1959 3102
378 1912
3275 1130
715 1769
2250 3307
3220 2650
238 970
219 2666
2643 2039
1170 2989
1078 1504
178 2555
864 2750
1085 332
778 2380
1528 1806
2 2612
2871 677
2347 2968
458 2213
827 2714
3309 3319
2245 849
982 2350
1711 528
2063 3253
3279 77
196 462
806 275
1558 1673
2006 2412
942 1088
968 2190
733 3140
1238 768
2760 2477
935 322
1353 82
273 1663
2320 2651
3288 136
2097 680
1260 1861
214 2385
2593 2706
1693 2176
3313 2533
2581 2054
1924 896
466 185
2775 3319
3216 1431
2362 2311
2283 1377
756 2024
1789 183
1625 377
1529 2516
2795 3191
3037 1350
1982 81
1268 3172
2149 2051
3097 2772
3251 3397
2800 1080
1700 736
1206 764
354 340
2497 671
147 2049
2593 180
2975 560
78 580
503 1500
1828 3113
201 2091
2345 1641
3304 1979
1919 3061
1600 1699
916 1117
2592 1263
1030 387
896 487
2461 976
1594 3365
3321 2830
781 3201
1522 2340
708 570
3095 1671
477 2555
302 1707
2797 2464
393 1990
1192 60
1778 1773
3183 3377
533 2838
1915 1618
940 1088
1269 472
472 2923
1072 2815
3002 2112
662 2869
98 52
2422 2759
1407 2439
2495 2399
285 2139
2063 173
237 651
2829 2113
1710 553
516 275
1577 1764
256 1351
1514 2757
3083 2664
562 3052
2016 1640
1762 3388
2873 1441
1354 1527
2124 1411
927 3311
3248 3058
2266 2883
1357 1635
525 1650
234 3164
1274 2654
1432 541
284 1528
3083 2895
3270 3165
3264 895
2914 746
2402 1022
1161 177
3071 3016
2785 3103
1664 1640
2526 2953
3141 188
1383 1619
2502 1274
481 3196
3047 39
2057 1929
99 1759
178 1325
33 47
3230 202
2476 1610
497 1903
2724 131
2625 982
1418 1432
1586 761
1432 584
2903 2176
3015 1785
2555 2249
3226 2512
2509 1764
2240 2318
2025 946
2479 3043
2058 1586
388 3161
3374 511
55 336
1971 2514
2834 2593
101 871
3114 426
2193 3046
1895 3029
2395 33
2998 3077
276 397
653 3270
1232 2967
3110 1791
2339 2876
749 15
1348 2868
1379 1881
3297 2101
2549 2462
3130 2176
647 3366
3234 2017
2386 602
727 3232
389 2097
2723 39
2695 2076
563 2096
386 1000
3364 157
3339 2416
1814 1715
2726 269
1801 3275
2815 3203
3156 1342
499 448
108 1757
3341 2780
2145 1331
2820 736
2365 743
394 948
149 2513
3263 2049
3186 824
3108 2544
2193 1462
1875 1069
86 1697
635 419
1016 1007
3186 1893
93 2293
243 1823
854 3276
2896 359
1918 1073
1985 139
1084 3375
3113 615
791 474
1913 1707
201 1843
1798 551
2068 1107
3198 1044
3218 2718
192 553
1193 3102
897 2558
994 2369
155 3049
2186 384
488 898
3114 3140
372 1037
953 711
985 2444
1938 2932
2883 1318
1408 1637
3203 2904
565 583
698 2719
2090 2716
307 2527
1121 924
467 546
3382 3385
852 2624
716 2094
1788 1256
1292 3042
2093 2801
1639 3127
1350 2087
69 1226
423 981
1926 2391
1402 803
86 1778
2100 2668
2902 3323
2938 511
3373 847
2329 3336
1110 992
3382 3211
1394 1329
2580 3108
3358 855
1355 1437
1183 2383
621 2677
2722 808
2229 2705
408 1877
2457 170
878 282
302 28
1835 1303
1290 2886
955 838
2356 1074
865 1781
3048 1426
1345 1825
2134 1797
1906 2375
146 765
827 2744
1799 30
2757 1576
1837 1110
1293 3107
2937 2507
2613 2045
2659 1597
1352 1460
2075 2298
2980 1357
917 215
621 3271
2236 3050
3035 2455
2282 3033
2613 1985
2572 1070
2711 2377
804 546
2983 1907
2209 578
3238 3117
234 1547
2009 662
2343 2142
559 2707
688 648
2957 830
3143 880
2893 1795
2272 2893
2710 2009
3113 3276
1348 2313
1596 2723
1176 1823
537 77
1866 482
632 514
2010 345
3149 26
1359 571
1516 1351
1519 2923
580 836
1557 1735
64 245
392 2003
24 2484
399 1695
1598 357
1123 3234
3300 1655
5 2161
2076 1624
63 3287
2255 2987
2783 227
2694 1704
1389 953
23 1937
2573 526
2127 3285
1640 2284
3102 1899
1117 1621
2865 2396
533 535
648 2364
2084 293
1535 3159
2451 1646
562 3333
2339 1677
418 561
604 868
132 2892
1683 597
2457 712
2322 1494
2912 2788
2745 400
2782 556
2410 621
3312 1353
786 899
736 580
596 3337
2971 2306
2543 2301
3363 2917
2216 800
1584 1016
146 2447
1737 1716
1617 2271
3128 1739
1295 387
1796 2432
1838 645
2072 1273
2148 383
2112 2891
2636 2908
2196 2521
2864 2097
2437 1608
2204 193
733 1905
1935 1881
2291 235
2443 1889
1267 1973
2723 227
1469 542
2444 2964
2820 1857
1404 2180
310 3320
71 1692
3307 2571
3289 3018
2990 405
342 780
1328 860
2372 2263
2220 2123
1226 1666
2654 3373
754 3124
1493 32
649 2871
1631 972
1360 2847
1412 2767
2755 3043
610 2878
366 1823
1167 1298
1784 2195
1958 2724
511 2356
432 846
2083 1253
1339 416
1823 2786
1569 428
785 2368
2079 2726
1907 2396
950 2531
130 1359
3343 1478
1756 2466
3350 3209
175 3220
1633 2814
572 205
1874 1849
586 1574
2632 2377
54 392
3044 388
760 2269
2511 2540
3210 518
1041 930
3033 1130
1036 773
534 584
2143 1751
3030 882
1510 13
909 614
2047 1240
1402 2770
2640 1981
3308 2899
1099 61
138 3329
1771 1057
991 59
3297 3391
260 194
1111 466
1192 2789
669 880
3067 881
3066 2661
2096 1554
2314 2383
2856 2323
238 2071
715 2382
1130 2739
1370 2792
519 2642
3392 324
1633 1885
199 986
1466 798
974 316
1885 1872
640 3269
287 355
2992 158
1560 3090
1120 143
520 835
1137 126
684 2714
1189 2735
415 1914
1424 496
837 3034
2661 1711
1939 2095
1493 2746
1906 2547
2354 3
579 2698
210 974
628 3341
2126 3097
2688 1054
1802 1175
189 2486
1799 2512
95 1190
1244 313
3330 2208
1756 1827
2309 2385
408 2563
1185 2581
1037 405
2832 3167
936 1173
1763 3364
2750 468
1956 131
1216 2452
3034 827
2580 1817
1043 3000
287 1587
1748 2444
182 2420
2323 694
979 978
1510 962
2732 2249
3108 3301
736 1184
2088 1755
2787 1639
879 2870
1169 690
2999 2381
199 3268
3191 711
493 924
1470 306
1735 860
1411 821
115 2724
3211 262
1525 2602
1042 1440
2373 443
3128 493
1635 947
1797 1436
3193 3021
1927 1983
2222 3383
2135 1372
874 3198
2101 3334
621 3049
2992 3215
915 2740
3079 2788
1466 2532
1141 1077
1908 2585
127 2648
3151 3301
1449 2585
2570 2424
1063 2463
883 1821
2728 1373
59 989
2004 2300
3194 2286
638 1298
3247 911
2588 1874
2232 1131
1035 2584
560 1631
1648 1078
3310 1786
2817 3247
2266 2248
658 2567
1074 2499
1764 2230
2619 1686
759 2624
1388 2831
1552 2098
1819 705
942 698
91 3067
239 139
1397 17
2879 1644
3203 669
1936 1996
2428 2825
3117 2513
459 824
674 2390
1797 500
2054 532
1001 660
402 2996
1398 818
618 198
3225 2036
716 2847
642 2177
2486 881
697 2954
2044 2924
1878 147
371 1850
2227 2360
2061 817
302 21
2689 3369
1390 2389
950 2149
2969 2140
1860 2854
1783 1328
2407 283
79 2090
368 477
2045 3307
3162 1215
300 849
294 2355
37 2489
1100 2839
2948 182
2631 478
3132 3175
475 794
1183 1935
925 2831
2547 2526
2711 3172
2468 149
2814 2539
2810 2719
770 32
1231 714
826 526
2247 3237
1154 1860
436 2636
2762 3374
2445 70
692 1088
2867 1984
265 1077
2104 1098
2840 1310
1588 2271
2332 2551
93 1154
2977 107
2474 571
2491 1143
2364 1185
3339 1804
3250 1826
1063 1414
2711 958
2093 3346
2810 954
1156 724
1378 2688
255 1110
620 1483
1182 1820
2347 16
1578 2620
34 1720
525 2452
1872 1722
1764 1052
481 3125
315 1522
2333 779
1667 308
1520 113
3154 1783
1125 276
2119 2334
1824 125
352 1095
94 293
1170 2480
2363 2220
2492 2511
2456 682
113 2159
1950 704
568 2653
2532 3009
1753 2002
3080 243
1999 2292
2358 2338
804 780
1563 2787
109 2508
1316 1741
3324 970
776 3195
2052 2245
286 1806
1012 3217
2660 2672
419 3013
1382 900
1500 281
1215 1369
350 436
2479 3237
1003 1700
1194 3102
3267 1687
120 2876
2468 2342
566 1850
2480 2370
800 299
212 1950
1057 513
1792 2740
609 2784
2767 2924
577 506
2357 1302
2686 755
2640 1280
2256 3133
1076 52
2814 350
2535 1473
840 1125
2502 2338
2089 1363
1314 283
1367 118
3123 847
1207 1969
2031 1807
1626 1943
2774 333
1430 511
285 462
66 1785
430 1582
1419 527
2856 2510
1612 2111
2000 2632
2733 1732
2252 1155
1746 900
1664 34
2902 812
1327 1630
3357 2679
719 2652
251 2926
1785 2066
2324 3233
795 1002
3385 3155
788 281
963 700
2852 1729
304 2857
2957 114
511 2030
1826 2904
2721 1435
2259 1918
2430 220
2450 272
817 3170
1629 94
2562 1815
1704 3308
302 1831
3278 1702
1364 3113
692 2105
1438 781
3050 309
1306 2704
303 3103
2196 355
1032 986
1051 2634
460 413
2301 3152
3039 2160
2319 447
1881 1904
1900 2413
850 449
1722 2405
1260 2555
1342 2358
1479 2734
2159 2129
2401 1540
1680 2201
1422 494
886 585
2879 1529
1300 1042
2731 104
3310 1170
1217 2161
2178 805
1560 511
2386 1187
886 340
190 86
780 1169
3071 1206
474 611
2047 466
223 2835
1299 2261
3377 2947
74 571
803 1968
1879 351
2253 2352
3282 3075
3164 161
782 1130
1050 2452
3 765
2248 1444
203 2888
1800 2671
2122 104
24 2368
2670 2916
936 662
374 1893
1293 1540
3063 908
1646 1734
2394 830
2603 1389
1321 2606
2237 375
1056 1303
784 1326
1560 3220
1310 2955
1526 607
2405 847
2995 1362
3048 1166
1645 573
1396 1608
1514 1028
1168 445
2604 1220
8 444
232 1139
2139 2129
2977 1729
2991 2689
3081 2886
2975 2003
96 25
2355 196
1669 2803
2389 2071
2097 158
3124 567
843 2221
1793 2491
406 1753
3023 3133
2134 1940
304 1022
2937 3366
1674 602
1275 410
2624 499
1858 533
2668 941
2072 610
1891 1317
39 340
3369 2958
2727 2601
1027 770
1282 584
1148 1962
2608 1439
1399 866
1710 2403
1803 516
2114 1420
2404 1863
1378 3028
2022 436
3202 53
2205 2820
1395 2812
2328 2129
1353 3094
4 72
2837 141
572 3152
1409 1470
1517 2138
1747 1867
3080 1124
968 1464
233 2516
1290 2396
421 29
2524 1702
760 777
202 1137
2500 2884
709 214
501 2528
2124 629
2554 74
3006 199
206 3249
1556 2170
1068 1838
628 1338
1969 732
2560 841
1651 1093
2676 2443
256 1935
398 352
2625 3210
2665 950
333 806
465 1659
2426 2333
427 3116
2430 162
933 413
3276 2029
2736 470
2705 1077
2038 1757
2606 3096
902 3294
2569 1530
1965 556
564 735
798 3098
1823 1767
314 1491
2440 613
1843 18
2521 1763
2026 1615
866 2750
2120 2503
1709 2322
3082 911
2217 370
61 108
238 38
2345 1865
2880 1913
707 2926
1646 229
3378 3386
657 2246
1322 1293
602 1488
2335 1309
1348 213
489 3355
1185 2359
2230 2344
569 2886
550 1569
2244 1983
344 2764
1465 3098
25 1190
2951 1686
868 3203
2512 2083
2605 1969
542 539
1736 546
1461 581
1423 2860
1201 376
888 2102
1264 3073
828 1209
2791 2729
340 521
1067 1734
1815 2854
1950 357
2510 1579
610 1480
2304 282
3353 329
513 722
1834 803
933 1191
664 681
2715 1101
1852 639
1004 1632
275 2169
2619 434
3019 299
622 634
2951 1597
1435 2405
1545 1003
2326 2092
2055 7
3246 2426
2638 1683
2504 120
2835 2863
2482 1879
201 83
146 1674
700 2442
3199 2069
988 651
2549 861
685 845
2830 870
3 2270
380 603
1483 3080
659 1742
765 1144
1515 3204
2622 1125
3275 971
1137 1530
137 842
1533 847
2302 2310
114 330
2646 917
3397 110
2629 2001
1539 2093
3077 2115
3266 1024
1788 224
2003 2647
2050 1605
2124 7
161 3010
2658 2287
501 2350
1915 1254
258 304
106 678
821 3284
1171 133
2195 3138
1734 902
2149 2463
3248 3099
1301 302
3029 1036
1523 1847
2443 1793
664 682
2159 911
1339 2185
2954 3235
953 1215
2910 1089
159 2768
3323 2511
252 3046
983 2987
2850 2869
25 1157
715 372
254 538
1343 704
309 655
1595 1687
2261 430
1270 1126
2206 3360
2710 1287
1172 591
2680 2891
1824 2183
963 1048
1754 264
1309 271
2793 330
1608 1237
2490 3398
1309 355
1871 1869
1496 1140
3030 1112
1195 1234
1779 962
1765 1854
2832 2470
1379 3250
2048 2768
2102 21
683 1243
485 2282
1779 3079
1561 3237
2558 2268
1926 2300
2332 79
2330 1813
1792 472
1958 1945
2892 710
3033 149
2420 3048
772 1809
1685 2041
1024 2344
3295 2150
1068 2386
2964 591
2602 1673
1877 1031
17 3126
1138 738
3053 495
926 1947
2682 2144
1014 903
456 1634
182 1625
2480 2788
2900 1899
1773 2357
3048 2629
3230 3180
3328 333
2816 2964
891 2164
1992 1839
3123 129
805 2981
5 204
3300 3121
1917 817
1949 1216
2242 1926
1299 991
1048 2547
2593 1649
2221 1550
424 874
2723 1503
1741 50
2228 207
1375 3345
3020 576
158 3067
3184 2960
3071 889
996 944
2980 1788
418 2995
72 3342
1023 398
2584 623
599 2915
2581 1392
297 2497
1518 56
645 1315
2483 1889
1145 2891
1220 2494
3115 491
623 507
1617 2608
889 97
452 3196
500 853
427 2894
2454 955
1484 696
458 2324
517 653
608 153
2153 309
1455 3011
1974 94
3147 2329
1066 1696
650 2677
1222 2686
3048 836
1747 3132
2634 1599
2673 2865
1807 1882
2127 2626
1283 681
2468 224
2637 810
436 712
400 2291
1358 1582
23 2321
2922 1413
3377 2146
1216 2956
413 1840
907 1912
535 66
2605 1586
639 488
196 1845
1043 1883
1130 3343
2571 46
2850 3041
1586 877
918 1957
2524 809
1030 123
963 373
2251 496
156 2625
2009 411
302 3280
3146 1021
1874 704
2872 469
2534 1629
787 2037
1052 1362
1944 1532
1936 1133
1890 1729
3070 134
2138 1969
2161 1068
962 517
353 1588
2888 2763
2100 1487
2822 3335
645 214
2709 1965
97 2996
1826 294
2694 377
3097 2501
2038 1495
2902 2253
210 195
1571 1569
2986 129
594 135
2888 1108
1212 577
3188 2961
2355 618
1170 1239
3010 498
3312 1541
3156 790
1363 1591
1897 431
3049 3327
77 989
578 1548
2939 1511
3192 458
2208 282
669 3061
545 700
3075 2347
1350 196
2830 2246
568 3216
1926 1410
69 713
2073 3105
3397 1503
2213 3384
453 3373
59 3366
2112 2033
1007 681
501 3074
1316 2124
2484 1230
2940 993
1178 2655
877 2063
2413 626
256 2400
569 3340
282 2362
24 168
2373 1504
2152 2745
2153 180
2654 2065
1900 1483
1112 3036
2553 1189
152 700
3316 879
1813 2033
364 2559
2860 1709
257 1107
299 2961
276 2111
1838 3079
2550 961
2579 1974
201 1330
23 2699
2826 2212
2275 1003
1776 2338
2986 1001
3391 1201
2017 389
685 1577
1905 2964
3069 3095
289 1926
2082 627
2571 80
2971 80
17 2958
677 2061
97 2637
166 384
1452 2234
2717 266
1124 1475
136 979
283 888
1245 2634
1489 2900
2794 456
3229 2862
1544 2554
308 2687
2097 1418
1192 2727
874 17
1943 2209
2548 2419
1333 2831
1797 1606
2532 3107
3387 1936
2615 1116
257 2373
1742 353
2226 1914
844 2877
201 1513
1636 863
2867 3273
1106 596
3061 320
38 115
2207 424
1202 3189
2170 860
3301 760
2509 494
3217 655
683 390
2310 3143
337 945
1081 1535
1763 3171
496 3181
2486 786
172 1545
3336 89
2465 2601
28 1101
89 753
2497 888
2092 3252
10 343
1436 1443
776 1058
253 2281
2996 1584
1090 1713
281 1893
2802 332
1077 425
2626 2443
2352 381
4 2645
1526 2412
60 2629
2479 2396
2995 1492
141 625
2541 2638
677 2612
1477 1443
2406 997
2225 981
1239 1338
2520 633
1781 1690
127 2876
2034 1274
2579 2923
3017 2707
448 2535
198 783
872 763
1043 2390
1368 2971
1132 1401
540 691
276 1890
2083 1969
433 3342
197 1376
314 664
2905 314
2016 108
674 2361
922 3372
409 3146
2283 1130
1695 326
135 779
1353 2654
1835 1500
3294 635
2089 1076
84 1392
2099 1054
1806 1748
3279 481
1682 1591
280 1245
1550 2185
901 1485
1771 657
1435 1419
3042 3265
2502 3012
2371 2676
884 1626
2093 2472
3290 3200
1207 3030
905 445
1053 2890
288 1000
399 1089
765 3380
2107 1031
3077 2640
922 1531
2512 1422
2983 847
1899 1405
1732 151
1773 2670
743 1173
2891 2240
1490 2111
1535 2432
440 902
1130 1824
1307 51
2106 1922
3275 544
1711 1170
2865 2721
2392 670
257 733
787 1610
358 2661
1185 2732
367 1191
2103 1145
3375 2183
3329 2066
442 2267
649 1446
2972 3058
69 3317
2412 576
831 3063
2989 1160
1933 2815
1165 3047
777 2015
2278 2344
211 1385
3313 3178
898 1447
2627 2114
2027 2647
3176 1366
1872 543
1092 1528
505 2977
2777 1395
2783 2203
1754 1917
2957 1157
3141 1000
3338 2824
2215 1878
2457 2272
1322 1913
1186 581
2890 1517
3153 1140
1013 2635
1955 2213
2872 810
705 1233
1102 1828
3190 3265
603 98
2050 1254
1575 1421
2881 296
1679 763
1646 1781
1949 2297
1664 1009
1807 651
223 364
2461 1501
3016 2045
2684 1493
2963 2121
703 1568
1910 2439
838 405
1818 1355
3095 2386
3155 2213
104 1145
3253 1885
926 2350
1506 1494
2959 1752
425 1412
1644 1337
1584 1683
2691 3172
298 1477
385 1618
3235 184
2917 953
216 282
1071 866
11 1209
1535 2349
916 772
3354 2731
1500 2567
86 2544
3179 407
1407 2235
2953 1091
3051 571
2386 1426
1535 3296
1762 1047
821 2162
87 614
2901 2322
2734 3338
3072 1892
1654 1308
1667 2013
3177 1418
2936 271
3385 506
2713 894
2839 2289
862 374
294 2412
198 3075
958 3242
2385 957
2661 724
756 1406
2448 1074
2254 1097
1367 1892
319 1472
2470 2153
209 962
3319 3247
1814 2583
181 1432
1241 3033
3036 1686
1665 2994
2068 2939
1511 1484
1685 3079
2656 3113
1316 2478
2110 111
1795 533
3130 135
2014 1337
1060 619
338 1637
123 1754
424 3118
3143 1049
3367 2788
371 1087
2640 271
873 1501
2035 1827
766 808
2798 2594
588 2116
3118 2285
102 2199
166 1863
14 592
692 2469
1451 2858
675 3270
2366 2145
1803 1523
2627 1247
1509 202
1124 1611
1386 1357
2857 1583
484 1442
2004 772
1900 1487
1737 548
2705 1629
675 12
2066 957
2194 3284
3387 2707
448 1932
684 390
2234 1461
1000 312
1452 1938
952 1001
357 1689
1119 2114
2122 1585
2073 72
766 393
588 1928
1903 731
1961 2881
500 1611
3284 2258
3090 1584
310 1809
54 3214
876 741
253 150
1424 2345
1951 211
1845 598
1409 1793
1129 3075
3154 275
2003 372
1990 809
2723 1796
766 2541
1705 2080
3344 2480
1973 2689
810 374
2470 3253
1290 2547
606 243
2017 208
2994 370
2215 2414
2400 1965
2152 1414
977 2420
403 3346
1541 834
3027 1372
1086 1639
1542 97
653 1057
1730 1097
145 1396
296 2877
318 1483
2041 1605
2665 609
1222 238
2634 2625
1948 341
1570 2574
67 91
2076 24
1367 1188
760 2804
1367 2557
3266 1366
891 1554
2609 1510
1875 1505
2956 508
3331 2590
863 3025
3226 3060
515 2651
2386 877
1227 149
322 526
2506 2481
2238 2506
1107 2931
2416 2306
1384 619
3176 2701
300 1006
399 2594
2444 2098
425 663
1855 756
145 964
239 808
3318 2585
1232 1164
1171 721
1821 2570
1437 1650
658 1720
2437 2666
195 3133
1565 2296
1204 2642
1032 1571
1954 2842
2513 3299
638 2247
837 1106
1106 2843
2925 119
2596 1433
1148 879
2455 2118
2583 1288
1001 2574
2218 1387
1936 3247
1519 453
2381 2244
1169 1235
2042 183
2327 1967
2087 2735
67 435
1112 2217
234 2049
1763 1238
679 1244
2054 1713
3176 1943
509 2363
2602 216
1913 1085
1305 681
604 753
2911 2147
2504 46
157 1238
2159 2558
2231 2618
2717 3133
3090 491
1242 2232
2009 1405
1693 2504
189 524
3394 1602
2499 1509
667 2716
1359 3127
996 1021
1382 816
1472 482
2641 2621
2418 1945
2965 2402
1926 1396
1087 1658
1861 267
3142 556
2407 2926
2841 1706
2243 918
3079 2479
3354 151
2485 12
1298 1085
2337 2879
2270 1471
30 392
1227 3100
65 2241
1509 2512
1935 402
303 691
1009 1807
3018 239
2520 2158
237 1957
11 3120
714 810
16 676
2434 1139
3126 1514
1326 1122
8 1979
1910 1083
1254 2042
1559 8
2006 343
149 2932
432 2648
1601 1784
2166 116
2251 2465
2370 5610
2362 3282
1562 486
1291 2383
543 1309
2214 3060
1905 336
2945 1257
3082 2617
2661 3310
2892 3114
194 509
1413 2031
709 2712
2880 3274
1695 1370
1820 278
27 3362
2355 2597
611 281
833 2469
928 381
2343 3245
92 1662
1403 365
2837 37
2894 1387
2201 581
1753 2850
97 3041
1133 1125
915 1133
462 602
280 2425
875 465
2206 1416
876 555
1987 2847
2656 1384
1151 88
1626 2640
540 1598
32 1163
85 1635
296 757
2032 1294
1831 329
1273 944
1632 70
2685 3309
2509 3055
304 2087
2668 883
643 262
273 1317
1533 1109
2228 519
3021 1526
495 2439
2937 1189
3391 140
774 1697
1996 2889
1277 863
1246 335
3294 417
2246 2930
2948 1172
2174 1026
2381 2023
246 737
2292 423
500 772
348 1711
1599 3379
147 2997
464 1114
1784 1240
2150 1986
3019 3189
2981 2202
1192 1401
273 134
3072 353
437 322
2108 1813
2866 3064
766 59
1326 549
1990 423
2875 2114
1005 304
561 309
394 1718
1090 3000
1567 1000
1743 1185
775 106
2852 593
1806 371
2764 1433
2173 2852
3106 2197
480 516
422 260
2398 1830
3360 1844
1210 2621
1312 1119
984 3011
2061 2308
2602 3058
2146 2293
1879 1801
2860 2779
1245 2177
585 155
2105 1186
397 182
864 713
3359 3016
2706 2154
410 949
