2676 1649
1288 700
4489 3686
3191 3329
3471 3777
4027 1733
504 2585
2371 528
1364 905
4117 2299
2503 989
2820 788
4046 3144
2759 2570
511 4300
517 1482
1270 3028
2487 3332
2804 617
2102 1141
3145 1423
2452 3449
1394 2092
4558 2084
934 4189
1214 3566
3362 3380
2272 1865
2125 4241
4570 64
325 1556
2958 1654
3416 1549
4580 3431
1319 2296
1656 2759
829 2896
1924 349
837 4471
2590 3924
1785 199
1569 3974
4439 2280
1521 2133
4382 3750
1192 792
630 54
2358 142
2613 3182
3869 3898
1166 382
34 1875
2572 1935
4455 30
4581 4510
3006 3538
3681 2268
1048 2688
2762 2037
2988 1253
2909 1979
1451 3446
2054 1135
391 2767
2506 724
1948 632
1406 1816
4431 2092
1869 4055
4483 367
694 2918
1810 4219
692 1136
1904 2383
4230 2264
4220 2437
3247 2220
3008 3702
617 2643
2591 541
4466 283
326 3172
2521 1737
1371 1191
1354 1702
2274 1723
3268 1650
1535 4010
219 4439
5 2311
2361 181
1677 2240
1384 4061
266 1397
1243 3805
4265 4163
338 4567
2911 4196
452 2966
2658 2863
1975 2134
3417 2904
4283 2094
3167 1412
2292 3605
3003 1580
2686 3886
3571 2683
27 2818
1359 2061
2432 3937
4226 3118
918 3268
2034 3756
388 1041
1993 2274
257 2340
484 3081
1959 4095
2809 3877
707 4286
2109 1114
329 1129
3035 4210
4437 3271
2905 1892
572 339
3124 3649
985 3902
2908 774
4011 2489
2307 4081
667 780
1110 1659
2204 2840
774 2065
3051 2918
1088 1958
3238 834
2600 3824
2721 295
197 2629
2995 1376
1141 4282
1895 353
4409 455
1390 1152
1404 3771
3954 1834
133 2472
2374 1174
3732 4587
3513 4280
3992 4362
3529 2524
4462 4554
220 936
4511 4412
1729 2732
3673 2115
749 200
3245 572
3682 2730
3496 2834
66 490
1883 3766
4185 2228
845 3816
3024 1090
169 3220
3366 1707
3562 3347
1481 428
490 1413
354 4026
4226 2776
3279 3625
3804 2936
3521 2003
1276 1771
1046 3312
3765 63
1449 2039
632 75
1053 831
551 2287
969 964
4535 352
3213 913
3908 3476
2338 3582
2062 30
3776 3438
785 791
481 696
571 3162
1170 1656
3567 4513
1490 66
4238 3289
1603 426
4245 2143
4414 82
937 4173
619 3745
3903 341
2734 2212
856 513
364 236
4314 981
3565 3989
4234 3858
4196 2382
3212 327
4305 3457
141 3582
4343 2696
504 3592
641 2810
949 2062
824 993
1392 2085
1152 3161
3989 3861
1632 2736
1425 3710
4272 3716
563 136
1309 1293
1554 2589
4488 721
4344 29
2773 2013
3124 2806
4422 943
229 4286
3287 4149
98 2031
165 3057
3407 3717
3352 4324
650 711
1088 1659
860 831
1931 667
1539 664
1116 173
1611 1643
968 1221
2972 3158
2345 4341
79 4474
325 2561
579 4183
3553 2879
2844 1438
455 3349
3315 2498
455 2830
3384 660
3986 4202
644 522
4433 2313
1203 3780
1028 4532
2054 4138
3967 177
3631 2509
3102 873
2389 4081
4257 4479
1016 3875
2154 1727
1478 3413
1427 4488
3412 1819
2757 1720
600 2873
2852 1818
1131 3675
3646 2318
4460 3224
66 294
503 2276
4141 2161
3469 3225
167 1622
2149 2049
3652 4174
904 1171
2727 2869
2514 1471
2761 1919
2565 3400
1607 1660
879 3101
1913 4231
4419 3675
935 3681
597 1315
1646 612
2607 4523
2512 2967
3649 12
4186 4173
357 2304
263 634
3744 382
3873 3892
2717 4507
4575 2497
4196 3294
875 675
303 4327
954 4333
1076 3037
1350 992
4575 3260
2297 1542
1423 3240
3263 1914
3089 4376
1990 218
2226 3857
1314 2507
4253 1534
385 2488
3844 17
1005 3950
595 2025
1520 382
529 3632
4073 863
1992 3839
2468 4544
2907 768
656 1792
2199 424
1882 1330
1410 3151
2071 3968
3065 1765
55 3778
717 3883
1981 3163
1941 3643
1587 2617
127 1597
3402 2951
3759 632
4007 1672
842 3065
945 2266
685 4530
1342 2677
2134 698
1301 1327
4396 757
4087 1357
379 1864
2183 384
3511 1403
3528 369
2682 2011
2534 242
3880 3931
2932 4315
4167 1686
845 4510
3253 68
174 4487
1505 1551
3624 1107
315 3616
1747 4548
2960 4323
1334 783
2582 812
4220 2499
1662 3268
4040 893
135 3580
2281 1444
3638 3924
4160 462
3995 3177
1158 3637
1712 153
3859 1466
1483 2356
2329 2348
3082 3857
3087 3325
1790 273
3009 586
2727 1164
2501 2876
1711 1567
3656 1872
3444 3431
3151 2287
565 413
4218 1194
1989 3165
3602 2351
101 3580
3715 4128
3628 3893
1021 182
946 4001
4581 3866
994 2201
2696 11
3030 4513
2839 1169
2124 4546
933 1421
1709 2492
1254 2179
902 2023
114 4317
968 1404
799 1109
1499 821
2709 3046
3031 2957
1970 1440
3370 269
974 3462
1262 3884
592 3998
4330 1394
2399 3396
1904 3474
3606 3099
967 3690
3951 1297
391 2816
2704 310
625 3282
2034 825
1857 2050
2046 2463
1164 3573
3090 1761
4363 3190
2409 2441
4570 235
3913 3024
4154 3875
398 479
2762 1163
1772 3888
3965 764
3777 2272
1100 4219
2129 1931
132 701
2291 4468
4450 220
89 3584
3 4442
1645 1406
1721 2433
22 3229
295 1908
1754 4385
3421 918
3021 1780
3919 2181
1832 1045
1768 3802
1221 3352
1316 472
1391 1154
2538 4215
446 4471
3185 124
1872 3385
3066 3935
1107 591
3602 936
342 1456
1755 878
4256 3962
4121 1238
1496 2020
287 4372
3531 420
2636 2809
3620 1573
4128 2858
3030 1137
2472 3560
4149 3871
625 1761
4035 3161
857 1035
3598 581
2769 1616
2574 1766
838 442
2125 1750
2919 677
2351 4058
3617 459
664 1778
3566 4584
4573 1692
3773 2379
1314 939
2658 3205
3067 4225
1462 1241
4318 2278
1209 3552
2013 4228
4532 1607
922 281
3251 3160
2364 1272
1183 1186
2046 916
2554 3798
3621 178
3211 1759
4546 4186
3082 4453
3046 2913
1030 3126
3138 1759
4585 1441
2537 1360
4381 1617
1909 1825
3775 890
1990 528
1986 1667
4009 3632
199 1711
3845 1832
1504 2546
3745 3879
2388 4053
2201 2519
1404 1991
335 979
596 1664
1637 3013
4406 2354
409 1073
96 3606
4130 4480
341 4192
383 873
3753 2337
2119 970
2694 2247
1195 2223
3276 2563
2799 4205
1670 1598
4351 3006
2471 2888
1534 3625
1074 3751
3946 2229
3385 3689
1588 4354
3486 1495
499 2652
4421 942
1464 4132
2474 3178
1571 1021
415 1089
2181 4376
2878 233
1303 4381
1061 4207
2240 4543
1943 2973
4340 3562
3326 2663
879 1315
2863 2667
769 3604
1446 754
419 1258
3512 1703
2959 2565
1040 2707
1662 1244
3017 227
2260 1675
3650 431
1469 674
3791 2287
11 483
3148 4011
679 1783
2716 136
2293 965
2896 1626
3916 520
2036 131
1442 3724
3667 4430
23 4589
314 1824
3856 3996
3770 4468
852 543
879 3817
507 1396
598 1923
2809 2066
3059 2306
914 84
2912 3146
536 2842
961 3840
3408 293
1796 854
3155 839
3007 2116
3224 3565
74 1195
3223 3499
4227 823
3360 1418
1712 2064
2497 3008
3607 3901
1950 1708
3721 1070
1411 2420
4261 524
3397 3413
1392 3391
3639 2430
2762 2563
2353 2514
1021 4576
1026 4480
3935 2789
486 3632
2670 3521
1194 3500
531 2005
732 201
3743 697
3328 1777
754 2002
2573 135
130 3036
4151 3134
960 1082
2037 3141
31 2775
4370 691
1934 448
1665 3995
3197 672
3201 2652
436 727
2408 3296
294 104
2108 975
3132 2110
2085 3863
1390 2746
278 3866
1125 667
1026 2940
3668 3555
851 336
2437 306
2589 4590
4344 3074
3961 3035
4149 2222
2566 13
3131 839
1746 1816
241 4260
3919 3338
2961 3261
928 3480
4077 948
1586 1251
4081 2833
1352 3555
3424 1929
1870 4334
627 2538
3959 3724
4388 3029
3762 4066
1153 2665
3975 2434
3099 160
2944 1099
838 56
2298 2266
115 352
3899 3053
4401 2452
2637 471
3451 2928
4408 3766
2938 4213
1734 1125
1731 2339
432 1157
140 2307
1542 1487
3791 3230
4524 3591
1185 2744
608 150
2044 2563
3127 1014
97 538
4111 3346
2865 2371
2151 306
1466 263
2907 2584
2271 2545
2132 3874
2808 4376
3756 1548
889 4259
1439 2897
3886 3304
3293 494
3268 3961
1668 3563
4547 3004
1562 487
1160 2982
1944 95
790 843
3650 2650
3940 2948
4338 1348
1274 213
493 4021
37 154
3589 13
3922 606
3974 3143
1367 1967
220 3167
1261 89
4193 713
282 3877
3093 4392
4579 3078
3254 967
2486 4145
3815 3511
165 3270
3292 2534
374 1455
2363 3456
1920 2995
3590 189
769 4088
293 4047
578 3403
969 3790
1732 4573
4483 1257
1819 2748
3163 4491
3280 1346
2941 608
2325 630
1381 3739
1730 3326
2835 2509
2436 318
378 660
2237 1423
578 78
3295 2791
453 752
4553 4592
3271 399
4244 4096
14 4130
1856 2661
2161 2722
527 691
1565 2296
4283 1347
1010 1889
2227 1721
445 1488
696 570
1407 40
238 3432
1634 548
2887 2188
3795 558
2097 927
691 3384
4432 3637
3535 4082
1558 2894
1440 4160
614 3058
581 631
16 1489
3500 2445
3390 1972
975 1810
469 683
1691 2134
0 428
3956 2088
2439 2213
2541 2153
92 174
4123 1955
3686 1726
3753 1561
2870 648
1398 3012
3031 4425
1618 2126
323 1585
4320 1735
1720 3356
1005 2082
4265 3124
935 3148
4193 533
600 4160
2658 3700
2506 905
2291 157
964 21
809 2936
4075 507
2796 622
20 3529
3066 1286
3877 3164
761 1903
4027 1132
2710 585
2830 923
1779 3036
3481 3795
3196 3964
3550 1001
4466 2152
486 3778
2665 2150
558 48
644 956
1141 2384
3328 3685
466 1604
3318 1335
1490 1576
1026 869
1559 3603
2905 1022
1420 700
3927 2232
2868 230
2854 2466
83 3498
2299 2102
4549 4384
3482 679
4402 4345
1921 644
67 2875
4050 688
1254 1018
3891 2302
3052 216
1271 1262
4036 3841
3383 1774
3753 1765
3531 2432
3486 1378
1962 2516
1138 1614
3562 3346
223 1070
2633 3494
1988 1670
3738 1280
2762 4566
1155 1502
2419 1396
3194 473
1406 2732
592 529
4207 3233
3998 4102
2540 958
3596 788
3115 2574
1249 2474
1094 3156
2972 1311
553 3872
2384 2513
2202 2519
935 2403
2606 1158
4541 2730
4437 426
725 3429
628 38
3850 743
3696 1650
547 3459
1778 1637
4297 994
790 231
4085 1835
4533 1406
1066 2160
1075 3219
426 3160
1491 2559
1941 2255
1926 1111
2580 894
3298 3353
1115 112
2639 706
3860 771
3597 4222
2776 991
1185 2139
81 46
174 3395
1060 168
713 44
730 4482
1893 3285
1549 722
588 3943
4599 1281
2103 3085
3725 893
2084 1074
59 226
671 262
2906 3173
4412 124
4460 3501
1888 3483
408 3518
2703 1135
4081 1307
2639 692
3537 4135
4452 702
2002 3616
2605 3679
3189 4089
1812 806
3228 2787
1467 3984
985 1727
4482 4182
282 2402
77 187
716 4118
4073 4104
356 504
2895 334
2541 2843
4409 1112
4491 361
186 1146
1054 3473
2314 3865
3890 34
2071 353
2835 1930
1079 1589
4078 3995
842 3542
3035 3
3372 1267
775 166
88 3426
1485 114
2872 472
1620 439
1545 2371
532 1785
1571 3609
4306 2155
230 3364
2188 2970
4088 405
1582 2099
1251 289
3530 4162
2364 972
3181 3728
3205 193
358 1248
557 452
1387 3630
4373 1548
4060 3100
2019 1144
3984 2443
2083 3917
382 2274
489 3353
940 2942
44 3663
1235 4270
3572 3743
3276 3178
4140 329
2963 2752
755 3606
2681 1866
2644 4356
4009 391
2765 1748
2288 1476
196 3121
455 1463
565 175
860 2112
2921 1853
140 2909
1729 3328
4318 1688
808 1662
2441 143
2942 1580
2589 567
3089 4188
2335 4046
1141 2655
1398 3364
788 891
810 4101
2657 2073
2252 2294
2142 4470
4104 4481
4126 4003
2536 3302
3741 1691
4338 1336
931 720
3058 2410
935 1139
450 3748
1256 3734
13 2670
3799 1375
795 23
2920 2100
2862 3018
2168 4054
324 3166
2688 3836
1101 2681
2135 3796
3420 1288
382 1151
3987 1150
1460 1106
807 558
4282 1901
426 4446
2913 3378
3439 802
975 3668
792 714
3313 4570
4563 378
1618 54
667 452
1162 734
4267 4483
1242 1958
1149 3062
795 1519
457 1200
1142 536
809 4000
2422 48
3737 2914
354 29
3148 1705
3846 1341
3785 1495
1833 1774
68 1074
4474 4188
2313 3677
3683 439
2652 3704
2176 301
140 1853
425 2643
3046 625
2130 2468
1237 1970
699 3091
2566 2467
4388 3731
1562 3665
33 3785
333 4113
2787 2650
732 1033
646 1575
3059 1879
2607 1969
284 2762
1070 2250
3676 3651
2057 234
4487 2799
4025 1058
2380 4588
3221 3417
963 1717
1324 2385
1314 4372
49 3477
4511 563
1119 201
3976 2376
451 3790
4190 3074
3953 3913
3664 3076
751 598
1228 4173
3838 3382
2944 4472
1790 2554
391 1503
1417 739
3263 416
4288 3272
558 3665
2689 603
2021 2421
3074 2537
565 1467
520 3195
3454 2759
1560 3421
4495 3095
3910 4163
1991 2308
716 19
2538 1147
2402 1475
247 2895
1700 3472
766 1061
2001 3824
199 4492
2703 4373
2669 3350
3196 3278
482 3536
3848 2843
68 1802
3550 1908
3245 4571
3497 4167
2448 1868
4347 2205
3151 127
3713 1184
1242 4180
1730 2227
3346 1607
910 846
2731 4554
3508 2916
1288 19
67 3747
4528 3833
1210 1679
4046 2360
4427 2419
3278 975
457 3789
563 426
3691 1373
758 3153
1513 3682
4057 212
3739 4537
3938 3337
2529 491
2171 1692
3237 1009
2118 3154
1469 4198
1685 3001
1804 3682
1183 167
208 3119
1951 2526
3654 2978
3975 585
3793 4511
3618 3846
1978 4417
4502 184
386 357
1208 1655
1834 673
4306 4598
3875 4559
1287 673
1994 2976
3360 3569
923 4495
2431 2062
62 2315
2647 3360
1519 344
3759 1417
3559 1298
1140 3394
1641 3479
1811 2721
607 2736
4448 108
1082 2068
1856 3341
752 3850
3835 2225
3231 3824
510 1454
2352 2077
4053 249
871 2247
2077 3202
3855 649
1534 1413
1018 829
1184 2389
4238 682
413 214
235 1826
2268 3167
3033 1827
1686 99
4127 1472
2289 1979
4222 2131
522 3825
2372 3753
1391 283
1468 1914
1410 4250
602 1203
3842 4295
76 2034
1348 1593
2212 1413
2191 2909
4171 3504
396 2826
1008 1657
828 4151
1941 3873
3739 2468
1594 1666
4291 1498
1595 719
2788 3472
516 1613
4518 3979
1526 2972
2457 2313
2001 2361
3228 2089
793 1292
2394 4395
1693 3776
2162 4568
3914 3012
4317 2565
3838 422
723 2946
552 2711
3550 3769
1117 1686
4080 661
2318 3149
4185 73
1733 2210
4208 3137
1942 891
1882 3473
2307 3274
4417 4017
2287 2680
3228 137
316 4513
3996 3271
1767 2627
598 770
25 2508
3180 2273
4393 528
2295 4229
2221 2076
3791 2872
1408 2306
2090 3545
2173 2761
27 2774
4433 1495
250 324
495 382
4442 397
3277 825
2751 270
2627 3002
2638 2868
4372 2569
4351 3603
4181 1898
4317 995
4202 1924
326 759
2400 562
2237 539
1437 4136
2037 3953
2555 771
2512 2688
852 1877
4214 4202
2000 3755
1129 3881
1321 4493
2973 2413
2615 3322
2077 3980
2480 1950
3688 4150
2183 2449
1851 1100
981 2644
2704 1893
4565 2898
3828 277
4425 1649
3198 3330
4107 509
2570 3707
4054 1431
454 4584
3834 3999
580 1225
229 4563
2606 3892
1407 4098
2992 2381
3951 1537
1511 1204
553 2321
408 486
2393 756
899 225
2304 58
2013 3393
3413 716
1133 4591
1392 1556
3926 1388
3303 95
3411 1082
3851 88
4242 3379
4493 2419
2343 2697
2250 3498
4217 1745
1118 3199
1665 1780
13 3679
3774 1988
2892 695
4070 1991
949 2862
3543 3403
4193 3871
1980 3647
4552 3777
3971 225
2725 2220
923 2737
1445 738
3274 3601
1869 2024
148 2239
4515 880
1777 2713
2613 245
4021 1596
310 4049
1875 4217
4575 1766
2755 3861
378 4207
2904 4595
2921 379
223 4144
189 1318
2745 2402
643 3331
3241 3126
4065 2561
1793 3188
2350 3265
3623 66
3327 3826
973 4354
2893 2129
838 576
3084 3752
4524 2285
887 1161
1055 3697
1335 2824
1928 4288
1586 26
2907 3188
2656 2950
1227 1530
481 4447
2071 2972
4035 1347
906 3426
847 2267
329 3542
810 2382
3117 3987
2346 4428
1672 2081
2454 1693
3596 4272
1392 1492
1415 3877
991 3163
3307 1246
2860 2300
1714 3102
1766 633
1510 4230
489 1568
798 865
649 2479
3493 2785
949 32
933 947
1151 3681
2665 2988
2408 106
2511 3319
263 1124
2620 2612
2514 3035
2834 1006
613 1647
3509 2729
2607 3109
4435 965
3285 1669
1217 4596
1822 3599
2138 1060
405 1983
3466 2162
461 1962
4009 2388
1959 460
3812 408
3950 1112
4261 3070
1500 2059
3386 2846
3277 453
195 1728
2793 1141
2397 487
3936 1536
3276 3392
597 3221
1773 549
3829 3248
993 3952
2945 3769
709 2046
1150 856
1294 3682
1998 1176
1355 1707
4256 1509
4571 2332
4522 4555
4044 3133
2918 2660
3837 3883
1691 1102
2836 1969
1562 2823
97 761
689 4349
2876 1387
1013 4599
3722 3088
3336 2009
4002 539
178 1952
701 3797
3411 1867
3092 3796
1654 2737
1404 1528
370 4117
3468 1282
2578 2259
2231 4129
1732 358
2093 3969
2135 3991
2268 122
2613 860
2771 4355
960 2410
607 1609
433 3161
2311 2312
699 979
4330 988
1542 544
1257 2956
3208 4025
2070 3260
3550 4078
451 1622
1960 1710
3552 3100
1410 2627
3964 1829
3798 1176
1236 34
367 4224
282 3923
697 861
2469 3026
548 1721
486 3316
2119 484
891 1239
2210 866
3092 3477
3083 4128
1394 2964
2098 4459
3295 3671
3720 1438
1657 588
1306 4310
3617 90
1372 4363
1240 2415
3592 4557
3400 2492
3893 1584
160 1302
1412 1918
3946 530
4502 1408
1190 196
898 457
4346 603
1843 1846
217 2140
3077 3669
2407 1898
1144 650
1183 3375
477 256
3091 1810
181 2370
2155 3349
1785 246
1378 1585
3316 2082
1065 240
4189 2423
3782 2911
329 4246
216 4470
1229 1819
3481 1774
953 3693
3206 3574
4343 2542
4523 3201
2603 4230
2247 2583
4509 830
3871 2030
97 2419
3559 398
3056 978
3786 4054
47 138
1786 3750
3997 4106
4275 4570
1931 3248
3674 727
3236 11
1892 3789
1379 606
4121 4169
651 1298
823 854
1057 1534
1634 416
1254 1198
377 1276
2474 117
3924 1143
602 3831
657 1538
4394 2432
534 279
2917 4539
2593 4522
3369 616
1556 791
720 710
2436 2020
344 1360
3568 354
4300 1646
3542 2582
3916 331
3641 2470
3984 2375
2727 2042
4034 384
3943 1465
4448 1602
3319 3989
2873 760
2324 532
2679 2373
755 932
2250 188
2524 3353
3038 2256
1142 4086
619 257
2773 4247
3394 3236
2624 998
2767 93
1015 3642
337 2963
4418 1288
1351 849
2429 3325
1501 2973
264 1185
1403 310
2090 3569
2767 3311
3501 4410
1233 138
140 885
1556 579
4193 3195
1805 3562
3740 590
3227 3380
1878 313
55 3583
748 1901
4005 2472
574 650
2016 2531
4511 374
3419 4430
1215 677
2532 787
3987 2517
3011 1880
2622 1812
3464 1972
3305 1392
771 4512
3311 1011
3925 575
2060 1561
4148 331
2219 1840
571 974
2637 1003
4327 2611
2007 2763
1726 663
2101 2482
483 790
4579 2053
1044 38
99 2493
2053 4290
1592 4146
501 3140
1929 2077
397 2907
3041 4248
3753 3668
3507 189
3543 1960
58 1160
3445 2410
3671 3937
2791 1651
2532 1082
4261 2380
317 129
2171 2575
1278 3434
1091 1379
2231 1765
2405 1650
541 463
1078 1576
1362 3832
3814 1130
2164 264
947 3265
1235 2830
1772 3418
3756 1375
3400 1427
4587 1575
4540 1043
181 4192
3467 4431
2291 3916
319 3893
1114 240
2470 3950
3520 1199
97 4213
3985 4103
1350 1623
951 1149
2101 934
976 2520
4495 2566
73 676
3594 570
721 46
1769 604
2584 575
2840 1448
3902 3167
3334 1235
2864 2527
2571 3877
516 130
3409 4240
3118 2425
574 428
3612 1794
3311 1553
3468 4500
3857 1192
1541 1266
1521 3743
1274 73
3220 3879
2371 1312
2408 1387
1862 1291
2361 3406
995 4
839 3521
4557 4527
4045 1753
1780 4527
645 417
2983 4162
1526 25
502 1502
1551 4419
822 1031
1846 4133
1518 855
1145 2552
4110 3984
1998 3492
288 241
1350 262
206 3946
3907 1087
2275 141
1955 1898
974 1379
1157 497
2184 3248
2064 2300
3999 845
2378 1360
3059 4168
2702 1904
3125 2962
3175 2435
1112 1493
2673 3970
2831 3223
3047 3499
3942 1991
238 2302
709 4291
4073 2388
359 964
2470 2359
1649 1703
925 4579
1173 824
1649 1951
422 1285
3719 2423
1934 1716
996 833
3324 2730
2683 3657
1985 961
1387 4300
3089 3309
3422 2006
4343 1556
4086 1040
2952 4232
3507 289
3546 1994
120 2328
878 348
1995 4187
2256 1042
1146 535
1887 1366
3627 3213
272 2984
3012 1309
925 750
3657 2338
555 2997
3908 1130
1769 3276
2719 2528
4012 1689
797 839
3463 995
1718 645
2816 260
2337 3401
1110 2192
4244 2971
1446 4550
4527 3191
5 4122
1518 2462
3496 1876
4021 689
4351 1009
3582 1210
3504 2291
1309 17
3959 3368
4549 1095
251 3436
636 3347
2556 3116
4009 1631
185 1089
2886 4294
3806 1308
1032 1916
3562 3444
3811 4369
2334 2913
1883 3444
538 4252
2661 4529
3954 3149
4420 3414
3813 4560
1375 2696
1726 4141
31 3692
2219 1155
2831 4028
2379 1857
468 1097
1245 4153
260 2160
2891 4361
2971 2298
3717 3958
3160 2819
402 279
518 2263
74 4211
182 1436
1902 2705
3826 1592
2217 3170
700 2864
2304 2005
3709 1961
2644 2183
4018 3967
3769 212
921 952
374 1774
3497 572
341 3281
703 3372
2525 657
229 2403
1730 113
2093 1373
2943 2681
1539 3595
553 4179
232 2176
3052 2602
3443 2260
2884 839
2826 714
714 4049
2318 1287
254 1696
2252 1106
987 143
3168 1426
2998 212
900 1305
3648 220
3070 2691
2379 1960
848 1818
457 2878
2897 3562
3400 2246
1689 1308
3002 602
2081 953
2681 1880
1865 4357
120 671
2443 1741
2916 3708
68 4294
2217 2424
875 1108
3153 727
2754 1803
3359 3976
3554 558
4082 1908
4499 3074
429 1829
2528 3501
1763 1668
2649 1000
856 3863
3778 815
1226 3925
825 81
382 4167
3941 968
39 2590
2001 2703
3714 1731
4192 2139
2605 1694
3915 151
933 1470
1086 2648
2135 345
4440 3745
2254 4442
329 4404
3099 3717
2534 3374
4291 2799
1880 894
3170 3462
66 1146
1493 2242
2121 317
45 1376
3814 2321
3016 313
1775 2061
3089 3531
228 4443
2015 235
2292 4209
3420 1598
568 1889
2652 1339
4567 1759
2197 502
1785 2575
1005 1179
2400 537
855 3005
4423 4322
1672 3203
2598 1592
3926 1469
662 4337
191 2881
3951 2409
3591 2860
850 3910
1668 2839
3672 729
2988 384
2857 572
2454 2538
2544 4290
2638 1282
4443 2232
1297 1742
2345 3294
64 3748
3237 3377
2410 1677
3935 4400
3090 1476
2881 4097
3320 1591
4502 712
4331 2385
4198 2235
1988 3489
1831 3285
206 1154
1270 1677
4377 3440
4275 2826
2061 1812
3346 3165
2052 892
2278 3675
2256 458
288 3206
1924 2759
709 135
1599 1956
3309 1338
2106 213
3624 3725
3363 1691
1107 3254
3786 3900
1952 257
169 3344
3508 4531
3336 3123
3377 2581
4398 3794
2172 8
3020 4556
2945 1498
2379 3015
2114 1675
2886 4179
3862 631
1610 1335
2007 1927
3585 2566
3828 3278
366 2861
3020 1117
2859 2948
4556 587
3711 839
1656 3677
2131 32
2886 3990
1387 3403
2192 811
2386 4558
4311 2381
1054 850
1133 36
3666 810
3563 925
2122 1175
2081 3216
2449 1565
4324 3376
2999 558
3745 1679
3719 1289
2904 3646
4468 4583
1435 1342
803 2530
1982 4446
4571 4186
2481 2089
801 1708
2505 1675
2480 1145
997 3208
510 1081
843 2801
3410 379
4594 1164
4210 4170
755 502
3136 3301
313 2272
1716 531
359 4524
1413 4472
2824 554
3289 577
50 1427
3781 528
2940 2193
2990 4349
3390 1449
189 2081
704 2926
1032 4295
3971 3307
1174 3674
747 365
2891 2341
3502 4139
2049 4355
326 2842
1351 1444
1858 4169
1707 2048
4315 3334
748 3731
1434 580
3467 741
2375 2010
1671 3325
4260 3104
887 2905
3695 776
3746 1956
999 1047
2682 557
3454 2047
3431 4168
1405 1842
360 3020
357 2389
317 832
1897 3047
2384 594
2554 3228
4377 1302
10 1362
3841 767
3153 1399
1598 61
3942 4429
2029 1067
2445 956
3141 1667
4495 570
4304 953
3847 3569
4053 969
1833 1189
712 1534
1333 1944
196 2696
3121 2692
2207 1120
4356 4421
4179 2579
719 3704
4220 4457
2894 1180
4165 2521
1148 3132
2157 1627
461 3597
1351 3905
4244 3642
3688 3642
2277 3098
202 2205
3509 3563
1661 1639
757 1133
4108 3322
3910 3637
3397 194
3110 2916
442 3884
3912 1932
693 4389
818 391
3753 1924
1912 2835
3995 2085
2030 4246
1255 3915
4554 2586
3631 689
2400 1181
1846 2278
311 511
2387 1267
3888 3657
585 697
2527 1343
1587 4052
2499 1665
37 2230
1871 508
3934 1281
2283 3111
361 173
2884 413
3114 1994
3815 2391
1509 3787
2510 3235
595 2055
489 437
3366 789
990 728
2324 99
3075 8
280 1019
743 1199
2363 571
3008 4243
3202 967
3480 2417
2361 1757
4177 1304
3709 3109
631 3932
2639 715
13 1949
1069 3923
1455 2315
2442 423
526 656
2862 3632
2355 3107
2392 2590
2539 1612
3871 814
1720 1385
376 4535
2056 2372
4314 2625
3150 3054
3621 2867
7 613
881 543
4039 1501
1419 2204
1634 1006
298 583
3438 4153
3488 160
197 2648
3132 1204
1609 1049
3276 268
256 1423
607 3089
415 1526
1057 291
4171 1441
160 3069
2418 1929
2603 1158
64 1539
346 518
4398 2471
3888 1002
1645 4353
3725 1055
3439 2478
3432 1727
694 1637
3050 1915
2583 3119
3549 2814
150 2444
164 1929
2421 4268
1756 1000
2735 2798
3200 4456
1558 9
4578 2523
3772 1196
3197 3490
3383 4092
3656 3509
150 4178
1733 4554
1968 2654
807 1384
1628 2132
2513 4351
10 969
1308 2319
2792 2810
2777 2585
1593 3505
2220 1845
1105 3638
649 3889
3067 558
3465 586
2027 3810
660 258
1471 1582
3210 3519
4408 20
1933 2492
271 4452
2894 2502
1658 603
856 1925
3573 1318
2114 1197
1845 3593
2181 1440
4337 2800
4565 3641
3417 3848
949 688
1648 3547
931 4069
878 3655
2258 2107
4198 3146
3463 2746
2079 2748
2731 2472
4501 833
4518 1630
3207 1530
3061 1619
3939 438
2138 2319
4486 3898
858 1958
4112 4274
2589 1695
2243 2770
1134 1135
4148 1942
1873 2655
1603 2467
1076 4215
853 336
2750 429
2201 932
2901 4446
607 3501
3756 2208
3211 2394
2760 2834
4137 3686
3908 1648
715 154
2107 2406
3686 101
4066 2313
2675 1130
592 2389
1529 1743
3125 2030
3831 1317
3400 38
2919 2249
2357 143
1542 4062
3563 4446
2488 4012
1676 1893
3873 3729
2189 3924
1726 474
3565 363
1074 615
4195 1837
1245 2608
1872 3708
2454 3368
3547 1782
1777 2988
3931 1441
259 4128
4231 512
2706 1199
1249 1162
4458 1828
4250 203
618 3890
4447 4161
2997 1252
1928 3389
1285 2194
185 1092
4361 2960
4594 1906
3599 2045
1833 2194
645 2165
1832 4347
3753 435
1144 4074
4249 4151
268 3056
3621 3048
2955 3273
2544 2046
2909 1313
3245 206
966 2282
2317 4011
3217 1862
2959 1413
3708 2653
2433 177
2393 660
1595 269
92 4370
4403 734
4136 1928
4194 2512
3629 1893
3750 1817
3948 2139
4137 794
3155 3241
2550 3915
3331 2830
891 4434
2870 1975
4346 2320
2951 181
1962 1688
1226 3182
4267 4149
4258 3406
559 1487
2817 1674
2563 969
1674 688
1749 2978
2314 718
4087 3269
3077 4462
1153 2944
1117 1907
2557 3470
1038 1604
260 4201
1924 1673
2990 4256
854 3262
4167 1832
2172 827
4236 4186
203 3349
437 4281
3153 1917
2165 2766
2099 4291
1092 34
3597 3535
2262 711
3065 4043
723 4267
2152 336
479 4546
255 404
2021 3895
4113 861
3941 3711
2578 3493
4245 3675
2275 2697
427 2224
3321 2560
224 4252
2344 2444
2455 3334
1598 3296
4285 450
3842 2679
1155 281
266 4404
3127 4265
3828 1212
3657 3638
260 4220
2505 716
413 3143
733 1064
2283 2192
2960 4210
2132 1345
4279 1361
87 3534
3173 2491
2020 2641
3574 631
4011 3851
4552 3018
897 259
3589 138
1117 2830
3349 4370
1257 3747
4329 4194
2460 1633
1066 785
1140 4272
3472 1106
4321 1953
198 2026
3004 3539
1331 498
1382 2267
3572 1188
4101 3423
148 2702
3689 15
2077 4110
2901 56
208 97
2169 1295
2897 2109
2245 254
1334 2583
1143 2982
3438 321
1205 697
4462 540
2902 2698
1318 4390
4395 1308
1971 4231
684 2195
4462 3102
588 4403
1185 2035
4102 4516
2217 2625
4553 2166
4006 1298
1807 1767
1704 942
3972 3950
1484 1594
969 2627
268 2849
1727 4277
1045 1330
4057 3359
2522 3525
2187 2088
1181 1251
3223 717
2606 1425
990 2694
2204 3776
1419 970
240 3053
4595 4583
3833 1232
4009 1962
4537 1563
2126 615
2023 4385
1869 3158
3134 4232
2197 2786
3155 2084
4319 831
1948 3794
807 991
3211 2686
2632 969
481 3937
784 608
2880 2826
3083 387
3497 2943
3763 822
1652 865
4084 300
2406 3722
3246 1774
4189 44
1228 1829
3199 3551
1697 4544
3248 2094
178 2946
1529 4262
278 2348
614 2044
490 2786
920 1138
3106 3461
1681 862
1282 1301
799 1112
2362 2072
2327 381
1152 1819
4491 3732
3199 3019
3286 2261
2901 817
1739 2057
362 2336
3494 4250
4268 2804
1090 807
888 1073
1586 3188
2722 1181
4091 4204
950 2459
1590 524
2776 4429
3820 134
3477 3077
3681 1574
1124 1088
667 3015
3711 3356
1399 251
3644 4427
715 1807
4237 3874
3959 4474
1272 4512
2501 4573
1196 3957
1781 4351
1087 3966
2336 1519
1729 3815
279 828
3580 1989
294 1073
3271 158
1913 3316
2029 2799
3417 1965
2471 1709
4002 1732
2323 416
3684 443
2878 3745
1125 3235
3565 3541
3791 642
2644 2297
1627 1449
866 3437
385 4236
3385 1317
2179 1747
1453 178
1533 2622
3465 2968
595 277
4152 4008
424 2596
1702 1150
3509 3254
76 429
1550 2369
3202 1334
237 3295
1260 3079
1210 2957
2356 144
3008 3779
1064 856
2204 1628
351 1455
164 2584
4069 1925
4394 173
2096 1031
1332 117
3887 1002
538 3328
1494 3303
83 2481
4496 1495
851 1095
1546 2816
1565 3162
968 3286
4273 349
2262 453
739 2811
981 65
1808 273
2424 377
2805 1859
778 2824
3134 3347
2141 1835
3311 3789
4297 185
883 1110
3504 4284
4534 3458
3610 774
2033 4156
474 2694
3242 3216
1156 4530
877 1517
3505 231
2828 3870
2889 1531
3734 3695
1435 1972
4519 141
2580 2113
2091 3998
2937 3198
3280 1448
1467 37
4311 3645
343 351
94 3052
2150 1043
1566 3555
4456 2629
284 1520
1728 2152
2535 2255
1396 2166
1397 886
4555 2315
4505 1988
1019 1634
3693 1744
2214 3423
1992 1741
3016 3012
2716 155
3024 599
3790 4201
4088 1832
2123 3766
2539 1113
2540 136
1123 1158
2878 2523
3315 2251
2992 3915
3663 2061
2202 877
2167 3609
3582 623
1946 4168
2830 3048
1460 2908
1058 2018
1398 2820
4467 1948
943 1859
3577 3644
1156 1055
2270 1922
4265 2598
2525 1119
4236 2106
1810 2676
1794 4261
744 239
2776 2376
1913 3049
952 413
1253 259
2398 3988
4018 4422
4454 834
3075 825
3461 3422
3017 2581
2232 3878
2347 253
3860 2798
3539 153
843 1328
1079 4282
1975 2399
401 3272
3175 205
2299 3782
3428 2901
3170 431
3446 371
2510 1506
4448 391
1963 1089
1388 2688
199 32
4316 21
704 4120
4198 1991
89 2659
147 4522
3193 3114
765 3258
1281 1809
2243 546
280 1116
2890 1928
4317 524
3201 3069
1847 74
1577 1608
3884 132
1423 4098
908 1589
256 2596
3234 1582
2544 1836
1607 266
3462 223
4050 104
952 2296
3352 561
1830 3703
2460 250
1957 4316
491 3843
4523 2939
1062 885
3250 3618
3949 3083
2268 1300
1349 4191
3193 3746
542 1302
3535 4072
2963 3901
390 3179
2518 178
4398 1586
2223 3152
424 2746
2113 2082
2351 1611
1570 2528
3201 960
2045 943
2405 2284
3734 747
2691 159
3625 3864
3026 209
2887 62
2250 341
1886 379
3199 1982
3171 4250
1150 3592
2455 3521
1351 1541
3267 3128
143 3760
4202 2277
3057 6
346 4317
4545 2032
1389 1157
2501 1957
3962 1614
80 3237
4332 383
1796 4136
100 2956
3810 1508
167 4181
1393 4022
2422 737
1802 2320
4158 1825
532 1288
844 3569
4248 65
3111 2009
2971 1378
1289 378
3211 1141
923 2971
4112 3123
180 3115
3769 3306
1654 521
1768 1152
3718 2960
4547 793
2246 2262
2488 2468
712 820
2900 2245
3537 2911
2912 2851
775 1628
4344 2457
617 163
3641 330
866 2722
455 2453
4153 2027
336 1113
4088 592
353 2593
3894 3658
4090 3536
2483 1880
4288 1632
4192 2453
3400 2660
1313 682
2203 3686
1896 1499
4354 2475
671 302
2127 2010
2746 3797
3597 2027
2982 597
1150 1468
2 1927
383 1511
761 3763
649 2951
2088 3277
4519 673
2706 2296
1759 1792
86 134
4231 2144
1281 554
1558 940
2366 2860
2460 2196
2375 2187
3734 4526
990 3298
34 3324
276 1937
2467 3278
3845 3660
762 670
4566 1952
1777 2738
3109 2113
3397 3327
1132 1962
4088 16
241 2164
1655 2958
1316 2927
143 3313
3829 3414
847 4549
242 3780
1754 1832
3403 2253
2787 1047
546 840
3429 3497
2154 1728
3254 3435
747 4570
2808 1658
2566 4265
980 1855
1659 2428
2171 1412
3013 2489
3906 4309
2463 1010
2833 2698
582 4462
480 1232
1906 1507
2414 1712
1457 1263
4344 3479
1730 1430
4019 3404
2891 1966
86 97
1632 1694
2998 3953
3577 1069
3679 4047
3358 79
2436 2823
457 3153
2964 4398
2928 1654
3865 3867
30 290
3150 3273
1997 2307
2308 1229
107 840
3665 4226
1750 2946
4486 3460
4068 3791
851 297
1011 1557
1361 1795
1274 1547
4011 1579
2026 2515
4458 848
701 2532
3924 2172
1353 2148
2160 1135
2009 1507
4505 1461
3257 171
2397 1538
2003 1643
3272 3022
2747 1946
3090 3068
2467 3736
2265 3940
636 3616
2300 3120
874 1090
2254 2780
2130 1534
2131 4190
3675 1243
1314 3621
502 2749
3063 3951
1075 1116
4036 1178
1409 521
3827 4043
2082 3092
3307 3349
1353 3376
3732 3162
2113 2520
408 2725
2555 1523
1305 3591
683 1347
1905 2520
3032 380
473 3446
2798 4271
4114 1561
1058 3038
4194 3111
2137 3098
827 746
3117 1528
2238 1247
2373 498
4479 4371
3584 737
2621 2478
4438 4137
2592 161
171 917
2735 371
305 2241
30 143
3809 1238
2273 2954
2605 519
2799 16
1485 2395
3301 3238
2460 3316
1381 2154
118 2780
828 3166
2760 1503
669 548
3884 4435
637 1835
3040 4547
2692 416
4370 4012
444 1640
3338 4343
2058 4465
3884 2437
3294 2672
3864 1369
3024 4221
728 2110
3713 4580
4125 2449
4379 276
1454 2498
3518 498
1231 1100
752 4376
2882 12
200 1742
380 3262
1080 2202
1926 2834
3860 2220
2038 1886
1723 2778
4170 1549
4049 3371
897 2773
1118 1319
3606 4486
2191 123
3130 1471
735 3195
2988 2874
3649 2559
3247 2839
3317 3008
3848 1807
4261 2284
3643 687
4090 2196
665 3164
1576 3951
1088 3453
2587 3336
4151 1252
420 1507
1580 2639
2884 3757
3893 2387
2611 2888
2303 3192
2669 3981
3502 4023
4427 3860
2889 287
2913 1216
3489 2479
4545 1406
2966 2463
132 243
2806 3087
2760 2109
4083 2609
1538 3818
1896 1162
1537 1941
144 2067
1493 303
4482 3430
3594 1553
2757 980
2013 2032
1708 3635
1001 4585
998 3549
326 204
3150 2932
248 422
1065 1969
3175 3030
2281 363
2136 2073
4309 2053
319 2184
2954 2432
447 2143
1939 4024
840 3961
928 4419
2476 743
3182 931
830 2631
155 3373
4447 633
2180 1506
4575 3597
2565 2795
1316 4136
2524 857
209 2046
3002 4098
3886 2361
4583 1544
2352 3487
3505 2323
1366 105
256 1015
3055 2744
1802 2408
3250 2771
4566 1105
348 3683
1607 3877
3536 2607
71 1229
4094 4259
4549 3055
163 3915
4501 3640
3624 4454
4098 1744
2826 1022
1578 43
669 2955
966 2840
3941 3271
4036 3579
803 564
3084 837
1265 1794
2827 203
3474 4333
2839 4156
2529 4482
4264 2923
1396 4010
3679 2981
2548 816
1446 4476
3972 1212
187 3370
1756 994
131 3801
4321 1580
3815 1951
3362 1652
3093 3840
3866 958
1885 603
805 3730
2990 446
2504 2639
4181 1510
154 3699
857 4494
4241 751
118 2552
1794 4071
1837 1650
1353 472
2804 440
1865 2650
119 2032
1760 2644
642 1138
3122 3782
3497 861
1137 1106
2343 1719
718 2508
1967 3165
3182 3977
1163 4024
3764 2123
2935 2345
687 1274
2696 2755
2135 1919
3398 1390
3618 3274
2283 4524
125 3747
2351 1684
737 3157
1466 765
3812 4278
2708 3732
4505 1788
461 3254
1493 4026
2364 369
2503 2999
1382 700
3971 1823
398 735
1434 1139
4147 3054
1698 1236
1842 215
2734 2181
4352 3578
3682 2902
132 4072
4165 2237
2600 268
1330 3071
4202 1079
4069 68
3627 1616
927 3112
2339 2840
2502 1949
414 714
3709 2606
1039 89
2259 2079
304 3469
2426 1936
3963 2365
2454 4496
2208 1792
575 1366
1220 1567
3293 4179
4050 2002
1312 427
1392 4322
161 2619
81 3854
465 892
42 4072
4180 1189
4404 503
1336 3671
1109 1591
576 2025
3666 3821
2736 532
349 2972
612 1241
967 414
2465 3807
4211 2620
528 1689
2063 1014
2498 2155
3735 3126
4405 3269
3064 2638
1426 3216
2342 3098
3623 125
1466 408
1624 2285
779 4196
4581 1627
2095 1440
3535 3590
2767 3177
2301 1754
3613 3972
3854 4470
2410 4039
2730 793
3712 1085
4250 1542
3993 4377
2584 3742
1827 2124
2275 2060
2720 313
4067 843
3414 2965
1638 220
4439 4092
2845 3044
3446 942
1167 2794
2095 1017
4351 1998
4465 1632
4452 3037
4148 1817
333 2441
2465 37
655 942
2578 2080
524 3439
3790 3288
946 2494
665 570
4597 314
1846 2783
4434 1603
4474 3438
289 3897
1975 2924
2181 3570
2529 1478
3788 2187
2312 4231
3926 1822
459 805
620 3249
2821 2445
3126 407
215 1127
104 3408
2578 2220
1722 1628
639 4163
3763 685
349 3628
1377 2817
3821 1716
1024 2902
3301 3518
1237 1257
2896 2411
3765 1455
2159 2096
4007 3516
1502 2158
2146 1018
2573 1367
2188 2249
3473 1972
4433 2525
87 3740
2044 1253
3364 662
1549 2272
236 3047
495 3210
1429 3839
1388 1020
1039 1646
2936 265
1058 3901
1815 4556
3076 2078
3260 1839
2726 101
2447 223
2745 2184
2177 1299
1066 1834
567 1835
4592 2821
3105 502
2526 1125
1590 427
3177 4234
3318 1297
447 4470
3555 4202
1858 3085
2749 2922
896 2393
4249 925
1072 3205
2949 4430
2683 234
866 2917
3237 3445
1263 4032
3199 1257
822 1530
4458 169
3701 1240
4137 3486
2283 4280
4003 1358
2028 3517
2372 278
4091 3405
4520 2686
2972 4099
2387 3066
4379 3992
4248 1738
3108 3765
3371 4591
2632 1107
1261 3269
936 156
2468 3816
345 978
1212 2375
109 468
1046 2038
3402 3434
2124 1735
1737 2222
2590 776
637 3402
4236 2271
4269 880
1136 706
3936 4564
14 4460
3540 1222
388 1226
3291 3308
3048 1147
219 244
1803 3557
4233 2279
3408 4333
1729 1362
3680 686
212 3893
4261 379
4486 2710
1297 3039
2858 336
3098 2521
1925 732
652 4270
2380 3186
3796 3503
971 2425
2901 3929
4083 1794
360 2947
3807 1299
524 3089
3612 1223
3384 4543
3218 4258
4377 4026
1235 3219
2213 1833
286 3674
274 4513
4512 3800
4539 3941
809 3214
4280 2612
2070 3086
1194 1309
2976 3030
1592 2669
1289 2115
1432 1737
3462 4073
3853 4183
2405 2817
1657 1983
1156 3627
1624 2487
3291 1235
3834 2027
2632 880
1010 132
2262 3407
151 2623
2064 1710
2062 126
4527 1637
1554 3220
3894 2567
4394 4418
4062 1413
2613 1223
619 3692
3732 2372
1714 2701
2739 68
2317 4138
550 4498
2469 49
4517 558
2787 3328
596 4440
4067 2952
697 4365
1181 4055
1538 638
577 469
2746 133
4334 872
4488 1763
3983 59
1373 2533
2124 993
520 3981
3208 2512
631 2245
3028 3968
508 3934
1935 1874
769 694
1592 2565
1178 4424
3850 372
1966 734
1522 1116
1841 1617
2504 1305
1009 2529
1368 2480
1979 4224
4540 4287
3778 1360
4560 4105
1971 4077
649 3734
1879 3709
122 4423
2118 2844
2069 3230
893 1596
1619 1091
2619 2938
2144 2300
1134 3612
606 2580
3253 2718
1860 1964
3257 4035
3906 2648
2869 4377
364 2168
1207 1669
4009 4430
498 4062
3958 463
1337 2278
2932 1866
1810 3922
451 2198
1965 1378
1089 4153
4232 2204
2164 226
64 4139
2527 2544
1910 4429
1572 4020
3587 2963
4574 3040
2050 3369
434 1091
288 3677
4322 1093
2138 1068
2109 4340
2396 2880
1439 2122
4561 2430
3640 2661
4156 11
75 2054
2978 2551
1021 2749
609 3930
3448 4329
1801 3130
2084 4206
166 1031
1977 4079
3311 4086
4003 1435
3406 3401
889 19
996 3559
404 3585
3937 4072
1121 3829
2412 3057
1596 3417
3997 4182
521 1396
4277 2965
3327 4260
30 3783
2468 1668
3429 4162
399 1397
968 985
150 2569
469 3917
2876 4115
201 1100
4174 3345
2634 4432
371 1627
1114 1507
3686 270
3192 1662
2681 729
100 4513
2504 2561
695 4132
1247 3648
2509 3876
2128 2408
2160 178
2461 13
1930 4261
1598 2776
815 1208
1864 3527
2412 502
1491 2850
4536 2241
4510 4185
1493 4594
1256 1098
2227 4122
21 942
1450 2183
2780 467
2761 3971
506 1668
2880 2175
725 3676
4214 964
326 3585
1336 4458
1147 1149
1263 1217
392 2457
2901 60
3634 2762
3459 2615
1935 2373
4538 4269
2726 2950
2628 804
3247 3308
3214 4124
3630 2185
1381 1090
2673 4277
1137 3435
3107 2850
3466 4483
908 1787
4254 3318
2639 1125
1469 4062
3729 2063
1425 3139
2281 590
2853 248
1976 1497
2344 1346
1789 3588
1022 1628
1597 3927
76 3357
2406 558
901 3459
647 92
1486 2129
318 744
571 1772
837 3266
844 2163
3458 2623
1975 4524
817 4271
3363 1884
3856 1336
782 2527
294 2284
3452 3117
321 3637
2348 1717
2044 56
289 2475
225 695
3802 1172
1736 313
606 4571
4580 804
4584 1125
2054 443
770 710
113 4282
4433 566
249 990
3221 3966
928 330
3587 2804
2471 2427
1465 1599
117 3629
2918 4164
3623 2559
812 4190
1084 698
4378 3420
628 1951
2402 2445
3948 3269
3275 3351
2585 826
668 1220
751 2193
790 4502
2572 3210
1861 3521
2878 447
4019 3750
4509 1994
3193 3569
2254 156
2586 2808
2221 4592
814 2876
2015 3942
2672 3220
1785 3972
3436 3188
1897 407
3633 1597
4199 1151
4070 3645
3487 2704
3661 2055
901 2949
2993 1934
4469 3263
1701 644
1239 827
1794 2503
1444 1409
1812 1282
2575 24
4570 4025
1915 584
1432 1405
1532 319
4146 2424
2180 429
984 3459
1862 787
897 3827
823 1118
1901 1459
2805 4282
3651 3986
1655 2721
275 1421
4527 3427
241 503
2536 1263
102 3380
1168 1687
3989 2773
2779 729
3759 630
185 2730
3356 1780
4549 4454
2503 282
2547 2922
2212 2786
926 3763
2576 400
3907 1983
3749 362
1453 4512
769 2836
1870 3993
3762 1849
478 1865
1136 75
1363 4357
1030 4379
142 2866
1103 4372
2133 864
1017 1322
2395 546
2201 3216
520 1857
363 3471
1662 1952
771 1027
2505 2427
1845 414
3698 2433
2189 1688
1329 3968
3060 1902
2308 2695
241 567
1312 1870
759 958
2130 2626
480 4450
1747 2910
3374 2169
950 443
1969 3242
1847 4071
843 1970
1106 1748
3908 263
613 2399
2594 1256
2923 2825
2952 4285
1062 4474
1866 747
489 3977
4107 1888
1799 1984
1251 28
4018 196
832 4152
3092 1483
3047 233
283 182
4551 2844
1597 4286
3531 2630
729 1810
2506 2763
2509 4494
3949 3628
3017 4008
1828 1326
2144 3020
1797 837
14 1640
82 2960
4002 1081
1509 3621
1113 3180
4139 1613
2876 2681
4091 4050
4312 1089
3210 1629
4392 1624
2028 2325
4577 781
544 3434
50 3271
856 1807
1213 722
3772 2373
3078 3359
4538 1244
4088 4401
4316 252
2214 276
1447 3314
1197 680
2811 399
43 3355
3867 1866
3939 452
1683 974
1929 2635
3345 2150
1580 807
2178 1988
85 3672
1778 3937
1763 1786
726 2887
824 4315
1210 3898
2667 3843
586 2852
1770 1698
3151 3008
4100 2185
961 3775
1913 1262
4307 2078
1391 2562
1952 2937
2618 3327
583 56
134 2339
797 2615
2356 3770
3304 2868
2775 2536
4140 2186
418 2307
124 3098
2136 4438
2950 1633
1135 3114
155 3372
2017 848
169 1176
1929 2034
3127 2230
4375 2991
4261 2867
1600 117
3142 1110
1069 344
451 2363
3645 569
3493 2524
3210 2554
2510 1815
4325 2741
3828 3331
663 924
211 2948
4070 3068
3982 54
1824 339
3234 2798
478 2760
4271 3107
480 3993
556 4260
4073 3007
1278 1859
1983 3895
2780 4111
1529 226
2346 1135
1653 1187
848 1610
4477 4008
2103 2500
2661 2346
4048 3347
4092 1103
2040 2240
1181 479
2403 4472
577 4323
3212 4586
2362 521
38 267
734 3084
4434 2189
1782 3961
3774 2590
3147 2764
1486 69
4164 1633
2530 807
3981 1294
2124 3671
2728 2405
3092 1245
1689 216
3978 1789
912 2853
3470 872
3360 2001
367 3920
4311 3657
967 3076
2618 787
264 2851
943 2579
1934 2294
2014 4385
2975 1086
780 2320
3747 3005
1525 4346
2956 1648
1509 1158
2562 2185
3924 7966
3028 2492
3063 225
3471 2192
289 2384
1692 3746
3701 2318
3627 1065
4485 2686
3032 3094
3595 2723
4261 1289
269 3359
2920 1141
3546 4092
916 308
3936 2106
2517 1256
688 4102
3677 1696
2394 2291
1908 3755
4210 3735
4164 4052
676 2365
3130 2433
3099 4450
3472 882
1669 4326
2704 1963
66 841
723 3502
1443 1392
952 2664
3272 2843
3608 310
610 852
2709 708
2183 1765
3683 1969
2971 1334
3239 4235
1771 3587
3260 66
2349 1654
508 2452
3788 1174
4443 1957
1624 2099
4424 2304
1474 564
3517 2766
1909 4023
3117 385
3967 3948
1997 1630
3926 3895
4275 814
3400 1185
811 3191
291 4482
2761 155
4572 773
1784 1901
2259 1919
1097 2939
2074 4357
1063 564
942 3801
4247 3888
3055 1768
3542 2254
1202 4108
2810 3214
4573 2873
1562 2124
3002 2918
3434 4101
2701 995
3326 2626
1664 2577
4535 742
4486 1577
2844 1573
3619 2493
40 1963
3178 4149
49 1773
3793 1784
2497 4552
4103 1720
77 3749
4094 583
3307 1038
44 3283
208 88
2155 2452
3479 1180
1647 790
2502 732
2104 1808
3587 750
3381 4287
851 2912
3377 247
395 1000
738 2528
4312 518
3059 1369
2312 2042
3708 2099
4427 1115
688 1700
3868 75
3364 3983
1362 1244
887 2133
924 3222
964 3786
1969 1801
2604 1926
212 2818
3249 1574
2758 2252
4541 3422
2526 4516
2666 766
1803 4096
2851 3486
2419 940
3790 255
3596 3227
525 2648
1471 2071
1154 1153
4076 622
952 2328
448 3073
352 3566
1396 2721
2793 1372
2712 2288
3337 3615
1460 3610
3136 966
1382 1710
3956 2428
4095 3941
4454 1182
424 2213
2395 4546
4347 3170
1111 2426
1108 810
308 3244
1350 2419
3713 1943
2978 1460
1734 2276
4290 53
259 2566
2571 3939
2679 3920
1553 3132
3974 2386
1852 1643
3020 2095
1296 145
4351 166
2859 2800
649 1243
424 4549
1514 2274
3552 2010
3260 3439
176 149
3008 3332
2413 128
3230 3192
2924 1565
3393 1017
1846 3230
3577 3022
177 2231
3810 4531
978 4505
3730 3929
133 3267
3880 889
335 1382
3392 3061
1627 2342
891 20
2217 4105
931 768
861 4197
2907 4486
1427 1082
2157 1561
3384 4344
3958 1187
907 606
532 1361
2315 2841
447 609
4594 2342
893 2579
47 356
4368 4497
2777 897
1946 1916
1079 1951
745 1597
397 4162
821 4117
3121 1809
789 1274
1932 1966
1922 3686
4132 1460
2780 1461
1349 4364
4112 2827
1920 4156
3419 87
3676 1180
1728 256
2584 791
1469 3683
2554 1499
2916 1910
18 1708
2845 3348
3712 131
2153 3038
2309 110
2561 2690
4253 3437
2525 2322
2145 88
2864 3339
787 2664
1736 3040
298 2185
580 3859
1454 3400
2703 1320
3101 1727
4161 4542
3860 3130
4084 2979
1217 2853
891 1075
3157 2604
2855 2628
2271 3278
3155 3480
571 4591
15 1736
1530 377
2803 1122
3419 1798
569 583
1383 2605
2636 2692
1762 2526
2208 4410
878 2012
3903 1164
1473 358
4090 2501
3926 1489
617 3483
2873 750
2105 260
1300 4579
372 1187
2727 2393
4311 2895
2492 1418
3788 1288
3360 4588
2616 2647
1830 4575
3255 3954
2670 4430
2771 3328
4426 2613
4332 4535
960 1672
4097 4343
1668 3196
2628 546
2765 3917
2836 1755
4472 610
524 1585
4250 2384
4585 2326
2006 2506
3720 2416
3366 3002
1574 923
247 3655
2553 512
1069 1962
236 799
1157 3566
432 2932
3170 1093
1637 225
2430 4017
600 4224
2978 686
3662 2547
1274 2593
2663 3114
359 3420
2238 2264
2728 1897
3916 1155
1883 3560
4453 3790
1828 1511
1994 1453
2448 437
1053 3276
3596 4004
1644 1843
4366 4409
3548 3658
3437 2848
3518 2893
2605 1664
2111 4029
2626 4521
3930 3803
1470 3318
1560 3529
3205 186
4000 2263
4165 1987
3641 87
4084 1198
524 3270
3665 3341
4406 2143
4156 2020
3851 4525
218 3028
1391 668
1705 2201
4517 1325
3914 2743
3914 2485
1300 1316
1868 576
1884 569
1525 207
3314 3570
3771 4012
1360 1176
1145 4333
572 3296
1896 1301
1588 2706
1959 594
1129 103
2339 116
2339 2023
2647 4220
1236 127
3916 3660
3546 4460
2515 1960
3140 3846
1247 3001
2941 3172
2489 162
3998 200
3179 121
2470 990
2982 3060
445 3262
2958 4436
3886 2884
4258 3595
3235 448
610 4462
4578 375
4018 1239
2828 118
3227 249
1614 3373
4425 3376
1585 504
935 1437
517 3013
3677 2252
2258 2059
2148 2010
3086 3280
2392 238
2979 2020
876 3082
2472 1959
636 2078
2151 3668
115 2785
1319 3273
277 2517
3768 3948
3783 934
1659 779
2779 655
1604 1120
527 2577
472 4599
3557 40
3393 3438
3845 4365
2352 4384
1934 3145
3681 1749
2339 589
4530 3138
818 1747
1462 3712
2513 768
2926 12
177 2377
663 1994
4597 3254
3103 3287
3931 3519
2824 2810
784 4394
3815 2477
635 1918
3542 742
4511 3512
2405 3181
252 439
248 1961
2584 4494
490 4579
4062 2725
2719 3614
3016 532
1718 4098
937 3094
414 2740
2907 1605
1296 3539
4535 1976
3122 3906
3028 2198
1267 4207
2421 1482
177 1519
1444 4385
3549 2124
1329 2607
959 4054
1512 2164
3124 961
1144 1725
1328 3537
155 871
2094 3343
4075 432
2941 1940
3788 4049
3183 3661
2025 2703
2326 4420
1367 977
261 2335
3480 2020
