48 124
108 474
253 116
101 215
225 452
123 415
197 323
178 91
368 127
56 173
184 404
48 310
391 417
331 445
21 492
56 63
92 388
346 113
361 426
413 141
354 173
70 278
434 483
396 399
476 318
315 359
212 499
152 247
180 86
359 1
195 263
230 386
84 145
103 18
58 438
474 63
129 415
1 496
313 346
139 429
366 494
320 217
119 414
242 239
433 283
279 239
140 339
155 488
306 283
421 395
412 325
171 307
142 87
394 350
158 489
96 221
340 9
160 180
50 206
468 123
446 146
406 362
87 78
133 483
449 196
412 421
352 311
225 187
364 300
112 420
170 176
123 467
61 423
374 192
276 203
208 322
272 469
368 307
170 30
454 161
341 378
98 247
226 32
480 461
301 70
51 229
85 235
71 156
433 422
274 468
338 197
190 456
129 424
13 485
5 328
263 336
2 265
489 275
385 248
131 205
412 318
27 242
466 46
82 18
92 212
356 257
455 456
64 497
446 482
458 53
321 373
384 140
140 276
264 310
214 323
120 341
41 135
329 422
246 448
106 499
414 357
33 223
16 156
120 78
76 127
466 395
289 35
405 403
331 3
27 31
236 113
141 102
320 277
288 295
284 79
452 418
455 276
492 237
21 5
495 401
45 112
5 335
474 111
433 310
415 55
359 51
316 325
471 285
21 353
276 103
13 116
171 295
69 489
128 177
322 445
308 375
4 7
248 460
233 257
150 152
231 175
78 493
85 170
49 440
123 278
342 24
396 318
182 223
437 417
448 44
313 358
146 428
167 285
459 114
141 473
337 335
263 495
475 244
468 449
85 229
493 273
77 298
466 233
355 321
316 99
48 275
108 101
183 330
202 466
499 32
267 73
429 158
444 484
79 100
93 310
111 464
73 161
36 226
480 190
167 434
72 67
121 50
428 87
439 435
205 382
430 156
454 444
221 346
354 156
298 230
41 487
23 345
327 331
139 369
383 393
404 258
159 417
46 164
386 488
298 385
487 14
41 323
216 388
170 295
439 45
431 469
416 41
95 244
342 285
193 378
109 166
400 437
437 34
204 278
292 316
300 435
376 53
363 299
123 395
214 153
289 495
275 186
86 291
388 145
34 397
155 226
199 484
78 400
340 209
3 183
19 395
158 16
216 263
46 144
217 334
366 89
404 208
426 189
387 375
323 4
132 91
72 213
40 120
214 49
279 222
463 400
159 308
303 114
244 425
463 441
364 156
147 141
215 114
499 93
427 39
107 282
335 129
353 390
126 314
180 29
167 170
107 256
32 184
251 388
184 349
73 431
193 455
44 242
458 205
475 366
170 280
4 77
52 393
330 245
476 282
253 125
398 139
192 368
49 159
462 445
198 445
261 497
104 5
321 193
386 283
14 369
176 126
378 30
126 166
386 359
93 84
87 451
152 156
53 271
372 213
312 475
121 409
387 264
21 435
238 340
126 430
303 366
193 56
97 345
473 209
30 432
423 123
484 101
176 118
311 194
384 353
301 61
90 55
363 140
168 253
323 33
255 337
27 440
296 480
66 23
26 284
382 171
392 176
243 77
226 287
102 92
440 172
134 231
63 281
92 467
85 238
21 14
348 248
254 271
343 140
243 454
120 122
162 497
70 291
476 480
11 134
145 326
254 82
125 77
288 106
470 444
20 492
278 425
41 32
351 337
136 229
370 79
248 144
241 477
35 160
11 483
258 91
158 172
288 239
300 143
387 15
475 417
357 365
308 228
479 447
343 151
224 338
362 427
161 227
231 208
236 122
288 53
323 406
486 309
143 239
146 257
379 414
345 210
271 214
342 133
233 160
50 384
167 449
207 80
319 468
158 389
337 347
108 25
387 192
204 33
267 353
115 75
237 41
413 296
480 18
264 474
332 72
3 437
381 276
53 256
415 178
404 381
274 269
369 461
374 340
162 333
320 298
488 365
343 448
62 323
102 119
34 149
427 281
91 329
82 452
481 249
220 414
97 475
43 81
73 163
422 130
357 153
406 22
127 447
237 117
445 342
26 39
433 473
182 498
161 33
490 101
169 437
475 154
419 184
435 218
31 281
381 151
312 112
381 489
46 189
194 18
146 449
92 411
151 181
22 219
171 148
117 210
399 259
487 424
492 483
176 158
175 458
147 114
68 378
85 186
120 103
262 154
356 478
461 283
262 247
62 441
290 56
443 49
298 86
33 324
108 205
449 247
261 30
23 279
485 420
113 462
56 33
470 273
392 486
171 98
125 298
15 358
301 57
175 320
126 244
