537 118
602 314
458 405
17 556
445 10
486 46
575 141
262 377
469 715
44 504
652 331
183 91
798 12
454 523
766 170
722 216
160 127
776 653
680 230
66 485
493 314
320 759
266 381
264 141
289 501
216 435
268 337
388 202
642 234
112 28
193 260
427 522
766 116
486 480
71 251
784 554
209 656
687 481
131 539
733 350
414 446
797 207
775 782
152 199
19 351
345 303
622 671
609 346
583 472
647 407
124 665
688 255
605 14
710 270
128 267
217 559
737 296
655 464
531 486
41 693
199 560
275 136
87 445
263 590
16 17
512 596
602 675
278 360
774 153
474 389
339 752
751 198
412 760
99 155
609 636
681 697
433 191
693 12
209 546
595 744
331 354
36 189
598 254
181 553
446 150
510 199
784 655
437 293
37 467
780 499
136 501
205 279
37 274
688 446
655 147
119 237
654 559
583 117
68 525
163 133
251 7
262 409
365 427
285 145
142 91
319 284
378 180
426 19
599 171
218 642
742 179
328 33
12 252
670 65
759 597
275 673
655 306
423 64
155 521
700 653
461 662
207 795
587 414
370 368
667 80
359 669
266 519
251 295
377 237
60 291
100 538
472 641
720 282
244 415
305 684
166 479
53 454
464 51
401 118
698 404
102 163
330 177
239 627
610 741
265 614
534 257
351 479
392 681
369 194
770 187
737 793
559 553
635 176
631 424
446 321
726 737
138 586
183 388
488 250
242 573
144 235
575 383
283 200
21 220
359 464
580 791
288 115
747 272
401 441
183 126
263 386
121 220
445 296
99 314
617 384
703 244
483 160
267 479
525 442
501 223
676 262
590 567
354 159
142 408
684 484
197 218
351 286
729 8
786 640
129 501
232 42
93 205
756 329
271 423
713 249
250 22
510 266
629 479
90 672
716 132
353 116
756 639
315 56
9 363
349 696
582 411
215 60
415 334
57 266
542 26
578 488
281 741
519 159
780 339
701 411
537 762
643 559
184 561
526 757
636 359
466 179
325 368
138 249
347 89
261 295
749 157
397 460
454 656
85 457
264 184
30 595
264 28
198 87
262 21
174 313
40 545
742 501
338 598
55 70
451 755
780 260
79 690
446 424
693 250
635 619
220 433
114 621
655 126
338 754
557 685
359 191
157 299
386 354
83 688
518 653
608 194
389 377
255 744
65 506
648 461
395 285
739 557
77 192
375 320
579 750
544 639
355 374
318 503
509 712
202 41
94 107
132 508
271 445
487 352
634 72
382 320
300 221
240 547
374 209
183 798
654 496
111 762
82 130
553 509
460 280
543 568
49 115
482 332
420 114
655 794
376 21
768 262
82 595
286 615
300 52
244 142
22 236
384 528
184 245
546 625
722 679
215 303
388 599
575 296
201 713
282 41
414 83
593 501
1 496
465 558
660 286
242 34
385 309
150 181
696 548
749 551
563 521
597 98
122 428
671 739
162 792
140 770
465 88
663 63
573 107
619 107
402 771
565 368
306 543
629 702
726 642
142 628
275 656
509 551
216 486
6 529
52 115
489 697
660 726
468 122
618 725
306 723
233 151
97 459
109 223
193 127
215 133
744 778
246 83
83 336
482 601
55 550
353 365
246 449
524 162
205 665
556 132
489 186
222 366
697 200
438 424
479 588
511 448
673 799
544 419
28 465
187 568
472 535
719 730
438 399
573 465
421 497
583 747
180 435
628 507
771 89
625 750
402 184
593 359
603 390
725 22
411 63
583 729
715 502
288 623
685 374
74 629
706 20
31 159
120 500
784 52
385 116
578 678
414 88
306 237
122 531
313 640
372 526
267 495
597 345
442 671
287 524
727 323
614 760
408 659
344 494
245 12
279 331
333 644
712 128
5 776
356 122
48 51
76 626
555 429
25 178
223 159
113 610
681 622
534 719
22 380
344 696
136 182
683 52
470 698
83 3
623 74
763 591
702 582
422 606
490 425
221 375
181 194
614 15
708 76
533 303
637 524
477 292
492 616
543 514
737 607
515 86
563 744
357 422
328 618
102 199
364 789
67 572
158 252
579 229
651 304
201 107
274 186
489 198
454 564
536 458
50 612
637 236
86 406
3 724
656 885
545 182
518 784
563 288
258 362
121 195
622 180
503 119
344 579
116 345
559 250
510 397
735 515
218 92
360 604
76 539
603 297
287 364
336 200
305 573
423 321
30 527
409 667
296 593
218 236
640 42
45 105
403 758
3 795
436 648
82 531
258 493
335 500
214 465
72 686
75 699
159 651
778 371
102 482
176 484
756 137
63 765
130 40
734 497
357 41
397 702
488 363
586 331
709 213
377 330
351 391
20 317
191 493
622 53
714 493
741 277
539 383
100 277
194 284
210 258
536 15
219 291
766 329
24 535
114 529
157 602
428 440
319 198
667 41
129 694
247 255
378 646
419 50
772 534
33 553
547 686
241 467
751 795
328 81
480 694
585 74
758 678
770 322
611 28
294 677
501 541
738 766
387 413
62 580
530 325
467 723
37 343
387 760
96 425
281 102
695 269
318 615
344 113
245 716
81 322
532 133
639 619
671 780
692 700
34 59
4 742
427 574
428 66
162 3
288 17
423 270
784 702
102 521
54 480
568 185
702 508
121 43
306 519
642 237
225 296
643 474
12 668
703 781
77 468
99 663
420 152
100 619
223 47
692 86
420 662
577 12
447 750
650 349
675 755
639 551
607 390
564 645
254 748
577 709
154 655
537 248
799 34
741 354
632 2
637 401
408 34
10 710
796 571
94 486
467 618
316 704
248 585
353 592
793 71
42 425
472 601
266 678
146 62
758 751
637 404
670 548
586 113
727 681
41 95
307 558
300 694
273 218
4 375
401 468
456 451
64 493
500 22
49 717
461 228
269 216
322 334
97 253
175 640
406 379
731 746
222 464
194 793
586 416
461 465
377 286
380 650
618 602
613 324
754 423
438 297
777 584
439 285
607 278
11 740
108 624
789 48
229 512
632 197
587 486
502 428
93 3
186 752
237 612
721 408
432 489
562 737
495 689
255 312
795 612
643 529
94 29
507 743
460 497
146 208
375 736
645 699
194 183
741 585
237 288
346 294
528 39
324 2
227 521
317 624
442 59
763 411
398 724
689 320
693 536
21 620
340 514
28 594
11 142
226 745
430 448
646 256
532 564
753 127
777 771
279 444
126 398
406 470
576 363
796 273
294 201
357 590
388 577
385 742
700 763
468 452
564 730
23 380
642 293
477 652
260 51
80 429
205 146
793 469
698 436
126 653
514 439
133 522
683 80
87 235
698 179
736 461
610 33
723 14
350 590
682 764
25 685
363 249
618 91
615 206
702 293
380 265
46 439
538 756
559 259
130 403
679 137
745 538
61 649
221 713
682 482
671 453
364 166
494 339
538 124
228 500
753 465
698 152
108 285
583 768
626 238
709 276
234 787
20 253
393 742
696 769
108 118
254 185
577 240
572 240
415 650
534 250
759 429
412 526
514 476
145 418
761 485
262 546
324 290
325 428
394 716
202 555
263 606
683 13
284 417
793 323
0 697
318 181
787 139
742 32
723 297
347 270
648 380
360 368
539 653
703 313
484 656
374 506
639 589
683 437
704 236
393 545
94 636
739 154
107 257
413 513
