1744 163
1738 1388
1045 1193
98 737
98 861
1772 104
466 1267
750 1400
185 1751
1774 465
1 1525
922 1267
1331 900
1560 507
1431 996
63 784
104 1487
1129 1364
574 412
581 1614
657 742
1325 1508
1174 99
1633 1405
1002 1152
381 269
785 1346
878 1458
1673 1487
1516 1195
280 11
437 1672
598 767
1247 1628
1385 259
487 95
1347 1148
682 912
682 633
438 96
804 479
1503 465
148 1549
690 302
1269 522
1223 308
1426 1609
1768 1598
648 895
864 926
9 1355
1602 1167
758 508
1431 1592
1064 673
1003 371
195 457
173 171
687 34
1553 1747
996 1559
172 820
441 1179
1547 311
217 1058
857 1504
1619 743
1563 523
733 1336
641 1024
860 1110
835 1626
195 1528
1533 542
1621 1751
1321 1703
360 291
1424 6
785 853
812 566
1317 438
1789 902
539 188
1414 1711
172 485
27 309
1100 132
474 203
1160 1553
571 1647
75 229
1284 44
511 1395
430 342
405 1089
1550 353
713 998
1568 546
677 1590
151 103
1703 1440
442 1570
1562 1520
1179 456
1518 1241
1577 1160
781 938
1264 1304
876 937
1794 1321
1241 366
940 226
375 1230
1007 1186
284 640
490 167
499 691
1385 315
946 622
164 446
970 570
1206 591
1174 458
247 636
1627 1267
1081 1546
347 1174
780 46
549 642
1078 89
20 1158
1082 922
1522 1044
28 509
1042 1673
1359 745
647 945
1075 624
60 808
1654 303
744 1203
1238 1653
621 1589
408 1721
1358 62
992 700
1603 253
597 525
1354 261
232 459
1244 1046
225 1205
1 1507
494 925
720 1617
1065 836
279 175
1477 775
204 128
789 1662
1630 725
993 1405
643 1256
950 52
558 188
960 1089
364 888
398 1669
1140 114
1371 500
337 1184
1436 478
1613 1
971 299
1483 1211
991 691
1401 1293
678 1106
344 1708
1544 363
1482 108
1041 292
1599 1396
1418 823
1740 1628
1596 928
313 1122
1155 346
1012 615
99 205
1407 665
1370 1002
1099 433
658 615
232 549
1025 709
1778 1680
686 438
745 925
609 885
1325 571
1056 1462
1212 1770
154 68
234 1044
418 377
668 638
1698 1632
1657 189
1121 1590
21 54
1579 271
131 766
939 1765
1614 992
1087 803
52 1797
328 1768
1680 357
149 1048
1762 1219
379 1692
645 1591
59 144
1093 1574
880 893
1491 500
1699 1645
143 1193
197 1404
937 696
360 1335
164 76
58 1516
903 1310
696 953
1712 794
467 1488
807 72
1313 1504
389 1686
1362 559
840 698
1757 851
1132 1772
95 1568
143 1002
616 1371
160 342
754 510
941 1050
918 1436
417 1100
589 1316
174 644
903 26
1068 1058
1140 1664
94 572
373 893
733 797
630 204
1555 1626
450 221
742 1406
1019 320
744 77
1605 413
511 205
1589 161
397 1408
475 811
1478 982
905 1109
545 712
311 1558
1358 1631
941 1604
1611 147
980 1207
1146 1375
665 120
1450 10
375 536
1520 9
400 1549
305 231
527 167
983 54
885 969
1159 791
1463 83
1675 854
128 1748
672 569
1752 1093
1318 215
353 1001
855 301
457 632
1326 291
1481 827
542 1574
1793 546
1588 502
1405 136
282 1000
1249 336
624 678
980 697
985 393
1628 733
943 1673
502 1103
1588 1067
663 1019
1759 457
940 79
1143 1152
1131 1727
95 595
973 1695
742 12
1472 361
1482 107
180 1366
784 359
466 705
394 585
1700 183
725 1680
1741 1091
1158 414
1446 910
849 1466
1114 1731
686 1711
1631 681
457 1682
42 729
1475 416
1645 943
1314 542
799 1326
1178 370
1320 180
1582 1135
591 1789
1543 358
1723 1659
1000 1463
578 1306
772 7
833 818
940 916
1329 1518
817 491
258 1401
1226 1658
1431 1216
475 122
525 930
594 1484
961 236
327 5
222 858
1735 660
1303 352
1493 1640
1271 614
1526 182
906 82
1303 1320
999 1341
1289 1390
1187 1473
1724 912
238 1566
981 47
366 1072
863 691
1743 1099
260 1269
1520 717
1188 132
506 697
1501 1626
1601 1049
872 874
869 807
1660 360
218 224
324 1068
114 1718
547 141
797 8
440 678
1615 1264
316 336
1616 88
480 1716
113 490
692 1115
1193 811
1018 1436
1799 556
289 1001
1218 1317
30 766
853 29
1660 1702
1662 274
276 364
565 73
240 1604
138 1243
465 476
327 1381
296 874
1772 1042
474 443
314 1759
332 220
183 650
254 1785
1368 872
1148 1456
541 122
839 1425
37 523
323 100
1755 513
441 759
1568 1101
1677 339
736 1424
1362 1410
1329 1732
400 1511
1013 1253
1552 913
1257 1202
262 1557
781 60
1781 904
212 1738
1641 934
1718 333
942 1786
193 127
342 1434
1367 43
775 1725
456 193
490 1196
1247 1081
1080 227
1282 1097
1463 715
348 1204
898 1389
1725 577
1671 1580
377 709
1162 1431
1077 830
1415 1155
277 950
165 1561
555 312
614 609
171 1258
1074 1498
178 1222
419 812
372 1095
1115 1796
708 373
1737 1300
926 388
891 1781
88 391
317 889
944 1789
784 857
167 1070
502 448
387 372
1130 91
34 376
1180 1109
362 607
386 1378
1613 425
426 1168
1226 1511
1748 238
839 550
540 1658
730 828
100 1434
1687 710
1017 1046
1060 123
1708 1216
1240 1761
1169 1698
1153 610
1172 331
269 258
951 949
1257 656
1272 1774
477 855
647 1048
736 768
1054 463
736 389
809 1447
81 1668
748 1792
711 1646
1132 767
23 507
389 1562
295 732
1531 1623
1662 741
1157 17
862 285
595 529
1302 1475
1224 285
772 1031
1666 895
1248 90
454 53
731 850
1009 1568
1486 1654
1266 1219
1223 1587
19 410
262 1265
1542 1284
119 253
1507 1543
744 611
119 271
1185 375
441 1354
611 376
1583 1475
769 514
1181 1737
251 1775
1333 1339
1026 1466
290 1714
1358 79
1406 1251
1090 1058
748 335
1465 1490
1208 1433
986 490
666 164
1447 716
801 790
1268 690
1372 1749
1234 1539
939 989
531 934
1445 1731
1503 421
1659 864
1453 569
353 1309
126 1422
309 592
1596 452
1112 137
248 257
961 115
160 1734
73 1770
407 660
1361 741
1166 1186
1359 1352
1736 1495
440 1154
940 1070
375 1373
331 939
803 471
257 1064
663 1740
1121 1292
1147 630
193 801
192 362
1653 560
865 680
1527 579
525 1527
1356 1415
1713 1274
1329 1180
409 763
1324 595
591 1515
1703 147
764 1075
1424 975
1660 1362
292 247
303 1515
585 978
1769 297
827 717
754 1714
54 235
1361 1398
586 80
956 843
949 27
259 1583
218 936
1107 1280
1351 1064
838 323
276 1598
1527 1599
783 614
731 1773
421 1459
1523 495
331 597
1702 690
618 1622
1108 849
1617 1520
1109 1511
508 1085
943 1041
1603 954
1095 101
621 96
1086 531
1219 832
413 743
569 1371
1460 432
1119 323
971 537
1134 146
724 1409
253 165
447 344
1019 1660
1461 1072
15 792
1609 661
20 1034
1496 67
1704 148
353 996
363 1366
1488 482
365 1160
740 655
24 1767
1064 1294
629 118
471 1501
282 33
560 842
617 1761
25 839
1428 23
1112 1411
396 575
1373 1511
1040 579
1467 1657
579 32
1221 448
286 785
685 102
37 1263
120 155
1606 641
445 1403
1539 550
1236 494
1185 1036
1715 343
409 403
1796 1284
1123 1772
290 1185
1211 1440
1066 857
172 358
487 1779
1000 636
189 1237
1409 112
87 375
218 588
116 1078
1247 621
932 819
1620 542
633 1176
993 494
705 878
130 1762
1135 142
780 1096
1705 1114
923 361
1596 15
993 530
1475 554
1594 640
375 836
891 973
1064 1739
832 1635
1058 766
876 204
1067 292
899 1068
1008 314
484 1115
127 927
426 1547
1752 294
1418 562
1356 184
1142 460
464 1227
1560 105
1483 386
219 750
1674 714
1586 755
1356 495
228 272
641 1465
231 1381
895 470
1369 572
500 1741
1182 965
367 1732
868 30
1618 1303
1050 1229
1704 1334
399 36
1524 1393
1758 143
138 139
1559 1452
1534 720
441 1744
1674 339
908 970
998 177
1147 1174
1480 844
126 1337
339 1213
1254 932
11 1673
633 1703
1366 1519
797 1059
710 1619
473 499
1604 146
1791 1656
870 1042
6 920
129 1453
1452 547
514 43
1097 345
765 1360
1742 1331
313 1513
1132 477
1315 150
1074 220
367 1701
1302 706
1541 651
1308 1515
359 511
1004 250
1297 1285
606 949
809 1556
1153 1747
1230 1605
993 1758
1309 440
1030 1016
1751 1340
1433 1446
1006 1331
1538 1659
1590 824
1132 1699
1064 398
1314 1157
554 1126
747 659
58 852
1361 1225
1761 775
1432 1512
780 1771
921 1358
1014 965
1286 300
970 1514
1416 1644
1763 500
92 1500
1542 947
212 1755
607 995
1009 95
345 1439
1246 1425
1322 547
1497 670
82 1190
738 690
804 1732
1726 203
908 686
781 983
729 1004
919 1563
516 1049
1653 282
70 1249
860 1614
401 1578
1636 294
133 339
614 1051
1418 1589
501 576
757 837
1340 847
827 1235
581 146
1010 595
801 828
87 742
851 1765
634 155
1062 1651
270 455
1191 1052
1349 270
1030 1229
441 756
430 869
1036 501
68 723
1433 1117
108 56
243 1630
862 675
411 316
552 936
927 1254
981 755
790 1579
1211 591
256 1797
1610 1214
1082 1351
752 595
663 1327
826 1172
882 1696
1637 1733
1033 208
987 1043
123 1232
57 863
1409 1485
476 1626
1074 1329
643 1283
769 1495
1720 874
498 1674
1721 440
1642 1584
1275 1781
283 56
1798 822
1046 1309
123 465
1579 150
1561 190
396 1492
1103 364
257 1623
324 1012
68 1045
1731 1678
796 1192
259 1391
1519 1563
194 1548
1631 289
617 1037
1488 1066
1418 881
1192 650
1198 641
1020 1248
379 1740
68 0
482 1111
973 1365
271 1734
949 1695
1738 756
315 1036
459 1219
1163 1207
1746 696
1641 1498
1444 286
1526 280
570 1565
1270 1548
59 1198
1738 1503
705 671
704 130
1649 1686
864 1705
124 651
1074 96
1323 614
1187 589
1239 914
143 1713
454 1157
1288 692
1098 861
468 884
595 832
236 1410
997 1559
1137 233
540 617
578 180
1195 616
328 1570
205 194
1338 0
971 1495
636 1668
1379 1425
298 306
1689 100
1123 837
192 1724
1521 1723
1177 1614
844 877
996 804
166 1306
1004 1440
345 87
317 1515
1549 421
129 491
446 1759
1391 1127
1529 958
1565 1752
527 594
892 935
931 632
314 1181
1221 1403
638 138
1769 1792
331 517
1025 562
471 1253
1263 1286
14 834
1631 1212
887 1435
1641 571
592 941
1124 1688
317 1076
558 691
1476 1753
216 1422
804 1240
686 1706
1356 1173
1501 1735
256 1043
740 1160
1629 1152
821 1314
1758 1585
1573 335
1695 877
471 1754
1335 1008
1327 41
955 1023
1633 10
636 938
186 1508
1059 811
871 979
947 1682
826 223
1340 1066
59 226
1696 788
1394 980
614 485
1122 725
76 1463
377 534
1138 761
77 748
274 140
241 1570
291 1715
180 898
1556 437
354 359
1437 307
756 1754
1290 1000
1011 119
185 1562
858 1028
1098 684
1065 710
534 549
1150 1727
1432 737
1614 1648
681 1513
865 1614
376 569
1355 84
1205 1415
782 1301
382 1123
1565 493
427 1055
1036 1371
516 1604
1371 1117
883 1678
1425 96
796 1526
1029 401
801 1114
8 1637
953 666
966 938
352 754
372 1552
650 103
707 424
1401 1496
34 95
1255 1627
426 206
109 176
914 1370
585 1374
203 1651
918 1304
278 1771
1134 740
1330 1620
1578 984
1121 1526
1786 473
954 173
1463 201
1665 1003
718 1564
186 1727
1080 927
1670 289
1244 558
1092 1728
1078 1785
1632 555
288 1690
153 632
1782 325
891 1596
1680 36
1125 16
1713 222
1790 604
1261 156
337 610
287 1632
135 1386
1455 1090
1451 182
995 1464
184 385
725 1521
1359 105
1794 1270
1573 309
1330 1141
1705 357
459 1660
1003 1437
704 959
1784 173
55 301
1522 1456
720 765
429 1319
378 977
716 386
1360 172
185 554
824 1469
1779 597
1243 264
386 1615
1696 325
846 666
1420 1320
1485 594
252 1708
196 424
1315 292
1509 888
838 328
1622 289
1645 1416
730 112
1380 1544
265 593
664 1752
251 1372
1005 535
1073 0
291 716
308 1039
1034 152
1671 781
418 1267
1135 1277
509 1609
60 690
840 817
863 1623
1780 1730
1635 1253
1747 1706
320 199
1142 637
1530 930
436 710
840 262
652 141
985 1755
1115 1357
1689 1274
1049 817
448 242
1398 194
1756 284
810 735
501 163
146 154
742 283
1223 819
324 341
728 1708
566 60
175 47
668 1111
857 135
1348 51
367 930
1456 1180
698 1056
540 745
572 796
307 1105
969 619
1353 1421
1531 1653
930 756
1261 1503
497 853
1247 451
342 468
169 525
55 1532
1123 1714
1383 37
32 287
1243 795
195 1595
33 1539
1674 291
1020 394
1183 1416
1426 1587
262 1638
1126 957
1136 643
921 1519
1205 1098
1204 1449
1657 932
440 136
1197 163
486 365
342 1562
419 1244
451 1155
1675 292
616 966
1111 1319
175 1043
1025 1751
830 989
243 259
195 1779
1695 1453
1540 1708
681 794
1484 303
1721 1677
1000 1252
85 1696
1383 177
11 1752
959 221
1652 1219
757 1195
124 977
780 1164
446 396
1495 708
909 414
145 1671
1021 1758
737 1407
1375 1686
228 1197
699 339
946 1513
1016 1386
1667 1752
1583 204
794 1418
1630 926
383 548
528 1255
1275 704
993 1222
1564 1359
504 744
1737 345
685 1179
175 249
1505 795
201 1311
637 486
1166 1427
355 957
189 619
281 1265
1515 1593
652 1688
1621 1388
1624 1571
913 1410
157 501
822 1055
438 34
1541 1628
788 913
647 678
879 280
1493 1634
1148 1178
1343 1659
281 512
988 943
1477 1033
1768 1108
374 1503
60 258
1218 608
1286 1557
1399 757
1193 722
1510 267
1632 1411
1225 1539
692 1281
254 208
534 773
835 1725
285 1635
1057 1048
384 1571
1310 231
1776 421
1218 710
1445 689
1611 1049
1513 496
1236 1148
897 1402
688 693
959 437
1588 1370
829 1750
1499 61
204 1400
91 1713
402 1638
300 519
66 1326
841 1290
389 1173
559 899
559 81
1162 425
1133 550
847 968
522 160
300 685
792 346
340 1652
275 681
1047 223
209 913
789 203
1222 601
1115 528
1716 437
622 1341
1168 1752
693 837
296 108
1307 1106
1264 688
1041 516
187 1604
907 1270
1095 292
1449 1654
857 1391
445 503
192 243
1212 989
837 1166
1629 708
960 731
639 28
1054 880
904 365
726 504
1095 172
1699 1690
667 1791
1483 692
724 515
359 1117
663 1783
899 694
464 1052
869 1772
216 540
978 46
981 923
300 149
1504 1111
1752 132
1714 208
835 837
1392 1443
349 1174
270 969
934 398
1760 7
252 864
763 1369
887 1187
1026 1040
211 899
1732 1206
1069 376
186 1226
369 1520
1462 1164
24 292
1328 838
1743 1188
234 540
594 1416
1547 1034
1375 36
577 1673
679 206
959 1334
904 1591
1750 1511
1133 644
1048 1467
215 1761
1775 117
92 817
1788 1395
62 1492
748 201
1055 157
869 1622
1552 838
1326 1496
313 746
76 1121
1234 1383
1201 1501
728 503
1542 742
428 937
1106 1566
901 1409
1155 360
630 960
1144 1132
1698 25
665 653
915 450
598 449
1385 371
1541 1196
592 830
1735 137
819 2
1297 927
765 1662
209 1475
6 1575
1702 1248
1146 1374
1074 15
421 1249
1028 1324
243 348
61 1672
852 1364
1581 301
364 1144
590 1329
1649 172
909 1305
414 1139
153 257
1220 544
1300 1086
903 1641
1742 657
1511 849
561 1728
1197 1417
1376 874
733 138
160 142
1332 1185
1032 256
622 1487
1629 210
578 1068
1518 763
1402 680
1527 391
930 1133
456 1787
433 1445
1125 115
525 1291
497 658
1297 928
699 396
714 781
107 1539
1271 336
854 269
22 1285
228 710
1012 1458
35 943
36 631
540 347
1489 1600
1772 522
1431 800
1221 180
475 620
1394 83
1378 1577
34 93
55 1274
35 1157
1582 26
360 69
1478 1267
1445 1426
1596 729
271 932
210 839
72 881
1542 1403
1488 989
1751 1023
1632 775
802 1399
816 1443
554 1227
1625 1568
1582 480
1340 1733
1125 135
1576 1085
436 489
1203 1099
1256 1445
0 668
687 1032
311 672
1281 872
858 1364
340 1717
1379 1448
1685 276
443 328
1226 978
1277 1305
1732 433
1761 1241
58 346
493 1267
856 687
734 1718
950 1267
1276 1754
1797 969
35 374
397 1518
742 1456
1658 708
1030 922
477 1011
416 661
1487 1102
612 437
552 1752
65 329
293 993
1126 1165
1647 521
260 1510
1624 911
112 1689
865 1006
108 1616
319 133
1781 330
1093 97
695 1534
1634 1602
1692 668
314 71
1692 1560
1091 822
1189 628
238 1204
420 96
93 813
228 1257
60 1449
339 1555
1024 1460
1157 1172
620 296
1111 1575
50 1080
1605 354
862 891
696 636
958 1259
1655 1054
1606 258
54 1677
1265 648
1180 73
1161 132
646 1030
1047 1164
1273 1300
1798 506
293 1373
626 1437
757 2
1414 257
618 1418
1299 500
991 697
668 14
136 1672
54 348
475 47
518 1793
617 740
1026 442
526 758
745 148
483 1123
582 429
893 954
807 603
143 1149
757 893
442 543
244 1156
804 566
554 477
590 1165
709 1550
176 153
1540 1226
1183 1542
1127 1179
327 1589
1323 1683
747 828
1773 775
137 1714
1176 1001
691 925
130 336
1000 1618
768 190
129 1224
1146 86
343 1314
626 1159
1233 479
669 1490
67 1608
388 1412
1755 1333
220 992
1061 1748
1289 1500
1375 1447
266 174
198 193
645 836
623 357
403 173
1602 242
1518 750
1528 543
151 1684
1157 815
1133 411
760 905
1216 746
1536 1151
811 652
785 137
303 619
220 190
1412 1650
684 1038
842 519
629 726
246 1747
1735 1400
1249 904
1768 1583
1170 1430
207 884
708 641
84 1496
1682 107
1070 799
878 681
124 597
673 1421
813 280
644 1752
100 1513
1782 969
250 992
198 519
263 291
232 1223
971 330
1581 1178
1327 1459
554 1349
1665 1573
1179 1750
1252 1099
840 1353
542 703
197 316
19 823
1208 461
1558 1441
1316 166
824 567
1730 706
929 31
1471 1671
1739 538
976 408
1183 1663
17 213
1007 1635
1246 969
1786 359
849 856
1590 933
546 1123
1607 256
1141 266
1294 200
1012 572
949 1295
1469 1310
390 987
1575 406
979 1440
1454 610
1649 785
1478 738
1038 259
148 727
1401 119
1079 1446
864 1545
1021 373
868 969
1203 289
938 1230
1213 970
1531 1498
979 995
978 1662
956 1154
957 602
44 800
1525 1561
1769 629
384 1719
1155 275
1518 1184
690 1061
1552 1567
1234 357
460 167
1081 935
