107 1667
1143 397
1610 1980
497 1842
527 851
1975 1458
207 527
495 664
502 344
1669 583
157 1362
0 807
1130 1728
976 537
967 1943
580 873
539 801
696 1311
932 43
1435 978
1254 1611
254 1642
988 353
809 1776
1309 1960
1448 532
955 921
450 1898
693 957
938 1619
1917 221
1726 1283
995 552
1821 772
79 576
1654 999
846 721
155 1170
804 1359
1972 1562
1568 555
800 542
573 97
1734 1357
1332 673
362 1030
1887 1977
1196 1770
1209 827
234 416
1 1232
1413 213
1645 345
641 1693
1338 1725
1189 1931
1378 1780
947 392
247 606
1634 1524
1515 369
1654 1606
594 1502
593 289
1327 1791
1187 1222
91 335
1005 1488
597 325
564 528
643 895
1856 1637
1430 295
420 359
12 1620
1256 1105
1582 1408
1906 1033
698 1377
803 1261
1915 1367
189 475
308 161
834 1916
1628 1836
1352 207
1938 1017
857 1566
1746 169
423 415
832 1463
1357 825
1697 1267
1376 577
746 39
1732 0
1712 295
1051 370
414 1978
504 910
980 1375
146 381
284 1198
1396 537
1913 1613
1505 1188
1720 571
5 1121
1688 1148
1558 1682
918 114
25 944
385 68
1569 129
1837 910
147 425
419 1524
725 383
965 628
1156 282
1918 1287
181 489
8 1188
1267 524
712 1986
1719 1650
1619 1015
1382 1839
564 401
84 586
54 96
1238 1953
1643 751
1589 489
1743 733
591 1781
1079 1756
871 434
19 678
1836 1726
1043 1798
327 3
37 74
255 1491
1452 659
839 273
172 1382
470 1530
322 675
1239 1950
1537 927
1367 1343
503 976
1675 709
190 1572
1972 1275
1934 1438
1179 1705
847 159
279 1471
429 1517
686 1291
1172 1058
55 1640
1691 36
1789 211
1789 1260
1760 282
1282 358
1110 308
1644 1236
255 375
173 414
182 826
422 74
1011 1975
1882 1636
1069 652
626 730
1085 767
1657 7
494 1244
599 314
208 940
475 738
443 1315
290 264
1025 246
836 1321
956 1880
109 1678
1175 1760
25 1514
1113 1544
1609 1232
267 1380
178 79
1115 1996
276 235
1801 760
1400 456
399 88
1411 1445
1261 1293
504 1763
1090 87
793 369
1623 108
589 470
933 770
685 1321
1831 1449
1897 128
634 1976
936 68
128 1186
1356 989
884 1189
964 975
1928 495
315 657
395 1196
173 406
566 289
858 1385
1109 927
1139 122
99 1684
1298 463
1214 355
1862 1529
1929 1198
955 1621
1552 1310
792 1658
1814 1296
82 726
1803 1275
254 1600
1353 1745
1636 825
1086 66
799 1397
772 1016
1473 1343
1851 1379
1523 238
1336 849
649 1570
1846 1720
1348 474
1947 1252
113 310
1574 536
976 1668
1684 610
735 682
210 1248
772 415
1805 1209
697 837
693 474
626 1062
224 381
1226 1147
715 1159
1291 1539
747 1711
461 1030
1313 1494
406 1831
203 1063
863 943
1928 189
1351 1099
68 1243
32 1204
929 1964
663 1255
1206 168
1250 705
401 1375
706 1321
1993 1829
1512 1226
815 90
836 1371
50 1477
88 1884
1201 1260
1771 1183
59 1891
1785 209
1698 1598
200 1236
382 821
245 1354
830 1123
1901 1600
1402 1803
1544 1716
1572 1736
1791 1557
972 478
830 1974
1923 1698
1733 1070
1111 1827
424 1903
1628 1028
870 1408
1084 472
711 746
1254 1736
1823 1979
1906 787
447 411
260 915
123 169
47 616
837 1664
1536 1939
1240 1867
187 401
929 802
932 642
1624 145
84 469
220 499
1675 1506
1004 720
132 1331
755 1808
1364 176
1483 1275
476 1941
1857 1598
1071 978
1033 540
1277 416
1832 239
701 699
528 281
1625 1408
1065 364
1523 356
473 81
1814 1310
262 1241
1911 1154
531 430
186 843
1127 1189
737 213
1563 3
383 276
993 1881
891 1636
594 893
1088 1822
336 358
1281 1315
954 564
410 1208
654 953
145 1918
1464 1368
492 797
1497 425
1756 1597
1987 806
1942 609
176 245
451 560
3 289
1773 497
1670 359
1850 1810
162 1307
645 1253
189 1029
1863 1768
1630 1404
917 1312
604 396
931 177
868 215
1766 1435
1545 374
1767 1508
1734 521
964 1807
1775 611
1552 7
1558 331
1739 714
1577 512
908 116
1224 797
1498 550
804 245
154 803
1491 555
947 871
1777 272
1629 1412
1616 57
1464 1131
160 381
1593 1779
1897 936
255 585
1557 1855
276 1877
1963 481
767 1444
854 1637
1366 407
1588 934
1824 1784
682 1224
1913 1716
1189 549
655 1417
699 1545
1625 381
1072 1590
999 88
836 373
84 1536
1130 1866
1688 1839
1172 1202
794 115
1674 1404
1491 113
1337 1089
653 295
392 833
1243 1949
1109 1611
1058 1335
1806 793
821 1962
924 1494
1790 72
1770 1597
1512 362
1331 1311
186 777
1097 865
1598 1016
354 191
1215 1842
1661 433
1552 12
259 377
490 966
1160 1557
238 1923
1424 327
1880 210
1790 1326
292 1737
536 113
490 829
694 104
885 321
1673 1607
1602 904
553 168
84 424
1271 964
276 1085
1553 1325
789 807
1412 1595
1318 1586
267 1377
960 288
1029 747
415 1813
1509 119
238 638
371 1677
331 814
1776 1580
665 1479
934 1314
644 1681
526 103
80 1579
91 247
474 827
1252 1082
416 1603
1088 626
1788 195
233 1552
1403 308
226 1988
1389 1496
341 1679
1893 300
1253 534
1647 1638
610 1430
1745 193
827 1022
1930 18
190 1357
888 855
1291 1657
1206 635
1079 617
129 1592
251 752
1644 1865
1644 1926
1034 1771
1430 1461
776 1344
1586 861
1101 47
1639 1988
1705 203
540 766
187 446
140 1012
367 498
1410 1876
20 285
611 597
1340 182
1739 902
684 1704
1279 82
659 1330
1554 945
184 152
707 446
828 90
547 896
350 1038
1541 840
1405 28
174 1990
216 455
700 1752
1617 275
755 833
17 887
482 113
645 1265
277 54
357 192
355 799
149 498
327 1801
1765 714
1180 392
1955 605
209 1268
736 26
1660 1293
896 1251
1115 60
1723 765
101 903
1649 1456
1567 1713
1962 843
619 1036
1162 1191
1691 1931
740 1526
1331 521
1222 1368
156 1104
946 1946
933 135
1932 1323
420 539
127 124
283 1672
1947 1876
661 132
937 845
831 1640
1695 1215
1699 1084
910 1126
1504 110
616 1922
1222 895
736 1259
1853 1850
906 1343
421 209
177 1306
1287 486
935 529
859 1540
839 875
435 407
1958 1260
245 414
1624 1183
1302 763
1967 111
577 1301
479 946
1030 651
716 338
1728 1828
1957 1994
111 1223
666 506
1748 1716
1367 167
987 526
789 594
306 646
278 531
392 1781
1487 466
1137 853
994 1073
1718 125
664 649
713 1831
1022 1472
198 1263
871 628
1988 1082
399 999
459 193
575 1207
1648 1240
332 1000
588 447
954 192
1883 1285
750 1422
736 1972
1394 232
165 605
721 0
639 225
1762 1123
385 825
1233 1566
1655 1266
728 29
243 920
814 433
325 1198
1830 652
1714 1608
1208 1068
199 1605
220 1506
119 92
1282 1359
96 33
447 538
812 692
178 16
468 167
213 264
1614 1162
1263 1682
311 453
358 1803
1739 1137
210 1679
1985 691
556 1724
804 1494
1125 1327
332 964
995 1342
1548 1233
518 1585
484 276
1193 1742
726 930
1460 1855
1573 89
1710 1537
154 230
1872 1292
1233 99
645 122
1296 672
1053 166
1767 1245
113 1219
1282 1122
705 886
1660 348
680 240
142 836
1649 12
1269 460
883 1858
258 889
56 869
586 1768
1227 1999
1102 591
320 439
869 417
605 940
357 1516
342 1649
1584 1603
7 1973
1563 675
1082 1694
650 661
1816 1025
1191 1439
444 1920
882 407
867 1696
1810 149
1568 1190
1338 947
1964 878
566 436
394 1512
1988 1182
185 95
1504 1317
1282 1079
1144 309
1265 883
1790 1900
449 544
1164 114
1264 865
497 775
594 999
890 775
1089 797
1596 1708
1777 1422
1373 1808
1794 1779
1186 1500
1055 1277
1427 1186
307 747
939 1188
891 313
1148 240
1766 1269
367 1641
745 1263
777 1890
32 156
377 1353
879 1975
525 877
1574 613
1732 1582
1267 1059
1071 1328
353 478
1041 315
926 1455
1718 162
442 417
1743 46
971 240
75 1943
1165 1472
1553 1695
167 1431
394 1162
1322 1800
1707 653
306 317
944 1906
1871 336
1157 1525
1325 870
221 719
1775 1721
1590 1724
1434 1920
1540 603
893 77
857 1281
1023 546
1910 826
1601 1505
1131 1198
866 1263
666 1164
81 628
1386 262
1133 338
39 920
329 1488
87 1014
907 114
472 833
1379 1622
660 405
361 253
870 114
1871 1235
775 533
1733 1054
1169 1251
1580 127
1029 1889
786 616
1767 355
1500 795
1847 1903
82 1962
187 669
947 464
1143 430
1722 746
1359 1349
1448 1668
1235 966
913 156
425 1290
1843 1573
697 780
16 75
1505 67
1661 1485
313 349
770 428
1105 276
834 270
1158 847
1909 959
1523 904
865 678
1748 613
1176 1439
1926 1221
938 74
795 266
1994 527
1817 1245
910 1163
1266 1698
209 1740
1614 681
1443 550
1428 1774
448 1071
120 590
653 1645
1854 118
1758 1818
925 9
117 1761
894 1902
1430 1352
259 1780
1222 553
805 1155
65 527
662 1313
1786 1177
1670 1597
125 1422
480 1851
1361 318
1140 1677
1193 49
1424 378
857 750
1703 1597
1254 1290
1412 1357
22 1739
1143 292
1143 1655
493 47
1819 1790
1935 1233
1169 689
1713 1140
863 413
203 781
1339 1896
1396 378
1129 1191
1353 1403
1855 1353
830 1467
1748 1700
1467 1897
1734 954
1096 871
683 343
931 1422
752 346
1326 1852
1149 1662
1558 508
1273 1443
525 1152
826 558
633 1116
1492 458
966 306
963 1561
22 38
1780 507
1273 1006
781 1129
1864 1928
477 1695
1674 520
46 484
362 412
1303 487
752 1501
1358 727
1467 356
779 1951
544 1655
1447 429
908 591
1267 1902
1429 1175
1989 1959
1247 1651
1550 690
1243 843
1127 1443
1322 1250
489 902
1583 1607
1115 904
1058 583
230 734
256 525
1781 117
336 392
88 1575
1793 615
1000 1047
1599 771
629 169
1748 1161
906 49
1995 1379
66 1910
687 977
852 1139
338 409
938 1162
618 553
1264 1637
1830 261
1655 107
831 305
1865 1626
393 860
1847 1527
1721 119
1517 1632
640 1681
1063 314
1589 1872
1070 1468
1488 1790
1499 599
499 1454
1740 928
1955 889
692 1148
868 698
1660 1351
1012 1490
791 960
1565 1416
324 1557
1982 1457
188 1526
1475 151
1083 825
464 1866
1580 810
397 1520
221 476
1451 602
898 768
245 1076
1941 1536
1842 1880
187 345
38 1217
769 819
584 39
1669 31
1294 187
1490 1676
1429 624
339 421
1101 1588
952 1338
1953 794
902 666
324 598
1801 1290
1959 564
21 1028
1719 1125
1354 495
259 406
1126 1223
1243 255
676 329
1252 678
1122 1566
1208 1693
1328 129
362 318
676 270
1991 129
1291 568
1896 1496
410 1671
1092 520
1954 285
1202 420
1170 340
76 1751
1446 1078
128 46
78 663
1088 144
1145 1811
89 1067
128 1184
400 603
575 1983
408 1961
1630 1941
209 335
30 736
922 292
1374 1816
1703 1128
381 596
286 813
586 790
1243 336
1928 36
771 1555
973 276
1221 984
1674 1539
92 1036
1236 258
594 1613
1840 29
1375 137
1630 1737
879 949
140 1594
1521 1735
1820 1006
1211 1633
768 602
43 1131
1729 1935
1720 283
766 952
1000 1251
226 1746
43 1511
590 88
1652 1417
694 10
1847 1779
1448 954
1150 1072
550 1988
533 344
837 903
1190 759
686 979
399 600
33 1121
1103 1651
1706 1881
1888 304
60 1252
637 1990
233 1280
661 1077
1540 1481
104 1484
1549 1194
1902 1704
283 1344
615 1962
953 1670
1117 1620
279 18
1109 864
1073 348
805 316
1164 870
639 582
1836 269
795 687
1012 251
1092 927
1941 1877
1897 1014
279 1208
1555 346
69 315
821 610
1570 1729
15 862
346 1645
622 560
1060 562
1918 747
1283 1975
1167 982
764 99
1589 1725
33 1978
265 485
1212 1428
1949 1034
264 454
1069 1287
424 1072
529 1328
955 146
1487 1647
1767 347
429 1546
834 1008
1076 1837
880 1014
912 458
1511 620
1844 425
382 167
1386 1277
1764 683
1032 1350
301 1507
414 1180
438 1662
1980 1710
1802 38
593 1239
1133 14
1790 25
197 1239
472 1097
1401 31
1500 1655
434 7
206 1929
750 719
1114 1955
291 1440
411 820
896 645
233 352
511 1015
1021 54
1959 884
1648 493
1566 1707
338 1424
812 119
999 739
1642 182
28 1600
1770 804
1111 1619
1824 41
779 1774
301 475
938 1498
828 801
1638 667
1061 342
1216 894
1456 534
1106 1393
1684 473
1720 1967
1405 1128
1496 167
1387 1584
754 1929
855 530
1715 1052
961 1509
884 974
724 969
351 473
187 569
1601 1758
1245 12
1019 1378
1604 71
1539 1345
1356 1731
391 963
406 1798
1265 297
540 1921
1094 916
1439 1269
1913 403
1788 307
157 630
1437 655
1175 980
859 1200
1681 1061
1809 1959
491 1085
1101 393
1549 534
511 794
1991 1800
1172 1272
681 760
444 753
1006 58
391 1314
1107 1348
574 158
406 529
446 1367
1497 1503
1839 1739
1078 694
1443 830
317 165
298 1216
1000 410
354 1819
1423 173
1004 172
599 985
1737 1499
1174 1145
1604 552
498 1484
632 324
1943 916
1618 681
647 1632
1298 1207
59 1779
1963 861
1112 145
1962 336
1805 471
1555 922
969 1012
1446 1058
681 1159
305 419
1439 230
1647 1724
1086 1608
1598 532
1586 1264
1166 1752
492 902
325 1411
475 1380
1360 345
343 570
356 175
1798 1678
1427 1114
1873 1203
1386 306
801 853
1606 787
1587 527
86 225
1131 1913
1340 1141
1476 241
382 1176
1397 708
1977 1754
1136 1705
1429 1104
628 1291
1283 1640
1570 754
1890 1786
1708 1532
1201 1804
1481 1788
64 1250
1446 271
79 1473
1286 552
1320 927
906 1623
24 936
44 1770
168 1727
965 192
138 767
623 1670
1039 189
1908 416
485 1965
149 1749
462 1501
1095 375
1003 833
1639 1550
471 1276
30 1569
1521 503
1664 32
1170 690
1391 736
1628 5
444 1988
1395 721
1901 1972
1589 839
586 1949
1764 836
1954 1765
1509 1161
1898 1625
1489 99
693 868
393 843
1536 414
1046 1419
676 896
494 1083
1630 1311
1283 1416
171 1405
1781 881
285 1879
1368 1133
923 1563
272 1228
980 779
584 72
35 503
179 519
559 1978
1210 1104
730 1875
931 712
1785 1517
1346 1832
290 1549
922 1949
1473 585
780 1451
502 1504
1792 1983
1960 1785
1458 623
1053 1275
99 192
1569 1606
112 405
1891 45
1360 254
1904 817
1430 708
1015 1243
902 1791
75 69
709 755
39 757
1546 69
43 679
48 813
1605 86
1565 1290
1083 23
173 796
1013 1843
599 722
1016 1023
305 1472
252 409
432 1597
622 1776
1159 455
786 528
1824 291
1217 537
1401 981
208 284
102 792
481 241
1557 1018
706 1688
1294 1047
1028 762
536 593
1670 1915
1209 105
1887 62
1302 620
219 1988
184 1197
1805 1059
576 619
1266 1712
177 639
1542 985
299 1140
192 512
616 1795
1368 1175
191 377
1641 1669
1686 1960
706 259
357 1895
982 1622
1526 1846
1651 601
1208 419
1312 614
1810 434
479 1024
1988 557
386 16
1162 1783
1594 395
1114 1902
362 316
1628 381
1450 323
9 1787
1575 1321
1484 868
664 1439
1174 673
1036 1923
1726 1718
1727 1421
1781 1256
811 828
1366 634
843 40
268 979
251 580
1311 1853
411 130
422 1020
1779 1650
512 824
1584 1833
1550 1369
459 1178
55 1759
363 803
1871 780
1233 743
1522 574
1858 723
1995 1900
754 1151
945 299
1594 244
1440 1198
1580 1284
1157 985
1406 1194
1971 640
1058 719
1460 97
1446 662
1529 1386
1575 165
1314 872
544 160
169 1981
1601 931
376 1869
235 444
1851 1589
967 787
1792 1865
1734 1832
459 1497
323 903
630 495
1989 1929
1286 919
561 1034
1656 827
1996 1587
682 602
717 164
1831 1669
1505 1616
1962 630
985 1620
1428 541
1549 1909
712 1272
1284 1253
915 925
91 626
1929 1880
1827 1547
650 444
520 784
1236 792
1515 1573
946 183
1 1858
1410 1619
4 906
501 1608
1735 278
687 289
1751 638
1438 1441
461 1955
951 1599
625 12
1835 255
232 459
1337 729
253 746
958 217
878 200
1223 1714
317 10
279 1263
839 879
1347 408
1234 1957
523 1021
639 1730
964 1458
1886 368
560 231
273 535
1022 1683
905 408
1294 813
365 1236
1117 1110
777 759
830 1622
1426 1365
1642 1985
1927 335
318 1830
1124 577
755 1076
528 859
171 201
919 1450
487 1145
82 1458
262 887
1457 1019
1047 355
922 181
1487 48
827 938
6 1
1612 526
780 687
1744 1125
665 1673
1818 241
338 1129
1021 406
568 2994
1085 266
300 159
1521 234
1965 1046
889 349
1650 487
1362 1628
1530 1092
777 1208
893 1576
1154 363
278 1280
792 361
1882 1303
881 708
1097 1034
1756 527
1344 906
810 1370
169 1743
1863 397
320 1833
243 816
1698 130
1409 1383
324 1216
1132 1067
285 1478
497 722
49 730
253 369
523 1601
467 680
855 1127
1930 1723
953 1275
1105 1585
477 262
528 1014
1196 1228
349 1899
1991 843
71 157
1220 817
50 1411
1186 1210
463 1809
1370 230
1335 473
500 1577
549 721
835 428
125 607
1934 1298
173 753
988 1653
78 570
1243 1342
1766 1303
605 515
206 1295
1520 314
1963 776
1849 1308
1500 1511
748 37
830 1359
394 1656
1807 1931
647 511
1789 534
1302 1904
234 1671
1060 860
1247 27
222 1585
986 859
736 1151
341 1868
1756 1239
740 516
1842 1262
1611 922
1362 1586
698 743
1883 1268
1990 1529
1903 195
1636 87
581 1129
181 206
698 1295
1849 697
1270 732
833 495
487 890
1445 167
684 1353
574 822
1647 1469
1634 1753
447 819
586 398
905 1841
657 172
563 171
1211 244
854 449
1583 1375
869 422
211 710
382 1371
1123 33
1435 26
477 103
1205 1823
892 964
503 688
1262 1561
746 894
564 701
994 1811
422 1936
1252 1915
465 1040
1186 1008
559 1157
853 1341
97 1800
22 708
1146 529
1977 1115
619 124
1862 112
1622 1005
101 926
258 987
1765 888
1083 1608
1562 98
1426 1697
1521 447
1128 1120
304 1188
1379 239
127 1835
1178 1927
1357 1124
1443 1798
465 247
951 1551
1326 1589
1502 635
209 1964
1052 286
250 824
903 645
1541 1510
1028 1995
372 132
317 1402
379 1509
114 1950
1511 464
361 405
732 1544
291 227
889 551
1564 226
154 1619
1934 1207
202 66
931 1520
675 1994
1045 25
1012 449
1845 685
317 1571
1716 1018
458 1362
208 237
458 1896
1054 173
395 1095
1169 1268
1027 1778
1077 599
669 1541
1035 1094
1663 254
545 1887
612 143
1484 349
1914 235
1269 1566
1930 366
653 147
1120 650
1838 1712
1302 155
1376 35
241 492
1189 145
1847 323
898 1900
1484 1991
1258 705
1544 1794
1144 1613
1046 833
1384 1776
539 552
1827 1098
241 578
1174 65
1408 487
382 85
808 1062
1986 490
1325 1105
1292 37
1743 1192
149 210
740 1038
1612 562
1461 1464
883 1010
658 1412
1479 854
354 534
1674 1876
796 797
1230 301
1163 1316
159 663
321 468
622 1269
539 326
1414 1688
1821 1335
1709 1918
1994 69
1369 1625
1665 838
1356 1179
375 2444
861 254
1778 1684
559 1999
985 1970
1593 393
382 1947
1360 37
1045 961
357 1429
1313 1214
631 41
1451 989
953 318
1730 870
1358 628
1020 1060
1792 1738
810 1605
1984 1656
1129 974
1799 760
1845 1159
1771 113
1432 730
1838 1234
400 916
32 1224
1615 1541
1301 316
924 1994
1154 1932
1846 1716
1600 372
681 596
1522 1689
953 374
563 786
1627 1527
1577 1331
1876 677
1815 1079
440 545
1806 713
1572 403
1314 1455
168 27
811 1044
956 1839
354 144
1795 102
1004 1127
781 1935
1987 1803
566 319
639 606
1964 821
1779 504
894 668
1124 177
943 525
1221 683
1178 1245
1661 399
1136 1018
170 1363
876 1774
271 69
1128 94
185 1143
264 273
1823 1479
580 736
1511 361
1556 1399
1942 371
84 533
1679 165
1206 293
477 563
134 409
236 288
921 1584
97 456
63 277
537 1626
391 1156
1759 1665
801 1208
1752 1150
383 358
984 884
1173 1136
407 1935
704 1175
1614 33
947 1600
1419 635
1532 673
821 404
1829 1961
1257 89
630 969
418 401
1751 1699
311 508
1075 525
607 1064
793 226
976 287
1132 1510
1956 112
1530 515
44 1144
1674 1476
175 1245
1406 990
59 1127
632 1734
637 1403
1961 211
1915 709
1173 385
1166 674
1202 1103
1869 1448
1455 1686
1412 418
1968 1366
1604 1131
104 1294
1075 1078
928 744
932 1640
979 687
578 1283
988 477
1590 1679
1447 790
265 567
1236 1051
1123 862
667 1867
449 1356
1641 1052
932 344
1992 786
1654 1492
140 458
472 720
970 1094
967 44
1475 629
30 845
862 1886
