72 179
152 196
39 68
149 34
174 180
132 116
26 67
123 139
99 50
60 20
19 3
139 163
48 149
155 151
0 78
111 118
88 98
122 113
89 72
116 51
135 43
2 91
175 181
121 104
157 159
134 20
7 14
53 73
162 32
84 41
23 109
42 114
121 104
10 53
93 179
150 39
166 138
122 97
133 136
159 162
146 71
96 77
9 11
108 61
171 5
8 148
128 198
72 163
86 65
10 76
89 75
104 67
119 150
112 67
143 97
73 13
141 19
60 106
60 46
37 130
153 57
164 142
199 142
20 87
61 66
120 129
88 82
117 162
22 147
88 189
8 186
140 179
75 170
128 113
188 115
139 148
173 32
173 41
81 97
83 97
63 95
38 105
150 70
17 184
94 76
181 138
22 136
60 170
176 38
38 132
5 95
138 96
38 28
117 122
96 195
0 38
139 155
153 80
127 194
185 10
132 62
125 176
29 79
59 77
15 51
27 136
68 36
175 72
198 4
169 12
130 88
192 152
11 155
149 98
144 17
128 83
155 172
179 25
135 67
7 48
53 110
51 128
91 79
14 106
106 194
149 45
146 69
133 189
140 114
191 115
59 57
123 119
32 114
186 89
81 169
28 136
198 18
26 34
32 116
42 154
149 10
101 47
100 196
118 65
105 156
73 142
134 101
141 67
7 62
167 94
24 107
101 96
125 12
124 16
94 95
135 42
156 145
92 55
164 106
108 182
176 55
167 24
108 8
58 33
116 73
126 91
175 126
174 156
151 168
93 23
184 4
81 176
147 99
72 145
167 36
61 50
26 125
135 69
121 32
71 127
146 114
76 67
98 151
12 16
104 145
177 139
5 56
133 159
94 123
156 275
116 5
56 78
18 52
1 41
32 191
89 45
35 99
35 69
104 154
137 83
